-0.4011385199815532 -1.257535204312655 -0.9755858195925136 -0.1686997301660723 -0.3853654248793255 -0.5624320100747783 -0.5847350198467847 -0.4356858375810761 -1.038794955511882 -0.8793426673850393 -0.6696530000000002 -0.713706539136319 -1.299053849257104 -1.156443382081381 -0.6817925130598228 -0.5533541699341515 -1.077995857080885 -1.20527435725294 -0.9473134465718042 -0.4853536787541219 -0.2004158206327984 -1.092561431451373 -0.7914688809450149 -0.5892371859898133 -0.8227407987349552 -0.8506651931441414 -0.06223260492725156 -1.852697301519181 -0.7441081695643715 -8.420389948453881 
-0.3850181463380491 -1.259781010132553 -0.8733095792174849 -0.156522172680982 -0.352668008717311 -0.5898803594731764 -0.5653561198467847 -0.3296189712444106 -0.9188304073880798 -0.8693909898928597 -0.6533200000000001 -0.6892884021436433 -1.262090637223593 -1.205753199467975 -0.7910193509053192 -0.5947707708013558 -1.052068983406123 -1.192574272884213 -1.001969846583656 -0.5593580560737262 -0.2067914274243312 -1.084411694680122 -0.8231751929668524 -0.6474615804064583 -0.7808947698476836 -0.7879322530722535 -0.08627949747327747 -1.87716234647196 -0.6740152471711861 -8.207216948453881 
-0.3585798270981 -1.159923975228475 -0.855528134227401 -0.2683604016795001 -0.3670679761458656 -0.5756634586151068 -0.5641560328807806 -0.2211591661298861 -0.7600833475918948 -0.8792477272073774 -0.6369870000000001 -0.7179469943309188 -1.298771714152208 -1.150248111660714 -0.9246457651439197 -0.5398531855868141 -1.011057284167278 -1.125572672884213 -0.9611807661887151 -0.649229844372988 -0.2073256163662193 -1.061670397053476 -0.7275222803675037 -0.5771136477960693 -0.7705513870863629 -0.5941848361530521 -0.05071409870967669 -1.703918444488658 -0.5771827826724971 -7.999158848453882 
-0.3265399797772673 -1.195019628184986 -0.8196067364245768 -0.2849144306028418 -0.3465754033533192 -0.5791395897065217 -0.4788186578512438 -0.1880556368589723 -0.925133856092614 -0.9745314347776639 -0.620654 -0.6746925943309188 -1.338510565270063 -1.064668456675201 -0.9900604072233816 -0.5556067693999567 -0.9627102221660307 -1.062588616779826 -0.9122782289391269 -0.6048294267593723 -0.2136892632934189 -1.022206218087759 -0.6548542089801493 -0.5625758860541595 -0.7498132996123714 -0.5545482477354162 -0.0695889554296239 -1.612461068991136 -0.5086265431666936 -7.785985848453882 
-0.3850997318458067 -1.351338997710642 -0.7251517522256278 -0.2803422303136094 -0.2206941513167454 -0.5256684973305328 -0.5237940233740651 -0.1626371669637481 -0.9425052709520767 -1.025813896861196 -0.604321 -0.6592831357434311 -1.241628312185484 -1.032089931733297 -0.9278733596375162 -0.4860223137949834 -0.9360212920081296 -1.075089374788085 -0.8688087715816996 -0.5572598259286782 -0.2942828320385446 -1.052361511260693 -0.5905437043308347 -0.4542388364836867 -0.6935944283507202 -0.6124569239288664 -0.02625283977356455 -1.702961318426511 -0.7497340598762248 -7.572812848453881 
-0.3107599676487758 -1.223647722106053 -0.7192246048118581 -0.4450448592619811 -0.3319207306513279 -0.4833271867566209 -0.5252532792428508 -0.1198716654329639 -0.9523142806721417 -0.989213372775734 -0.587988 -0.636740501728417 -1.164444592389462 -0.9882003875994485 -0.9012202689503734 -0.4198905570506603 -0.8866107892076469 -1.058374359391123 -0.8923327910376515 -0.4447823486492127 -0.2879918571378517 -1.016192397244478 -0.5832295674817615 -0.4279645000589974 -0.7529539812170341 -0.4554769540008042 0 -1.679018992368607 -0.8827675032235913 -7.361753056396964 
-0.273411533843068 -1.244032956467148 -0.657547733713885 -0.3585580539219371 -0.3637170455696222 -0.3861746878773107 -0.5131937039129477 -0.02646801104977992 -0.9424282028750411 -0.9038097653173378 -0.5716549999999999 -0.5942187498772001 -1.152990588839466 -0.8679766533457038 -0.8392106421236278 -0.4159197529179632 -0.828661432672207 -1.035409872073749 -0.8468503731804783 -0.3437200451986585 -0.2828929279895144 -1.048208822139818 -0.4811515548866258 -0.4340772834366054 -0.7744226984704417 -0.5959145042979695 -0.03013586680514169 -1.61612163767591 -0.7710634289617264 -7.154268443860971 
-0.2902549498639718 -1.281162318451635 -0.6314922473942883 -0.3777461855995673 -0.379397211050309 -0.3590588690057461 -0.5724673243943853 -0.1771568832148257 -0.9567113500498937 -0.911579703547447 -0.5553219999999999 -0.5635602718285732 -1.157146574447892 -0.8697320147144529 -0.9405092625471664 -0.3450866741292471 -0.7803136187151264 -1.001522039699455 -0.8697149546765759 -0.3168357932978514 -0.2831240981971895 -1.054365171471686 -0.4699353147433321 -0.3887023794714128 -0.6956883774109585 -0.6928197296194176 -0.009714389339465113 -1.468119735733806 -0.7631207850558002 -6.952065762277296 
-0.3516632804543141 -1.135392017335689 -0.5894567276712361 -0.4859904210085024 -0.4229933520221623 -0.3885622233432825 -0.5674354898214674 -0.2541591158735167 -0.796813132118224 -0.8133103263675694 -0.5389889999999998 -0.5429378933269696 -1.046028040444959 -0.7468899738177076 -0.907612217330015 -0.3947970582007169 -0.7655310477454029 -1.04134647024026 -0.7637633767802752 -0.2935381527714612 -0.2351389280793899 -1.042726343563522 -0.4185203347633937 -0.368285463771545 -0.5805068100545495 -0.7453332445533707 -0.05414655525441495 -1.492298602923894 -0.6300078359812473 -6.758573368406127 
-0.4214172866104237 -1.010395975820956 -0.5169068362626921 -0.5290402603008215 -0.4919196112826049 -0.3695170990681311 -0.5113767776425225 -0.3535115610329216 -0.6260980410741358 -0.7560679397681092 -0.5226559999999998 -0.5325097099576171 -0.9880396517714769 -0.7160732109180405 -0.9602112540221497 -0.3175157428889971 -0.7213082856434847 -0.986882007514957 -0.7656182988578422 -0.3453371144159327 -0.2107010343751744 -1.022449082313721 -0.3867234026739078 -0.3099810127387349 -0.6530766971292877 -0.7757929398691881 -0.08279717491405522 -1.472715807457076 -0.5536454865292475 -6.556073968406127 
-0.4325145809620212 -0.9685045744481665 -0.4876008820377931 -0.4494023601687576 -0.4389168060274498 -0.3503287820711817 -0.4670062740703493 -0.2903622348351624 -0.4718590497867164 -0.7124526034256288 -0.5063229999999997 -0.5183428140527522 -0.9776088505875675 -0.7191345190669657 -0.9703391563649013 -0.2838780581784947 -0.714319412722048 -0.9421897156592471 -0.701641296403042 -0.260605537879834 -0.2500691775707728 -1.020736074861074 -0.31543733533914 -0.2768214050962579 -0.5800059858368608 -0.7930082710102211 -0.03477164853283869 -1.423857841548421 -0.4424019325234342 -6.342900968406127 
-0.4822713968914566 -1.073680112486408 -0.4121837727436769 -0.4281388005846208 -0.4829793178830151 -0.3803920917167971 -0.3939340214261567 -0.2757822959561185 -0.376550279397072 -0.5482500686520144 -0.4899899999999997 -0.5164326481681817 -0.9381784020370711 -0.6696673623323897 -0.9517946233403081 -0.3061369742262816 -0.6920928300071582 -0.9121972458924918 -0.6157962573308382 -0.2358982790231526 -0.2850839950044413 -0.9078877760542492 -0.330870457741382 -0.2837563063912144 -0.5766601144208214 -0.8357355227885362 -0.01444740209065835 -1.241632785186114 -0.553246048769201 -6.129736568406127 
-0.5963483776475926 -0.9984466223222344 -0.4579891341385793 -0.2954799825399105 -0.5422713505318533 -0.3617923181744239 -0.3693473974230841 -0.1841174759257565 -0.5583038702471398 -0.5633671566671998 -0.4736569999999997 -0.5122157086179153 -0.9958036380651603 -0.6764566835374737 -0.9045116725891975 -0.2586641981834669 -0.7515094463165997 -0.8506569359370095 -0.5708206770332802 -0.2360800460614652 -0.277861698990168 -0.9024632383525054 -0.3537531219196935 -0.2745257885883653 -0.5947841849075718 -0.7857488397726636 -0.009425807829779358 -1.103439194663993 -0.5371781430317772 -5.929198322784881 
-0.5463268984104823 -1.14973340708642 -0.5178520378087725 -0.2844004611621297 -0.5065169627489782 -0.3533778910321519 -0.4501461030168192 -0.1094100358850629 -0.5325170511147467 -0.5603559564127216 -0.4573239999999997 -0.4708369080545548 -0.9542164866308949 -0.6244891879628442 -0.9377934414291582 -0.2757839606622738 -0.7146803966330075 -0.8381711820498005 -0.5413638393337094 -0.2045233131071575 -0.3348335307133932 -0.8399629475134244 -0.3711809730274074 -0.356754514122116 -0.6106446167582226 -0.769703532707774 -0.01482488386771112 -0.9459142562716796 -0.749682342677249 -5.728547622784881 
-0.6134263492164034 -1.073454255589354 -0.482641134437728 -0.217581927378651 -0.4191701615242812 -0.356350874354938 -0.3704817380674519 -0.1212017124852583 -0.4132522280121863 -0.6390343136495307 -0.4409909999999997 -0.4330460989439021 -0.8040339593192833 -0.6239380459130527 -0.9861101913726127 -0.2264965547894176 -0.6575704123388085 -0.783759227701189 -0.5546134806754959 -0.2843589749642562 -0.332002139639342 -0.816986667269247 -0.2719394384900487 -0.3727628919826102 -0.6350607993050282 -0.682909141101853 -0.04918592060991243 -0.8504674406425905 -0.7749937670058576 -5.534594422784881 
-0.5485339459660111 -1.047218342191598 -0.5212681792780335 -0.1454882455226499 -0.3922871715504059 -0.4365983226621376 -0.2983325262559162 -0.1083055513360537 -0.5835884691680194 -0.6588441050976276 -0.4246579999999998 -0.4310269139848582 -0.7634720847146736 -0.6148739589991192 -0.9370356131204012 -0.1955079854694102 -0.6350811539621468 -0.7735869329606755 -0.5950705924599404 -0.2696087219616629 -0.2978455296489538 -0.789134153832115 -0.3080117713974448 -0.4164087228126031 -0.6397558131626412 -0.6893704837132101 -0.111133732598626 -0.8312015748247348 -0.6723410244413736 -5.326009410561613 
-0.5603051331632487 -1.092585272151029 -0.4843980378782394 -0.1857127270829952 -0.4491212402477465 -0.420233083483728 -0.2423158815562171 -0.1090362549559827 -0.5504709066333024 -0.6547523029125784 -0.4083249999999998 -0.4304690492761811 -0.7560640937902836 -0.5224581591579974 -0.8550946291021053 -0.2421480499081556 -0.6041364458622407 -0.7668041853903923 -0.5843508072117374 -0.2595674884597178 -0.2376670555017613 -0.7703384264907039 -0.2210593138919646 -0.3524007595231324 -0.6480518917770383 -0.6710262554581349 -0.1384372375024417 -0.5441725055806353 -0.7122873439221045 -5.125802374723937 
-0.4927189619605937 -1.074459657400091 -0.5076568080390247 -0.1862890988031514 -0.3617946569921002 -0.4147086133748158 -0.1658017042038486 -0.1492344943979267 -0.6963872062156043 -0.6377594726218504 -0.3919919999999998 -0.414819167196276 -0.8445546996131574 -0.5617846988938169 -0.7793942027157447 -0.203151248815136 -0.561422148272708 -0.7851452872328144 -0.51402398905006 -0.3476282993978483 -0.1673130555017613 -0.6964118138995763 -0.2770675465363282 -0.3803446802975129 -0.6726795435832272 -0.6722927589331359 -0.1066207083979698 -0.7595371912178502 -0.7719296416792332 -4.912629374723936 
-0.4929811505491949 -0.983995846234436 -0.4549649287660394 -0.3478856837762502 -0.3490686729899354 -0.4513165631515945 -0.1868146063518493 -0.07822761795613566 -0.7142224670759664 -0.6257504606379362 -0.3756589999999998 -0.3805165648267262 -0.6924753632365971 -0.4086236750244837 -0.7501649161742225 -0.1742497316884851 -0.6058939860556291 -0.7363853884674267 -0.4123491281106729 -0.3135897340724327 -0.1847381862072328 -0.7051737336077664 -0.3276995713565416 -0.50935690741877 -0.6973677997088613 -0.6767246088927937 -0.05862778038537026 -0.6717654268960893 -0.6666191770663829 -4.702974274723936 
-0.4841601523575412 -1.012156510650575 -0.4016071121685054 -0.292141209112448 -0.2556621491083493 -0.3578246316280039 -0.2172620001145 -0.1531976760321617 -0.7678678626716088 -0.7744046534457584 -0.3593259999999998 -0.3372621648267262 -0.7580363184040924 -0.4797734381094183 -0.6495676970311843 -0.1669131068435394 -0.5723447521546684 -0.6748818355964787 -0.39167578972152 -0.2366877873290693 -0.1524359228256738 -0.6851323142750246 -0.2907980680050839 -0.4489612877772067 -0.6381094775183512 -0.6480713392418257 -0.09929977282420421 -0.6250859291871822 -0.7829665985642262 -4.499155266314138 
-0.4452859423213414 -0.9655118543837808 -0.4008837700464155 -0.2801364929564617 -0.1997566737503959 -0.3755831908822275 -0.1377345279772222 -0.2312680831361084 -0.7658348177971727 -0.8357296110461531 -0.3429929999999998 -0.3196615099905301 -0.7044941811575601 -0.508558014921097 -0.5496691859360747 -0.1787410858151118 -0.5912836212625023 -0.6091072068192578 -0.3898743429235085 -0.3908419786984304 -0.08975377258718523 -0.6672375273408626 -0.1942857899193373 -0.4498074326495579 -0.6346650461833406 -0.6827683728524275 -0.194619444206837 -0.6028080917947278 -0.7549881382599806 -4.310025066314138 
-0.3878190564949144 -1.054484320476585 -0.3215413904224591 -0.2672365433811518 -0.2084851398150473 -0.3260410253861712 -0.2815202308400494 -0.2509372284832922 -0.7693201244642286 -0.7565797898678085 -0.3266599999999998 -0.3708789315112295 -0.643507552472309 -0.3733012727021517 -0.6566657955394178 -0.1342289586021758 -0.5382433305004533 -0.594781361806746 -0.3370688421093453 -0.3016952717487249 -0.0635631590654874 -0.6508292503304091 -0.1900958316307581 -0.4061447127832053 -0.5310922255137301 -0.6569078191155034 -0.1677808761052893 -0.6595467313936296 -0.6916055854012959 -4.096852066314137 
-0.3639590430261597 -0.8426204988914812 -0.2892134025153354 -0.2820203374271694 -0.4102184743048233 -0.278570083268255 -0.2645684076605819 -0.2827405019801368 -0.6584416458854737 -0.6184962264831098 -0.3103269999999999 -0.3295898673835664 -0.6269018509130946 -0.2657102420941193 -0.6432962428822491 -0.0861592236884124 -0.516326819922043 -0.6155219792401957 -0.3677804153008601 -0.2129817925524372 -0.03138362426197297 -0.6718474938635109 -0.1483268366048017 -0.4117483954070353 -0.5095292070919764 -0.5957466038823646 -0.1252423922633032 -0.832057375839895 -0.6408941702080725 -3.903298312262377 
-0.3087292217864648 -0.7451710006687283 -0.3342448820085409 -0.2999848122474769 -0.4804482798989289 -0.294766225319731 -0.2090318554115816 -0.3269124504028497 -0.5923829380725475 -0.6779045979149991 -0.2939939999999999 -0.3668792678501346 -0.5966954297570251 -0.3619101648317451 -0.5760950913457518 -0.1414912303079582 -0.4750512799544088 -0.5588832175213355 -0.3396856137616123 -0.1690210204663204 -0.0330986310821447 -0.6401680154617045 -0.1999959985276112 -0.4561590264460171 -0.4086338505442227 -0.6103071109741777 -0.2130403029184326 -0.7890382857625787 -0.6069015124274252 -3.698074091618069 
-0.2776902167037206 -0.6350340641760615 -0.3142488416373246 -0.2308935608558096 -0.4685080293567254 -0.2873293018380793 -0.2282428893327407 -0.2605138435653196 -0.5589972540851762 -0.5843321822159019 -0.2776609999999999 -0.3583749826721346 -0.5085123892137846 -0.3322936977292651 -0.4936441990036934 -0.09675112458181469 -0.5144230629366611 -0.5756847995147784 -0.273321895560564 -0.1844620253928341 -0.02839362621823463 -0.5902126162981097 -0.05877981716682944 -0.4487508117873953 -0.3396698500700307 -0.5263089121953323 -0.264623404301689 -0.7915896548845479 -0.7232697549547015 -3.489444105641854 
-0.2225703071988139 -0.5405119036371078 -0.248003377334291 -0.1606459906172057 -0.3256406209849666 -0.2569422141827576 -0.2247004034215781 -0.1272816090484009 -0.4904753866028199 -0.5940666038259595 -0.2613279999999999 -0.3341816582296109 -0.4121509195839076 -0.3550540654079927 -0.448612113422681 -0.08414852345335609 -0.5162434991699435 -0.606408920669299 -0.2116357813366485 -0.06783599314123737 -0.02775749960205887 -0.5352252973092876 -0.04793020544854421 -0.424899618126158 -0.317353943117193 -0.359956333789949 -0.2059678468335004 -0.7078934730863456 -0.5947711655091701 -3.277881457369002 
-0.2617903589706915 -0.5529203926514934 -0.2482187888731256 -0.0711432744436811 -0.244854062728761 -0.2405678757189145 -0.1657447236951931 -0.1099409566399478 -0.4482408220559929 -0.4670382241237674 -0.2449949999999999 -0.3037518820565166 -0.2952412681442224 -0.236181298367395 -0.453131333928022 -0.04555154081734104 -0.4675716591843733 -0.5404146370393995 -0.1641512790593458 0 -0.04923527576316314 -0.4848017347834193 0 -0.4089614699351336 -0.2304691490469812 -0.3359575150642738 -0.181788327432504 -0.6353063807135656 -0.5775310157309654 -3.072506915730641 
-0.3630212171679033 -0.6785058870072433 -0.1716068020712499 -0.1552881977477249 -0.1590301073475452 -0.1840869768909164 -0.1764543272272163 -0.2931452972719775 -0.5237432023908949 -0.4692076934180412 -0.2286619999999999 -0.2639088617002213 -0.2744202771991054 -0.116453251446399 -0.3706707464770485 -0.04950060925281456 -0.4603187928304245 -0.5170966228751823 -0.1416740450413304 -0.005407262365684611 -0.09653742692045439 -0.5210320328759234 -0.04605845505526927 -0.3747564552798742 -0.1820702472132848 -0.2156190070968053 -0.2046767788940602 -0.6296536743623939 -0.5407485133926501 -2.866170663062449 
-0.3729638079100206 -0.5796868644131783 -0.2360544710831389 -0.1932571057386749 -0.1952550847534801 -0.1669960273203712 -0.2008825275748851 -0.4000994510597299 -0.4323858458316858 -0.3284866026158603 -0.2123289999999999 -0.2657933384676727 -0.2174426754120015 0 -0.394052933140866 -0.1298153092528146 -0.4284226676417549 -0.4736319345552239 -0.2394424530322804 -0.0351765389134236 -0.1241205959323434 -0.4807610379998606 -0.08662276654831197 -0.3172971604038114 -0.1945571342556991 -0.1759689937606228 -0.3288162730442095 -0.3973293392614123 -0.3658393170504207 -2.652997663062449 
-0.3271715658928638 -0.3861157819006116 -0.1780224657990221 -0.1800987172246 -0.1726486969594622 -0.1726076043808545 -0.1017744706242934 -0.3289226537762753 -0.3779026786737927 -0.3579354856012029 -0.1959959999999999 -0.2489016178389313 -0.216855051968562 -0.1593585196750206 -0.3377771723699214 -0.09842071651389077 -0.4145652596329462 -0.4671077524156145 -0.1962145209866564 -0.02150386150333775 -0.08852132068510707 -0.4930657606195351 -0.0776767256927452 -0.2766450897280682 -0.2462397131429087 -0.2649249262741254 -0.2723180919917019 -0.3077682062954137 -0.369762653518153 -2.43982466306245 
-0.2925901652625136 -0.3664561266736738 -0.1794352735353034 -0.1704565346866589 -0.1789920225425183 -0.1087747544462581 0 -0.3860957310360468 -0.3669798540439885 -0.323226856108121 -0.179663 -0.2200573969644089 -0.1628889432355115 -0.1668586532959707 -0.2691062336549963 -0.08914942138018711 -0.3529192241093733 -0.4074061279813145 -0.2061908350982097 -0.1775458522823469 -0.039639571534621 -0.42961682184078 -0.08751146979106852 -0.256798516312558 -0.2967585759514488 -0.4161761173533953 -0.2420772369095971 -0.4230406403346962 -0.264260790103621 -2.22665166306245 
-0.2806849903733196 -0.3584308297159179 -0.1710473698755789 -0.2072546730428897 -0.202740587902843 -0.1435906853903176 -0.1100597748781824 -0.4218250073260118 -0.3655974629140745 -0.3585710899087373 -0.16333 -0.2057814801835954 -0.1014089206743817 -0.2139860004570858 -0.2245702964854551 0 -0.3748338139458687 -0.3670900686767316 -0.1518946860521595 -0.3641712460163962 -0.08199537612039917 -0.3131556696948107 -0.3402141273369939 -0.1701837986452693 -0.2506911424789498 -0.3534313502083468 -0.2012409230045437 -0.4928753195542198 -0.3649037280748889 -2.014592217847516 
-0.2413619039610819 -0.313723684339635 -0.1571251689804854 -0.317776852228729 -0.1315958835337374 -0.1331575074708521 -0.05219859570666635 -0.2495630359552483 -0.3462600799992594 -0.2422152050382713 -0.146997 -0.1683851157424401 -0.06640688985741811 -0.2651660592062786 -0.1839836849667987 -0.02262987861590623 -0.3331281393591751 -0.3177062674148744 -0.1869143613478136 -0.3398909043661127 -0.0325900199032993 -0.3283661716500776 -0.4991639186558629 -0.1190430416652182 -0.2704448216379868 -0.5418246817146567 -0.2067511656187991 -0.3937686448886183 -0.3357287931504257 -1.822399479783714 
-0.2017437048830791 -0.3322250577440686 -0.175978733734816 -0.3034625899405143 -0.09341290120731757 -0.08496495323326098 -0.04715064612111695 -0.1417155354425371 -0.2408963869472861 -0.312182119935558 -0.130664 -0.1485048866135668 -0.06026722866078076 -0.1777459616434645 -0.1898948553065709 -0.0360770481784902 -0.2822531529799375 -0.3127082097623914 -0.1862110720950974 -0.2705702645833902 0 -0.3562762099718544 -0.4462946207123349 -0.06159804606165506 -0.2729522863940277 -0.5273544716508547 -0.1652683117932861 -0.432065253495097 -0.4701527851106882 -1.635760109734377 
-0.1417530230371702 -0.2736241603667978 -0.2004148625294791 -0.3405004031511645 -0.05693794900675779 -0.1329939560190685 -0.1619850643790399 -0.1165307950611387 -0.3097230135642948 -0.2278006394125376 -0.114331 -0.1238589181976004 -0.04486717613555491 -0.09883094015116634 -0.1566876837061137 -0.09866785980134658 -0.239006852511221 -0.2629044067618184 -0.1409763216982781 -0.2642147973413116 -0.01488780177555972 -0.2823437045969385 -0.4659362412092626 -0.130352167079798 -0.2075221466991662 -0.4256525576324486 -0.1074535449447399 -0.267670383966677 -0.5469045766689131 -1.422587109734377 
-0.05887277783794279 -0.1992860164777275 -0.1511015625294791 -0.4291065419503353 -0.07221454534482664 -0.1201220982048875 -0.09150502748189251 -0.2022572747806754 -0.2376293286145344 -0.2285405302207265 -0.097998 -0.1327517518514375 -0.1718215055912861 -0.05073783716811353 -0.1294888640344111 -0.1412439627915915 -0.171468652511221 -0.2191948369035455 -0.2192532531689587 -0.3143956892421021 -0.04129691247244495 -0.2039767520937871 -0.458481320723315 -0.1979010799350414 -0.2802497509901423 -0.3729233732085567 -0.2773639218582201 -0.3759766969180715 -0.4775263557097165 -1.209414109734377 
-0.03475240191345244 -0.08849654578948618 -0.1695893247000756 -0.487358771258784 -0.03256040680953823 -0.1416323716231385 -0.05565070610071357 -0.2081588421072188 -0.1446466397107894 -0.3100054039223732 -0.081665 -0.1519859740015387 -0.078594886507984 -0.168750615278187 -0.0363475689489511 -0.1127422060216821 -0.1469877077160652 -0.1871429072700183 -0.2382505655923957 -0.2067812166439391 -0.05851436530118038 -0.1635490661649592 -0.4013980568999742 -0.09285720499777561 -0.1974625247787788 -0.5078134329149286 -0.2436347682649923 -0.446316672892894 -0.4667540530181602 -1.002177430474717 
-0.03893642746461012 -0.1624288160278274 -0.1498253299927894 -0.436368907397052 -0.01678985761640964 -0.1100217659515245 -0.01261576287940425 -0.02067832739467513 -0.2004492805121345 -0.4082135007255561 -0.065332 -0.1231275713485144 -0.01147952226188896 -0.2515555370817449 -0.02853858537440186 -0.1858992567745632 -0.09921938916607599 -0.1677631233456356 -0.1619759236213797 -0.1744807704112084 -0.06763365007750349 -0.142127482857277 -0.4529916306578904 -0.1142911351996374 -0.1426229932572122 -0.4484495817441027 -0.2228196571737292 -0.3173331876387618 -0.4144587250314993 -0.7890044304747167 
0 -0.05211293754830783 -0.06972836344919209 -0.4640723939324665 -0.05146633201297911 -0.08551546358710467 -0.00531651872743398 0 0 -0.314365615747204 -0.048999 -0.0826722034324175 0 -0.2540662071535855 -0.01499190876130606 -0.2121254278410559 -0.1511637998870598 -0.1459690210106831 -0.1616159581228448 -0.1843011383615863 -0.05987287843471535 -0.09004623761018736 -0.3426873845319768 -0.05086550567678907 -0.04880985586623811 -0.3632354648287396 -0.2342012353131206 -0.1910347174259993 -0.2204522789679492 -0.5857494654854088 
-0.08016905294635562 -0.002258242967255825 0 -0.475527017537587 -0.06451333101838805 -0.04290416855419617 -0.06178821625518409 -0.1082038738099695 -0.2296601100045694 -0.162825838910924 -0.032666 -0.04498112756612013 -0.08730304117380358 -0.2479902467598296 0 -0.1846218683745061 -0.106093971529486 -0.1002483592663554 -0.1233924461118218 -0.2147906349238742 -0.1235986329222484 -0.1750977323859627 -0.2743039954513372 0 0 -0.2489942531181986 -0.2089025838401236 -0.1600478539745137 0 -0.3940819654854089 
-0.05280868324143816 -0.03758516844484071 -0.014035086144863 -0.4224822466739373 -0.05569958648027046 -0.04666861812203537 -0.09865255299609317 -0.03616452316050477 -0.09473711006797697 -0.04980495464387036 -0.016333 -0.01454885914990017 -0.08152688131364386 -0.2307619457882391 -0.07894628501082382 -0.2036567003106611 -0.061375871529486 -0.04019636697547074 -0.06826418929640393 -0.3158547827573404 -0.146356390453977 -0.1063743324786367 -0.2794137090761858 -0.1462264952974761 -0.1163204648954687 -0.1313331531181986 -0.2272251192698437 0 -0.06848802918825905 -0.1926371965283281 
-0.02177133968634826 0 -0.005541152502220485 -0.4569568436315191 -0.08743457816309874 0 -0.1324428467158077 -0.001324967410708269 -0.07022626609348315 0 0 0 -0.1012303595829728 -0.2232744489705198 -0.07266940527870344 -0.192930648277915 0 0 0 -0.4028611571372884 -0.143392690564613 0 -0.1838564909310683 -0.03258815825147576 -0.08969071740386655 0 -0.2482819346190507 -0.03702842975852898 -0.0534731404541603 0 
-2.065544645240187 -3.055710761586647 -2.145069031588045 -1.444602448152004 -0.5101406898321409 -0.3744367715272071 -0.5071119997882613 -0.6814461956962748 -1.050595293467924 -1.68217698460398 -1.616966999999998 -1.846484370625898 -2.255799344258477 -1.700940495829933 -2.161279353473208 -1.124456223818158 -2.560496929001319 -2.142705846754186 -1.790643501934374 -1.217865457949047 -0.7980355570802511 -2.786229262389762 -0.4326213985628213 -1.478935467611152 -0.8940395240685248 -1.861307214181628 -1.013949216794468 -2.754473498715128 -2.367174591705258 -20.44526810444065 
-2.003736386541816 -2.910853429376997 -2.146981506623888 -1.497482663676669 -0.5749715963804275 -0.2786508080156206 -0.5144214436076121 -0.7381733124779013 -1.121832981721098 -1.733007591009323 -1.600633999999999 -1.831299252763409 -2.342233273371513 -1.783958279310186 -2.092091754031829 -1.148820550954806 -2.523150132050944 -2.144561596622475 -1.776090003977511 -1.288760451763673 -0.7781710639653903 -2.696388254196347 -0.3421921443985095 -1.389340555691694 -0.9558103913946135 -1.766383982009827 -1.104486307491185 -2.596480921388694 -2.390125572612307 -20.23209510444065 
-1.958305750834094 -2.931919161003096 -2.144946078481941 -1.44618498628598 -0.4156651691774396 -0.1982437108431849 -0.4819735631656138 -0.7348590472902744 -1.19645836297929 -1.645175458353651 -1.584300999999999 -1.817712259619386 -2.453296926961065 -1.676409688904396 -2.064132745519687 -1.07815146941334 -2.506261163571545 -2.161682410342111 -1.760849607779974 -1.272082680000987 -0.7203516462878135 -2.719008231949645 -0.2977239092753274 -1.421577847871693 -0.9492932280019746 -1.741964568672862 -1.087044881786374 -2.635065106040143 -2.511103469978889 -20.02918095598681 
-1.922267965486034 -2.885811066706659 -2.149663166883673 -1.412078959078496 -0.3478168869250459 -0.2065422940693503 -0.4908516482320744 -0.6400456292089448 -1.154006923834322 -1.671580434415472 -1.567967999999999 -1.791533114419022 -2.468825933892112 -1.705158876314718 -1.962960940939662 -1.003553334328875 -2.492902181235091 -2.149698915062729 -1.72580933944313 -1.236290645941461 -0.8110924047426054 -2.664689361386049 -0.2726172161255082 -1.421090273848602 -0.9257983171466437 -1.664169885331779 -1.044286510046204 -2.636344617082047 -2.472054594721639 -19.81887568906087 
-1.866027911921358 -2.759647214689982 -2.121151811420379 -1.329483907529025 -0.2040183366891949 -0.2345784059870415 -0.489319887193471 -0.5443367031206902 -1.054906134397787 -1.506280203585957 -1.551634999999999 -1.761029032291383 -2.526375111519214 -1.584373445436574 -1.984589139466985 -0.9403215359725888 -2.499233298818138 -2.133083045105334 -1.713924799981343 -1.24154851583764 -0.8161752909874478 -2.623380315571359 -0.2198668914397615 -1.398671675951095 -0.9734879848304111 -1.542478201498401 -0.992658564073037 -2.734145613424118 -2.348710703123819 -19.62371077409798 
-1.859917140288336 -2.654008527600982 -2.10112372086466 -1.256997399866601 -0.1623973106523116 -0.1931343640713015 -0.4964936848432433 -0.5936451577408819 -1.078274865387273 -1.496462475459387 -1.535301999999999 -1.74747037718592 -2.581081735158251 -1.474489791594176 -1.963126652823021 -0.8961544736653406 -2.468727000465103 -2.100023576277044 -1.671991821859854 -1.355397175993754 -0.8096972346363485 -2.522169284283903 -0.4488501485785371 -1.35861175630909 -0.9094450607016137 -1.868233658516287 -0.9907099747599865 -2.602793961680589 -2.437484655733205 -19.41053777409798 
-1.877216348826147 -2.584603281012897 -2.133946793968506 -1.21268575485078 -0.2624700616358354 -0.1851519816931586 -0.4772148502662533 -0.577703243883337 -1.124471169296872 -1.539477130396427 -1.518968999999999 -1.70898718483933 -2.811036149320564 -1.43849426127104 -1.898396946357274 -0.8314107957702955 -2.411187695054752 -2.053289865725335 -1.640743053253277 -1.471281798896145 -0.7976128039336643 -2.477362910239582 -0.3779025364300802 -1.334079819693757 -0.9859032864530506 -1.967216523961983 -0.9368677237482237 -2.489881377628919 -2.504139793012713 -19.19736477409798 
-1.873319729604632 -2.639735473443027 -2.145504654965913 -1.224425989205859 -0.2694890601440762 -0.1148607217584578 -0.4927206779213892 -0.5825591222409042 -1.179309520684647 -1.446211430278356 -1.502635999999999 -1.693612775273815 -2.691826785473886 -1.548174562077205 -1.828567342713645 -0.8240272793116346 -2.38787857245923 -2.065810967107849 -1.711207058553944 -1.329952824593795 -0.7946812181463179 -2.44677588734527 -0.3938460690504729 -1.279991078900089 -1.055836245431228 -1.769015038948518 -0.8947741138059629 -2.557371537832131 -2.436521916319067 -18.98419177409798 
-1.799761824443963 -2.863119797554983 -2.149304188296681 -1.153720271309415 -0.2483450876114419 -0.1184372163896235 -0.5079351279545438 -0.6098364182679605 -1.057584470823514 -1.424433815990161 -1.486302999999999 -1.656075293024099 -2.672849708053775 -1.496374537476591 -1.733730698832368 -0.7270744758753552 -2.327275602814948 -2.03657607099256 -1.651649162816816 -1.343952934046759 -0.8206844267805535 -2.390376654641212 -0.4235653187517032 -1.296588809223609 -1.026457622207521 -1.724533571885541 -0.8447838190937582 -2.492196706285169 -2.353248292160524 -18.79356007409798 
-1.862358292931153 -2.831701822984052 -2.13129069224717 -1.099371649796293 -0.1621652778611915 -0.08620370693565221 -0.6579178421422867 -0.5605910262533758 -1.07455885859622 -1.371508124419718 -1.469969999999999 -1.645323902323466 -2.58855690088769 -1.531463031808906 -1.698864012564307 -0.6530078284170419 -2.314413924857351 -2.091263360333716 -1.606201775212104 -1.22258453617502 -0.7912567600188927 -2.290191584939354 -0.4971318824820821 -1.293848726738474 -1.032894826314704 -1.679487005641535 -0.7660693386036361 -2.320020772133772 -2.221988206017957 -18.58980627409797 
-1.985501567356502 -2.811484243755169 -2.098369148700215 -1.035171078455167 -0.08614234365707236 -0.1834185318939945 -0.653798162468233 -0.5731198190568362 -1.152658393519749 -1.318688035496957 -1.453636999999999 -1.602865499831195 -2.574260603064071 -1.666064183699816 -1.702377652966978 -0.7643920277747269 -2.270153917132927 -2.05163108850466 -1.561243233059843 -1.269122740542663 -0.8384885750873015 -2.253493356886487 -0.517738112335133 -1.305937138202422 -0.9398206802767082 -1.686987184353702 -0.7335526158219385 -2.401842370444317 -2.111480865775677 -18.3775705733006 
-1.919088747384649 -2.809297728372155 -2.064021322038688 -0.879793964254951 -0.06847183740232468 -0.1363838712085955 -0.6419793264949142 -0.574552128107084 -1.287395709720694 -1.384064095920704 -1.437303999999999 -1.561641568218182 -2.532750671603464 -1.633899864076193 -1.70496071290186 -0.7431578109128449 -2.221332288213436 -1.994145033108819 -1.515060839672472 -1.337374172499054 -0.7939730449346571 -2.182255253912384 -0.5261447029705988 -1.304404382474464 -0.94685437188754 -1.475739558982803 -0.6750316670939247 -2.634449719469276 -2.156727271461883 -18.1643975733006 
-1.9211804602294 -2.867391760078421 -2.023357769237928 -1.024328561205179 -0.0706774577292687 -0.1660745790013357 -0.5946843050399092 -0.4714908484012613 -1.366614801416585 -1.330295938194047 -1.420970999999999 -1.532322340840274 -2.389876122191721 -1.779407420312928 -1.611888444936663 -0.7224369452716702 -2.175774559887802 -2.033621974409094 -1.439570616655977 -1.28752291456946 -0.7344964144734658 -2.099879115935529 -0.5305071552797694 -1.290123891438339 -0.8834234688344187 -1.494031708441185 -0.7747829454009191 -2.503850693732728 -2.104977241837928 -17.9611178938045 
-1.951213723328091 -2.692264696014377 -1.970059497477283 -1.120245809128999 -0.1493674005442589 -0.2388881001280506 -0.6846935530164384 -0.523449466080669 -1.55572113774758 -1.293341850601086 -1.404637999999999 -1.502470166679634 -2.511178040724702 -1.83821539145954 -1.513172288102411 -0.7166386146710512 -2.233697270940747 -2.004349542725982 -1.378692941729116 -1.209781243864961 -0.7752657334960587 -2.190452197368925 -0.4056469432332049 -1.231059901026237 -0.9215945696618896 -1.39674588843373 -0.8314475735119669 -2.45871441833199 -2.103019782243231 -17.7479448938045 
-1.875758197348774 -2.590069705572982 -2.011273805240971 -1.080898185839479 -0.1334932604652307 -0.3413210678299509 -0.7476772736683232 -0.4568530688864288 -1.452369708916075 -1.260473642054384 -1.388304999999999 -1.520487017969223 -2.479868455080587 -1.759558351476469 -1.525200691348277 -0.746957460248982 -2.221002051279604 -2.030242606075659 -1.356168357295575 -1.171638567416393 -0.7526098880759389 -2.195896475988039 -0.4078306684654489 -1.209724867819497 -0.8773984915597469 -1.281975977806388 -0.9185790031284404 -2.30763533298244 -2.027107114740089 -17.5420033938045 
-1.83406456773138 -2.709172292618006 -1.986842654952701 -1.029558740304166 -0.1399332088580529 -0.4104473245254883 -0.7849644270754456 -0.5641740394939063 -1.515108470292752 -1.526657821021783 -1.371972 -1.510204582863623 -2.52115199431727 -1.777620756838059 -1.477048954894937 -0.8402318337848715 -2.167219081098488 -2.03427288046112 -1.296722138973292 -1.353056508780576 -0.7091061517143062 -2.126601003669348 -0.4858962391964269 -1.113023210941916 -0.8950296182609748 -1.180386637618881 -0.9079496088230055 -2.214286055257467 -1.868238967889599 -17.34108316047167 
-1.781902177180027 -2.719762150715019 -1.962973704556429 -0.9911418124204034 -0.1303379930346573 -0.4668685810017921 -0.8376610509573906 -0.6970583369349572 -1.416421956933372 -1.481242969756158 -1.355639 -1.48542755026297 -2.612515560831296 -1.675000051557863 -1.451080576308429 -0.8616866837580229 -2.193440895767093 -2.019920341268209 -1.219455917912975 -1.342219402777597 -0.674092059275764 -2.088482988873324 -0.5311946058321844 -1.127818053478814 -0.963210468996785 -1.391692942004499 -0.982451726283005 -2.272692209015324 -1.878471122091938 -17.12791016047166 
-1.698438477061196 -2.91264274892977 -1.963966245851459 -1.109164456237426 0 -0.4089757015241849 -0.764063983473408 -0.6469743059132964 -1.340788235248686 -1.442939347448937 -1.339306 -1.44217315026297 -2.617929067421449 -1.624716480595795 -1.465935904449829 -0.7908527905381146 -2.127282436987278 -2.014394611216551 -1.180009813445599 -1.275341083087037 -0.6562408491231887 -2.046382794882128 -0.5231726731394424 -1.101962498832767 -0.9442506918930602 -1.3371316540181 -0.9548964457402875 -2.416137813438556 -2.027971425577384 -16.91642272374858 
-1.676790232327559 -2.879803933000551 -1.899544912396672 -1.200629791807679 -0.06666328304962559 -0.410875976276119 -0.7980827229295466 -0.6367079658736601 -1.234446822731789 -1.374078357826399 -1.322973 -1.405046856499934 -2.524038991682686 -1.616150834343647 -1.453658946984737 -0.8141738946175878 -2.090752694678036 -1.988387359266143 -1.225107263774872 -1.264885187024856 -0.5942186933656752 -2.045878387409406 -0.6572512807344612 -1.130966609510209 -0.9707141762367464 -1.215742319263186 -0.8791300386890202 -2.382092656633916 -1.837703985038653 -16.72781152374858 
-1.679822192457436 -2.836251217389619 -1.947131985087527 -1.103156119122742 -0.1310656380408413 -0.3240538973944804 -0.7318684956103874 -0.7539168585815985 -1.284385819675442 -1.29545961840922 -1.30664 -1.368571914319704 -2.53017231540861 -1.59185985758476 -1.470941124161601 -0.8638313513693088 -2.063616705644447 -1.962040822653834 -1.222413756609843 -1.29067300848487 -0.638326260314712 -2.05617023081905 -0.8427687599661358 -1.092435807289221 -0.9711552696817134 -1.123204131865774 -0.8064226635605862 -2.552371071622797 -1.751368839712991 -16.51463852374858 
-1.686047310439377 -2.876410534157159 -1.877603995567953 -1.128443389091337 -0.1183483574791506 -0.3209857973944804 -0.7418540882856283 -0.7314553991954306 -1.157736367497153 -1.249977141204129 -1.290307 -1.357929773317554 -2.500813209400671 -1.547276276493567 -1.465144568687171 -0.9046647603528994 -2.037573708575684 -1.966537881214773 -1.326365555025467 -1.196869811231888 -0.6179849838835472 -2.041491021085786 -0.8422066813343243 -1.144374457090589 -0.9661102011942049 -1.099071072876004 -0.8199243880161021 -2.354010418113996 -1.851165163022202 -16.30146552374858 
-1.680642226733826 -2.875228059936775 -1.851113668226384 -1.092907901006547 -0.3152940249755313 -0.3781825248494102 -0.6420907625203076 -0.8024155983837072 -1.113521397048499 -1.133722454710802 -1.273974 -1.325076447943373 -2.572158934567873 -1.367830761932844 -1.391654912919792 -0.8399708136267625 -1.978569037536248 -2.026098422059937 -1.317354353491882 -1.053146067995112 -0.5925176519629662 -1.98444165964325 -0.9068319173924513 -1.108038426467053 -1.061689882025301 -1.088768819193715 -0.797751485747743 -2.412861894272107 -1.719883556188423 -16.0915356784094 
-1.659399253707981 -2.850348920189395 -1.786852566877364 -1.175631099116705 -0.464681523173797 -0.5399924730706673 -0.7617718402919029 -0.7809319240151579 -0.9209003206186908 -1.108328821233277 -1.257641 -1.332761466404278 -2.578687303056738 -1.329207079432841 -1.395172407122778 -0.872209719087305 -1.964454952940092 -1.96840517284358 -1.222090337125035 -1.028359924058136 -0.5994835159159146 -2.037631013416741 -0.9251269466252736 -1.110310281895162 -1.00916983951045 -1.161290538594788 -0.8464523944215813 -2.401347232816486 -1.875807862999986 -15.8849474784094 
-1.581607388269667 -2.793788312271875 -1.773053311417244 -1.073064824958932 -0.4319509458168664 -0.4851367279228819 -0.6858877436915629 -0.6664665713477784 -0.9575285324477305 -1.006749344703936 -1.241308 -1.305771574167975 -2.497676416358086 -1.258816047744099 -1.337804899788686 -0.9013530703982707 -1.940900820547328 -1.922001128893074 -1.162830351754319 -0.9961327310305186 -0.5378318804732312 -1.957717237278913 -0.9102889146991551 -1.05737624613472 -0.9949737383579389 -1.124853088136363 -0.8059618841688792 -2.67782933091903 -1.793265891081327 -15.67540370062017 
-1.49548990817046 -2.656811741852752 -1.765043671119057 -1.038364139832508 -0.4289226832336124 -0.460963946404628 -0.6821593997035749 -0.6933793608989997 -0.8433479811058003 -0.8764095114179555 -1.224975 -1.27758790244708 -2.503547251364798 -1.264707404197745 -1.430809512438302 -0.8822900740130689 -1.877520853436115 -1.93120824208253 -1.148082909405752 -0.9644264201072087 -0.5284490990075683 -1.918939026113516 -0.8826376244700652 -0.9665746846726906 -0.9748840962172969 -1.057419285255533 -0.7896606644826785 -2.718883178798261 -1.795897566862011 -15.47815984660643 
-1.412752782051757 -2.615159295890384 -1.724504513932264 -1.047700917394922 -0.5006352957309839 -0.3938823508906131 -0.6910323021953256 -0.6926970618688721 -0.894907255299401 -0.8591289157703008 -1.208642 -1.260272658589938 -2.457320265175877 -1.198212265730113 -1.37659383484072 -0.8437004006109983 -1.838965695096771 -1.935143953260003 -1.141943597801088 -0.8617126843640699 -0.4853900184629024 -1.909576094847653 -0.9724178355845632 -0.9674711341409503 -1.053217783666543 -1.311181645397455 -0.7518046213118675 -2.60490424414208 -1.723043530801294 -15.26645854660643 
-1.387413990789517 -2.597287311612007 -1.692261177461786 -1.036603465205505 -0.368622316152625 -0.5023689899885314 -0.6660444841166632 -0.7584034159039121 -0.7096333085019755 -0.8107514075727021 -1.192309 -1.28168115909868 -2.411332459442862 -1.029361369670041 -1.293405939397322 -0.8278106985950937 -1.81107908699789 -1.910136327967686 -1.121018512245461 -0.9914943802080938 -0.5016565732325359 -1.878183137703748 -0.9995343689859024 -0.9531548565957675 -1.148435996861752 -1.252115765129358 -0.7846040935586724 -2.742086946369741 -1.800139293086631 -15.06786004660643 
-1.369141565698461 -2.582966932804097 -1.655003976586999 -0.9825011583773808 -0.4076659913703604 -0.4137571469460776 -0.6571314531321613 -0.7365148583844631 -0.6975240470114898 -0.8669508261038621 -1.175976 -1.255707599624947 -2.30829913757967 -1.165346372079523 -1.385898121431124 -0.876806023869788 -1.776337943725566 -1.876978621673525 -1.087336685361634 -0.9363790921302367 -0.5528769624281172 -1.933058709768436 -0.9870687046925811 -0.9501040212466396 -1.164742294966183 -1.249811465833466 -0.7601795942813748 -2.686333528848486 -1.777313438688934 -14.85468704660643 
-1.413705720857494 -2.359481308010051 -1.641083098385163 -1.007280186216393 -0.5576457479716959 -0.4344431562226163 -0.6837935111127776 -0.6110141011179323 -0.5153042163508412 -0.8146891543990054 -1.159643 -1.219096206075646 -2.322256303961198 -1.374868995933898 -1.327797061700393 -0.9053372731981097 -1.730231718565498 -1.852736622428522 -1.048550617619884 -1.134877472104772 -0.5793127484889846 -1.953950875017638 -0.9614922841119862 -1.069795658726572 -1.198670450655995 -1.065661472335155 -0.6998169786915305 -2.527742786207563 -1.747759446540226 -14.64807854551188 
-1.340750068642055 -2.323868314288035 -1.634710788919194 -0.9531584796582064 -0.5505668358471107 -0.4516284460788842 -0.7054404062525176 -0.6465524240327989 -0.5015680938908236 -0.7956430497036915 -1.14331 -1.190366984916889 -2.339989363543065 -1.407950865974526 -1.381621189334752 -0.870795671309835 -1.781917865353194 -1.843787830349368 -0.9956060176021775 -1.108572255721796 -0.6169387483608588 -1.907378890871445 -0.9346998273011118 -1.195915411249444 -1.184542141282871 -1.275178510796309 -0.6757249808041955 -2.464069628871367 -1.580429748060608 -14.43775284551188 
-1.279879988031387 -2.304376525001894 -1.541567664817289 -0.9227342046211271 -0.4694340945877083 -0.4434422955733347 -0.6912620006604697 -0.9782015322947397 -1.095045673556747 -0.7300777021950161 -1.126977000000001 -1.16180291101372 -2.244155680755154 -1.400146482165238 -1.304616216267455 -0.8206376600129301 -1.763644678497615 -1.800352165610731 -1.014897345563482 -1.163911278231163 -0.5465847483608588 -1.856079471927968 -0.9444554163425816 -1.190754269538328 -1.147204199039181 -1.31536049362517 -0.6208499330734675 -2.509346720629106 -1.902881415125326 -14.22457984551188 
-1.232221110619705 -2.184686891540041 -1.629977128598875 -1.051656689462029 -0.522782786237129 -0.5019262788844315 -0.7351063782487479 -0.9970382961831141 -1.145611277140813 -0.6066244103872807 -1.110644000000001 -1.131627246948932 -2.253803594363434 -1.479999290376273 -1.324625512075602 -0.8236682545618452 -1.712795472307429 -1.776745137149487 -0.9742619010675688 -1.161665560109178 -0.6258785715459283 -1.787854333986714 -1.081413256584531 -1.285533335041959 -1.064663658485923 -1.248478166540709 -0.6062609171593518 -2.418225174755215 -1.897635235613428 -14.01756742316698 
-1.208639099801144 -2.282397605395683 -1.633961701568088 -0.9651900952021457 -0.6892438002600363 -0.507903508510787 -0.6866310185665653 -1.111521360378509 -1.077031966975902 -0.5464116150813599 -1.094311000000001 -1.121339081340409 -2.141117828095688 -1.623468780474695 -1.288380444845396 -0.7977930559144039 -1.676974484958988 -1.776423079051783 -1.006345331813054 -1.103532464644314 -0.6269062769636362 -1.754223935457341 -1.098882011553633 -1.218790754375374 -1.138972171900419 -1.282821179963039 -0.5827420835678232 -2.448335234834174 -1.790441841107091 -13.8133084052678 
-1.117528650052794 -2.298292855831463 -1.607130464459376 -1.050940550878328 -0.7299031922273727 -0.4689306145781758 -0.8190347673537781 -1.231886980595736 -1.150268071155888 -0.5887410778341028 -1.077978000000001 -1.156588469095629 -2.098108790066035 -1.564304829592843 -1.221956694188423 -0.8444368970814634 -1.680873389396064 -1.851780636524499 -0.9967795164451395 -1.05067349335557 -0.5907675307799524 -1.672839543438576 -1.088564841577502 -1.234068721944092 -1.117172443115477 -1.180868341631848 -0.5051938442409426 -2.283591523781352 -1.647291477711147 -13.6035792778067 
-1.084895510281277 -2.30046855093716 -1.510335368320241 -0.9491108269135903 -0.7701766491395416 -0.4659920887888528 -0.7606830293356841 -1.21129100478966 -1.044834269426433 -0.6217244578866914 -1.061645000000001 -1.113334069095629 -2.036457017013666 -1.592307291401608 -1.193600377583747 -0.7595964518113612 -1.68892765512356 -1.825989386985063 -1.016771641150974 -1.002290930209532 -0.5899905884056563 -1.633031328638372 -1.123765818959152 -1.186666110987686 -1.088879169631351 -1.184349151697428 -0.5425398392107098 -2.312079006931945 -1.76125994436326 -13.3904062778067 
-1.024805841608259 -2.206287307544175 -1.428507332392192 -0.9064346104020882 -0.740717925705251 -0.5053503069792246 -0.7433314819526569 -1.157129666212069 -0.9062537509751732 -0.6086978963781584 -1.045312000000001 -1.101557397541548 -1.945780076340672 -1.579692210257782 -1.262672290080638 -0.7677928909319169 -1.683006526459633 -1.868480403915485 -1.024485101133557 -0.8706804123094731 -0.6208401231747711 -1.669902685365368 -1.213504732244872 -1.185005223155345 -1.136636569631351 -1.152712986703233 -0.4908837859263055 -2.246314490200366 -1.580097718359909 -13.18191962671954 
-0.9312585053224415 -2.109074450470276 -1.389320028036534 -0.9054524946640342 -0.6799196483749606 -0.4535543033896251 -0.7397784035632886 -1.102716899581277 -1.103582279049507 -0.6661160252581145 -1.028979000000001 -1.112900274129212 -2.002088593305501 -1.529895558615669 -1.272529103971103 -0.7400711050651221 -1.683004728406609 -1.87391477311785 -1.132740322070103 -0.9462090602957718 -0.6246681255409948 -1.69559389331986 -1.208513635288584 -1.151194312381941 -1.090291344049876 -1.141580544878722 -0.4676393560219852 -2.259043094744719 -1.453992920183653 -12.96874662671954 
-0.9201271514924653 -1.992789528587526 -1.307118410826494 -0.8587579810757405 -0.738985722738529 -0.4035723660492001 -0.6670179028549574 -1.079318561753589 -1.300361096166642 -0.5200510330911148 -1.012646000000001 -1.104896001727151 -1.948042790109235 -1.73660153972021 -1.222292673723586 -0.7976638241372841 -1.656466229903135 -1.80691317311785 -1.080324064184754 -0.8424039184756927 -0.5739231327935566 -1.660103538504634 -1.117596436099499 -1.104129910390936 -1.08806512840053 -1.339242892760887 -0.4287481580331218 -2.226129215370916 -1.96175195843394 -12.76021070395727 
-0.8663028118682623 -1.857184203084094 -1.238586238007219 -0.8444809333587143 -0.5731260323260772 -0.4805828884131474 -0.5746021529689415 -1.190066462373598 -1.128933421220779 -0.5076521987313649 -0.996313000000001 -1.100694269246511 -1.935889748781835 -1.687639769712028 -1.134226667680913 -0.7884810618461808 -1.624167273016813 -1.73991157311785 -1.026287025904399 -0.8437066342578058 -0.6165747064029612 -1.623179109178091 -1.01233403974992 -1.119297261907736 -1.179069599358085 -1.404041712480499 -0.4801513519406442 -2.390708812034581 -1.804379199903331 -12.57679520395727 
-0.8130457511710643 -1.91626610944015 -1.192919861013588 -0.851125813370206 -0.5285022646694389 -0.4307791615208656 -0.5556140864840118 -1.210025202263747 -1.104577676277366 -0.5392505994302534 -0.979980000000001 -1.082901157811382 -1.891161541708942 -1.57249908022496 -1.099588532755455 -0.7493721159358606 -1.556629073016813 -1.787321817541983 -0.9455377682406626 -0.7424942766620428 -0.5697954432392629 -1.58465442345732 -1.033188261370935 -1.117619376724942 -1.181318950777825 -1.365788799659691 -0.4471990690276051 -2.37507752094714 -1.899876629400435 -12.36362220395727 
-0.7049840743876665 -1.889783309657809 -1.196870654201801 -0.7526099489821865 -0.6758731071675506 -0.4563877367758452 -0.5763557601045903 -1.23449794282084 -1.175974278398298 -0.606123411666643 -0.9636470000000009 -1.047757475960842 -1.861135853978941 -1.492928914010432 -1.140772994894521 -0.765306378613958 -1.504502868950596 -1.797216510583783 -0.9357464358192475 -0.7547882391947967 -0.5221364712237831 -1.674564059382209 -1.040564776724388 -1.129646640663057 -1.18905287692041 -1.473546108118237 -0.4236337432229126 -2.457220077381713 -1.657162555567256 -12.15245105352255 
-0.6882607401329165 -1.846710921377211 -1.356507089210021 -0.6500381133870257 -0.5997016828660067 -0.4617920852500315 -0.5969813723821822 -1.158301289113347 -0.9884229148300688 -0.5526456029375734 -0.9473140000000009 -1.029218966681427 -1.821052192037904 -1.460179050545038 -1.113418720473417 -0.6978625786131752 -1.460124910384957 -1.750068767268504 -0.9409626773313089 -0.6759053946269482 -0.5308353454857875 -1.583305263759836 -1.042900755443806 -1.068846805661197 -1.181474091800399 -1.357313479365223 -0.4127709431372628 -2.418961964430438 -1.656586105725929 -11.94479588360826 
-0.7138071514019378 -1.701276648111615 -1.260863115537949 -0.5751178353755315 -0.5454128033120123 -0.3924194945393608 -0.5845654162910112 -1.0707205626757 -0.9974267815011688 -0.4976253731650926 -0.9309810000000008 -0.9901764061310991 -1.781024896892059 -1.330551525542428 -1.098407988764749 -0.662725386980854 -1.417100192575791 -1.727131949922122 -0.9833173589512506 -0.5781134988493818 -0.5164753139310077 -1.508835913537582 -0.9436810417652929 -1.0358076134334 -1.180959749741722 -1.268041277247179 -0.3734118890059037 -2.45633453639947 -1.400724157580679 -11.75247158360826 
-0.6920261696768407 -1.604003797531166 -1.207323974272973 -0.4510598179325542 -0.5787610961159326 -0.4119737988895961 -0.5322382305124589 -0.9638425271921677 -0.9407299405256945 -0.5246724459427305 -0.9146480000000008 -0.9716651357317154 -1.687115376769754 -1.330218274463329 -1.051722033028437 -0.7063605129867714 -1.384258701293608 -1.706608919579062 -0.950120302008301 -0.5825747540132701 -0.4811401926352866 -1.463406218648077 -1.033099351212624 -1.005950704166799 -1.15930745929786 -1.331839730741672 -0.3725606214661275 -2.440712034932318 -1.171166670606467 -11.55230378360826 
-0.6637161179847264 -1.511536649019867 -1.225799591902542 -0.4090219344492192 -0.4774954834888547 -0.4216448616698136 -0.5753741208243636 -0.928439829623956 -1.020300600039367 -0.6095262240969062 -0.8983150000000008 -0.9424547399568266 -1.818358844430214 -1.260806119213431 -1.063631772528444 -0.6378411776144969 -1.352352373771327 -1.667220351731759 -1.04175005449304 -0.6018798740311515 -0.4603981712077101 -1.39157884838031 -1.068584907163653 -1.071904870317223 -1.176363347275272 -1.338178486110306 -0.3801909957806109 -2.516243700893553 -1.069102410839983 -11.33956903080053 
-0.5769785390906659 -1.303541045566045 -1.202779556375967 -0.3771324097057719 -0.4922463032038877 -0.461498464499387 -0.5891844972670389 -0.8438009845564631 -0.9919158053931624 -0.6544967351309067 -0.8819820000000007 -0.9039353436117628 -1.753093190808054 -1.212692911254182 -1.013212242522329 -0.6332550890042853 -1.35850003737543 -1.634386054059854 -1.008828704154555 -0.5522531432474644 -0.4870389735453478 -1.341700231703748 -1.003412086309086 -1.027596367972899 -1.107122095864977 -1.218050447734699 -0.3675080714125584 -2.402931082659573 -1.076155180098245 -11.12650023080053 
-0.6231989129356857 -1.08535722964438 -1.155091742225659 -0.4394032365437097 -0.5465093573161144 -0.5093257185869589 -0.5727823241806875 -0.8682509855456204 -0.9756145016110859 -0.7282391982778393 -0.8656490000000007 -0.87583291803096 -1.657544351563975 -1.340428868624355 -0.9842514248824736 -0.6258503966543623 -1.349295615357725 -1.638252011945555 -0.9858973360711334 -0.5887493054704435 -0.4570907490829914 -1.266949813693036 -1.155171462199458 -1.026157495606176 -1.126777830109666 -1.182684805907994 -0.3580043389888889 -2.434082105423909 -1.119773748386766 -10.91939907750977 
-0.6269037925810877 -1.018628274482524 -1.08594614386613 -0.4029182972567281 -0.446533666074833 -0.4865424249791024 -0.5940004395372048 -0.7809840357584982 -0.903198698686641 -0.6181092878789085 -0.8493160000000006 -0.8432625189141482 -1.640052747171724 -1.394601722225345 -0.9859517238671857 -0.6387380230462441 -1.303094141714331 -1.571250411945555 -0.9433805203052442 -0.4639197764307395 -0.4063419032935757 -1.194611199018212 -1.149176604181591 -0.9542987307299523 -1.131693657910944 -1.140680078313764 -0.2940999156698815 -2.238975593346978 -1.067311943305778 -10.71678887750977 
-0.5516060491105311 -1.126349295623833 -1.090642599461785 -0.3950423188865111 -0.4679204854969956 -0.4780199973682048 -0.6570704481828115 -0.8261082562327179 -0.9125536355463796 -0.8538689972569905 -0.8329830000000006 -0.8001581016907697 -1.726667122148243 -1.524756721912502 -0.9232748745308099 -0.6487314318150232 -1.253043562770428 -1.530256272589658 -0.8956349695627623 -0.4754608325078228 -0.3415924510293984 -1.231640333657693 -1.072566764631487 -0.975626863104899 -1.169633516908097 -1.137463697309701 -0.3616423468615103 -2.27268501714458 -0.961993758492325 -10.50361587750977 
-0.5225144634705244 -1.173775253622901 -1.081731671603418 -0.4055873965200801 -0.4661761607521356 -0.449202682985171 -0.7286745668810181 -0.7529219601091622 -0.9248873770137541 -0.884341650703214 -0.8166500000000005 -0.7883296149066498 -1.637075132872966 -1.354492677848881 -0.9006052091399497 -0.6340497734287835 -1.231928768105543 -1.50338225253965 -0.9802513025930386 -0.4871607017600331 -0.2821609283361808 -1.145037273662855 -1.013286825572602 -0.9113218501956406 -1.180121826581687 -1.148803308475581 -0.3315364814518851 -2.282189672460865 -0.7882338253308395 -10.29044287750977 
-0.4829550293782869 -1.482312166693538 -1.019463132533509 -0.4407112584910843 -0.3990826960580892 -0.4154260065340897 -0.6512591325164004 -0.7378289812984671 -0.9240273025997869 -0.8483148564407209 -0.8003170000000005 -0.7876682343253915 -1.633909139548964 -1.317821794811612 -0.8543427829828698 -0.69733120472345 -1.181996140402507 -1.472324397942383 -0.9770058909914953 -0.5740692451839947 -0.2805094849187768 -1.114257355491264 -1.018373074178203 -0.8421674920028019 -1.135437571195552 -1.244500924233626 -0.3326180930034928 -2.232438331439113 -0.8370247118441062 -10.07726987750977 
-0.4830278827109878 -1.446313005091481 -1.153608037623237 -0.3738617104330697 -0.3150586842152251 -0.4765897873284667 -0.6044389801567879 -0.6159855308524306 -0.923565321742261 -0.8626465818893642 -0.7839840000000005 -0.8086721110455901 -1.626043376093821 -1.223323309369816 -0.805425065936995 -0.6873676550411411 -1.149084279713844 -1.462523110536528 -0.9728583684575318 -0.5399037072895257 -0.286998147146474 -1.028348140032576 -0.9497105603568258 -0.7914315241812719 -1.139516826126092 -1.19515685721636 -0.3905638736488343 -2.135600261333467 -0.8030114416051379 -9.868186889765456 
-0.5104333982166301 -1.466655158950263 -1.149120737623237 -0.2885226005910098 -0.2790388955249458 -0.5211122248743382 -0.5776795280635626 -0.5129131871054271 -0.7402771494809275 -0.8532029417671343 -0.7676510000000004 -0.8112079729721986 -1.614920057431794 -1.366523468896232 -0.7796946098848165 -0.6525375053974625 -1.120324836782606 -1.427347402228091 -0.9167234541459313 -0.5148048371793423 -0.3203064393902226 -1.034016880395829 -0.9000923540020791 -0.7631354419316004 -1.058391203864208 -1.095402976077618 -0.3529860633527013 -2.043716081527749 -0.8247641064952742 -9.655013889765456 
-0.5802568054451774 -1.362021955971507 -1.11938794100849 -0.1947712798042609 -0.3829845550863009 -0.5368038723979186 -0.5208134300860805 -0.4693666693973595 -0.6582702352122509 -0.8684684262920603 -0.7513180000000004 -0.7906979993511066 -1.594821153608384 -1.342239227419828 -0.7390289538956045 -0.6647365290025948 -1.106915445591812 -1.391792198787914 -0.8815779578052698 -0.4892509436464367 -0.2775035302723854 -1.116664558509203 -0.8127734379922 -0.6740412189022409 -1.035896244249356 -0.9890674730655771 -0.2889191589452633 -2.020982702909186 -0.7763048868500948 -9.443887340128658 
-0.582095883268006 -1.293211460256748 -1.10735372470756 -0.1312332618918906 -0.3188563413734234 -0.5899416234048362 -0.5535461786875713 -0.5425435431152065 -0.8521323827373587 -0.7994104793719463 -0.7349850000000003 -0.783713510694475 -1.543616433582738 -1.229949104938741 -0.79076784759695 -0.7146093296989379 -1.050868941658123 -1.335268304294398 -0.8925035716070353 -0.5946924724597649 -0.2715013698078917 -1.144004897546275 -0.9235351202511646 -0.6627968617860752 -0.9809421299990855 -1.198081084613765 -0.2588623708276341 -2.174830046504138 -0.9474000993316436 -9.247033641600543 
-0.5814711864543837 -1.26607394384306 -1.051421364055976 -0.05398393994450402 -0.3437601408096655 -0.5626468897411067 -0.5910055686679732 -0.5320135589697723 -0.9635808387137429 -0.9235550498365204 -0.7186520000000003 -0.7974344001001176 -1.473023092782049 -1.215948270181603 -0.746986106102532 -0.6548561947148809 -1.01064180048148 -1.285087688964751 -0.8956568632375733 -0.613323237956949 -0.2872084794298529 -1.163672679663723 -0.8975967538473733 -0.6216453748168476 -0.9247102184336413 -1.120756302836522 -0.2093480738841988 -2.046739661366411 -0.9553123944789811 -9.033860641600544 
-0.5249780639470674 -1.263191419205598 -1.005019427301106 -0.07284403428759581 -0.2941784317563241 -0.4805963354919502 -0.6116681379282174 -0.5154886284037655 -1.002395118533368 -0.9566079773193261 -0.7023190000000002 -0.7648784644750166 -1.432762308829058 -1.062484004664725 -0.770586684190426 -0.6205119274646492 -1.027988635617745 -1.294800871890709 -0.9353608813699185 -0.5882791709120567 -0.3039950386652893 -1.089100965341642 -0.818831706424885 -0.7207932785419284 -0.912618222713689 -1.053307635926139 -0.1576504289281451 -1.950668343960182 -0.8327602896547015 -8.827326741600544 
-0.4532917589579436 -1.343616321736334 -0.9955240553043754 0 -0.2832112649695228 -0.4613867348081857 -0.544203326567898 -0.442309926281221 -0.8874490157474353 -0.8357026510044203 -0.6859860000000002 -0.737687320621619 -1.375912762811078 -1.125171842255022 -0.6962854674548102 -0.5427488366417003 -1.088185339656213 -1.241499863156243 -0.9276382516894242 -0.5318971186945951 -0.2436393787416925 -1.115858012254467 -0.7224757647393905 -0.591316145043732 -0.809005047506399 -0.8592778366313287 -0.1147069084684867 -1.837526462596761 -0.8554230358146951 -8.631241148453881 