/***************************************
* STOCHASTIC OPTIMITZATION
* OPL S2FVPP Data Generator
* by Jordi Mateo Fornes
* Model = S2FVPP; Stochastic (2S) MIP 0-1;
* Representation = Compact Representation;
****************************************/
I = 100;
P = 30;
C = 70;
G = 1;
p = [ 0.01 ];
pc = 0.01;
ORCHARDS = { 1, 2, 3, 4, 5, 6, 7, 8, 9, 10, 11, 12, 13, 14, 15, 16, 17, 18, 19, 20, 21, 22, 23, 24, 25, 26, 27, 28, 29, 30 };
CUSTOMERS = { c1, c2, c3, c4, c5, c6, c7, c8, c9, c10, c11, c12, c13, c14, c15, c16, c17, c18, c19, c20, c21, c22, c23, c24, c25, c26, c27, c28, c29, c30, c31, c32, c33, c34, c35, c36, c37, c38, c39, c40, c41, c42, c43, c44, c45, c46, c47, c48, c49, c50, c51, c52, c53, c54, c55, c56, c57, c58, c59, c60, c61, c62, c63, c64, c65, c66, c67, c68, c69, c70 };
CGV = [ 12.3627, 25.4853, 10.2329, 20.683, 21.6957, 11.0756, 12.6637, 23.7192, 29.747, 24.3349, 1.6333, 4.32544, 17.4201, 25.5003, 10.542, 10.3069, 6.75382, 6.70016, 11.987, 21.4619, 7.0354, 11.8772, 18.5623, 13.2509, 13.4674, 27.7698, 8.32329, 29.4574, 27.4332, 21.3173 ]; 
s = [ 2.84972, 2.63639, 2.93451, 0.881518, 0.485698, 0.306994, 0.525129, 0.687612, 1.28742, 1.62071, 1.89602, 2.57658, 2.98629, 1.68668, 1.96442, 1.15665, 2.91276, 1.99352, 2.48752, 0.680003, 0.552075, 2.98777, 0.270194, 1.38969, 0.820449, 1.419, 0.795921, 2.74378, 2.73897, 28.9432 ]; 
CSV = [
        [
          [ 1.65829, 29.9336, 5.91692, 14.5352, 24.3447, 14.6793, 9.46473, 19.0054, 24.0332, 1.88654, 29.6406, 14.0718, 24.9607, 1.97664, 3.69392, 25.5543, 2.22825, 6.51216, 24.091, 29.9183, 18.8331, 9.54593, 10.062, 11.0329, 7.46114, 15.789, 11.8103, 1.0158, 29.0314, 13.4563 ], 
          [ 14.0034, 28.8165, 27.3451, 22.813, 20.2569, 29.7953, 15.5633, 16.1267, 29.4926, 1.60703, 25.7007, 5.72093, 28.4548, 16.3763, 15.3855, 9.75782, 26.2641, 10.605, 5.43645, 9.26536, 24.7734, 1.39548, 13.3951, 29.0273, 1.24645, 17.1677, 8.56157, 2.22681, 7.99426, 25.8562 ], 
          [ 28.5648, 19.3179, 29.3925, 11.6482, 7.45538, 18.7846, 25.0313, 25.153, 28.3048, 29.0274, 19.3453, 3.90329, 29.3826, 6.11241, 16.4389, 27.8957, 1.20021, 11.1061, 2.49957, 2.18162, 22.6875, 26.142, 27.639, 9.44812, 24.1653, 1.49299, 5.72515, 13.0798, 3.05877, 16.4843 ], 
          [ 21.172, 8.62034, 8.4993, 8.16198, 25.1904, 14.1799, 22.5567, 28.2031, 27.628, 18.0432, 9.15813, 19.8509, 3.87917, 4.06726, 3.08865, 20.9757, 9.47202, 25.7539, 22.3643, 23.5449, 8.16065, 17.6464, 25.0018, 14.5149, 16.3625, 22.7574, 14.6009, 18.1753, 19.3674, 19.3183 ], 
          [ 1.77899, 12.2599, 19.8341, 4.78803, 13.7744, 5.62539, 23.8179, 28.6594, 28.3945, 24.7134, 1.09751, 4.04808, 20.8742, 25.5501, 23.1205, 16.4339, 17.9322, 5.08826, 2.06351, 18.0298, 20.2397, 12.0899, 2.95914, 19.8237, 16.0487, 26.523, 16.085, 5.59806, 21.0221, 18.5808 ], 
          [ 24.5083, 19.8979, 29.3535, 18.8466, 12.7748, 26.7341, 4.46942, 22.5765, 5.67439, 8.24678, 26.7547, 24.6031, 7.67191, 19.9749, 2.52144, 27.8137, 20.7948, 27.7066, 11.8193, 11.0405, 15.2594, 4.66773, 11.2369, 23.0839, 18.1086, 6.15183, 10.5615, 11.9429, 5.45417, 19.6894 ], 
          [ 20.9601, 12.0809, 29.8096, 8.12646, 3.73355, 28.3369, 22.3335, 17.5723, 11.3786, 8.63219, 29.9172, 14.5106, 24.9455, 25.9529, 13.803, 11.3904, 14.5504, 19.7597, 26.6336, 16.1331, 5.22929, 7.52427, 4.886, 14.837, 8.06111, 17.926, 3.58855, 10.7752, 10.2817, 28.989 ], 
          [ 15.416, 3.81569, 8.54916, 16.4515, 18.0772, 18.6639, 4.38296, 13.1695, 12.4963, 14.8719, 29.6517, 18.9091, 29.458, 5.39154, 4.35331, 5.45056, 11.515, 25.1594, 3.06445, 26.7222, 6.25198, 24.3796, 4.00331, 21.9976, 21.1659, 25.6185, 9.80211, 16.6702, 26.1727, 8.15038 ], 
          [ 7.08561, 1.13034, 24.955, 17.696, 10.5478, 16.2705, 4.05863, 24.4629, 19.3107, 8.89079, 27.5092, 12.8489, 13.7213, 29.0775, 19.5549, 22.9666, 8.44776, 15.7437, 4.40865, 21.9949, 9.10681, 14.4496, 4.35176, 29.1461, 1.37073, 24.8772, 29.8878, 4.29533, 13.5762, 2.74359 ], 
          [ 3.46006, 14.0817, 22.1616, 14.9881, 24.0399, 23.8448, 16.4587, 11.1411, 9.77718, 11.4949, 7.62055, 7.26729, 3.5777, 4.91217, 13.6496, 26.3621, 4.73344, 23.2488, 4.97641, 19.0763, 1.79387, 3.08271, 11.3453, 29.5802, 1.10965, 2.31832, 6.71878, 3.24256, 14.187, 14.649 ], 
          [ 9.30645, 14.2318, 16.5637, 8.13061, 1.29465, 8.02492, 21.8482, 3.61722, 29.2532, 27.2221, 14.1275, 1.7936, 8.2406, 16.754, 28.0909, 14.0575, 11.8741, 11.29, 6.28392, 11.7509, 3.26562, 23.2426, 12.1391, 17.6047, 20.2718, 2.15559, 19.2122, 10.6354, 19.9406, 27.6788 ], 
          [ 10.7322, 21.3688, 6.60967, 22.8609, 3.97735, 9.22953, 29.5231, 9.76024, 2.07024, 19.8964, 2.80352, 1.58172, 24.7724, 9.18632, 1.78556, 10.0315, 21.0255, 3.56723, 6.75478, 25.9843, 29.0817, 15.2963, 8.73999, 1.91302, 5.43609, 5.35887, 19.0561, 25.8943, 8.58202, 28.9428 ], 
          [ 15.5976, 27.4387, 28.7556, 24.9863, 4.44454, 29.7667, 6.84093, 23.2506, 25.5113, 19.7752, 26.8169, 29.5883, 13.8314, 23.4918, 21.8617, 2.94538, 13.1156, 7.85864, 15.6098, 8.3941, 17.8055, 12.9609, 25.4093, 12.8456, 1.61816, 24.8184, 26.08, 9.82682, 10.9232, 19.5016 ], 
          [ 3.64886, 20.0443, 14.8609, 10.32, 14.4719, 22.2788, 25.6768, 8.45049, 13.7536, 22.6469, 6.62982, 15.6871, 14.8422, 16.4553, 10.6786, 5.74209, 5.40189, 22.361, 5.06725, 25.1401, 6.76267, 18.1834, 2.76166, 28.6801, 19.239, 18.1797, 14.0385, 9.97537, 2.13192, 18.9111 ], 
          [ 1.57442, 21.9646, 4.01996, 11.8638, 29.3264, 5.517, 19.5986, 2.28864, 10.5044, 10.7826, 10.7355, 27.2688, 28.5388, 15.0208, 7.45746, 25.4538, 13.9373, 5.7325, 16.6479, 3.44857, 20.8839, 29.6071, 11.2177, 19.9169, 7.23154, 11.5969, 17.1809, 7.3842, 20.3523, 15.3463 ], 
          [ 25.4835, 14.2838, 11.4662, 19.398, 22.7535, 10.5366, 10.1033, 15.6373, 20.8477, 22.4283, 22.2067, 22.5329, 20.1484, 10.2739, 4.5941, 4.7435, 25.6686, 24.7105, 25.0751, 20.6488, 22.5823, 19.7261, 22.0414, 23.0571, 6.92115, 24.1845, 9.00889, 13.875, 13.7342, 18.274 ], 
          [ 18.8249, 3.77471, 26.1494, 25.5981, 24.5124, 26.4044, 7.68857, 19.3699, 9.9084, 6.33447, 5.68162, 7.02401, 19.2074, 27.181, 11.6531, 14.9096, 6.21601, 14.4922, 5.23162, 17.2798, 20.2533, 15.035, 26.2147, 12.671, 6.526, 5.79422, 17.0932, 2.11746, 27.6152, 27.4053 ], 
          [ 13.5651, 22.1538, 11.2084, 5.16844, 22.484, 12.3522, 21.2217, 27.1715, 1.07844, 1.96339, 18.8197, 13.3857, 29.5435, 23.5011, 11.8992, 29.933, 19.0549, 20.3797, 29.9326, 10.3676, 18.5641, 28.3438, 11.6461, 4.76224, 27.7721, 4.16119, 29.9705, 3.97289, 29.3641, 26.9801 ], 
          [ 8.5434, 19.1296, 2.32536, 20.8522, 20.4188, 17.9616, 22.6161, 24.6479, 28.7965, 3.59226, 19.2609, 23.2566, 4.3773, 5.15862, 11.8528, 11.7183, 21.6469, 7.28455, 14.435, 23.4019, 18.0057, 24.1257, 12.0139, 8.79221, 17.0552, 26.3667, 24.7942, 19.0066, 10.6263, 2.78564 ], 
          [ 23.0922, 20.5979, 20.5631, 24.7829, 27.606, 5.55026, 5.17658, 11.6116, 17.731, 14.6158, 5.71239, 12.3371, 7.73986, 7.86544, 1.3354, 20.7072, 7.19064, 22.1314, 5.62768, 18.2652, 18.6295, 8.52237, 27.3914, 4.69161, 11.7323, 9.70762, 22.9972, 16.0105, 24.1488, 26.5868 ], 
          [ 2.88652, 20.2935, 18.9909, 4.9727, 7.46634, 3.87023, 2.68337, 13.8274, 23.9088, 2.72504, 28.2784, 11.1898, 20.8662, 24.4736, 15.7973, 21.6366, 5.94588, 15.2422, 12.0561, 25.6105, 13.2105, 27.3224, 9.59571, 6.67188, 27.9268, 2.43319, 18.4262, 21.1001, 18.8835, 16.7972 ], 
          [ 16.2165, 21.1509, 15.0995, 19.8521, 1.57861, 21.2185, 13.1725, 24.2345, 29.723, 25.9268, 7.7033, 3.7644, 21.4243, 11.8899, 19.6479, 1.43276, 25.2738, 15.6442, 4.09322, 18.991, 9.40605, 26.0755, 22.8066, 10.7178, 5.92981, 7.20888, 13.2651, 28.42, 13.525, 28.2963 ], 
          [ 20.3775, 23.7178, 26.7233, 28.861, 15.7846, 27.3384, 14.2598, 28.1713, 1.71623, 9.5432, 10.9435, 6.49578, 4.39047, 20.7319, 7.28473, 23.836, 15.592, 26.628, 13.3421, 24.8946, 15.8302, 21.3187, 3.91076, 18.7946, 14.7989, 16.298, 7.47696, 10.8897, 13.9406, 16.0167 ], 
          [ 11.5786, 16.6806, 12.5443, 5.63639, 7.93566, 25.3416, 3.71782, 9.34987, 26.3256, 27.1124, 9.23217, 4.03673, 12.7239, 27.7539, 17.5523, 14.5086, 5.87, 14.3869, 1.59337, 3.72799, 19.5287, 23.5653, 20.3548, 1.55219, 28.0374, 15.6333, 10.4758, 16.0123, 23.8563, 7.11193 ], 
          [ 19.2863, 7.99312, 15.8811, 11.2437, 6.95441, 2.7783, 3.51468, 28.0338, 13.2138, 3.54204, 15.0115, 22.2271, 1.04068, 12.131, 4.79306, 8.54937, 2.40528, 11.6003, 8.19903, 4.52917, 11.66, 11.7153, 28.305, 13.4644, 22.4615, 29.6399, 17.0323, 19.7542, 11.1533, 4.30814 ], 
          [ 7.12246, 12.8726, 16.1741, 28.4911, 25.227, 25.5972, 13.7229, 2.73493, 2.14352, 8.93311, 9.81388, 12.4401, 26.8941, 12.2579, 1.9625, 26.2822, 5.37824, 16.0582, 16.624, 27.1453, 18.0994, 23.779, 14.9044, 4.67617, 27.6529, 21.6019, 5.9158, 9.59399, 5.43592, 17.9836 ], 
          [ 23.8875, 28.9384, 25.5575, 29.2985, 12.4781, 28.0616, 11.2421, 19.51, 27.8256, 23.2405, 12.5249, 23.9734, 4.7057, 8.85736, 7.54623, 27.5844, 5.51839, 13.3702, 24.5677, 3.93642, 7.86204, 1.76552, 3.5582, 9.53921, 10.3118, 14.0928, 10.6927, 6.60189, 8.83125, 24.4248 ], 
          [ 16.8986, 2.90513, 19.4051, 5.15546, 7.82081, 15.7251, 7.59404, 16.1381, 23.0034, 9.50815, 18.4562, 4.2453, 13.089, 2.06241, 21.3827, 5.39471, 28.194, 25.8676, 29.3627, 16.544, 28.4667, 27.382, 4.87408, 10.3765, 9.17915, 25.0033, 23.4979, 19.105, 28.2685, 18.7915 ], 
          [ 25.8031, 4.2968, 11.2523, 28.8724, 16.8493, 9.75734, 14.8054, 28.5424, 15.7583, 10.3517, 15.1393, 15.6334, 27.6429, 11.0931, 14.1058, 28.2488, 7.71364, 2.97128, 24.942, 25.0078, 25.1623, 22.8318, 29.6168, 7.46857, 15.7684, 10.1508, 13.7939, 14.3617, 5.3606, 26.3691 ], 
          [ 9.30356, 21.056, 20.9625, 2.48048, 27.8423, 1.79267, 18.6867, 17.3664, 5.53184, 8.44642, 27.0912, 15.4645, 24.8742, 14.1373, 2.23563, 16.8122, 21.5702, 5.61216, 17.3661, 12.9322, 8.34279, 14.712, 19.1663, 10.7736, 28.8636, 12.7223, 19.5928, 21.2384, 16.4934, 13.4282 ], 
          [ 6.37815, 15.9232, 5.38295, 9.63729, 19.3149, 2.30439, 12.8723, 7.56044, 22.5868, 5.93447, 27.657, 4.86714, 2.15784, 25.2901, 17.9908, 11.7162, 18.6916, 15.7055, 25.0572, 3.41828, 19.8085, 29.6436, 10.8746, 13.7938, 24.5717, 5.68666, 27.4026, 18.6332, 16.7105, 6.07089 ], 
          [ 25.5994, 10.3282, 23.8563, 16.5446, 16.1652, 24.4311, 15.48, 25.8186, 7.40211, 22.1222, 6.3827, 21.0639, 14.174, 18.1117, 19.4775, 25.2771, 1.96224, 26.4362, 18.8909, 13.1034, 20.1712, 29.4705, 20.1252, 6.7428, 29.0931, 14.7689, 6.6683, 4.75074, 13.7831, 9.74783 ], 
          [ 29.3562, 18.2627, 22.6073, 13.2853, 19.6732, 20.9904, 21.4759, 26.7268, 2.50803, 3.14241, 7.68063, 20.2174, 12.5138, 10.8919, 26.3385, 16.3135, 22.1284, 17.8086, 19.2617, 22.3664, 23.0539, 1.19179, 14.1006, 7.13619, 19.5407, 6.00917, 20.4677, 19.7361, 8.60856, 21.5833 ], 
          [ 17.3662, 14.8709, 14.7364, 22.7646, 22.1912, 17.6125, 28.99, 1.67796, 21.8631, 26.1606, 15.2315, 19.6263, 3.05457, 29.1631, 19.3263, 24.3416, 5.42034, 25.7778, 28.1095, 7.99378, 9.71115, 25.579, 21.1232, 4.31579, 5.56254, 14.37, 7.26561, 26.6146, 29.1046, 10.8442 ], 
          [ 22.6563, 12.529, 4.13518, 24.2627, 5.81734, 8.28966, 7.00231, 12.7119, 21.6505, 19.3997, 3.40051, 6.15491, 18.9079, 14.0662, 7.44019, 12.1979, 14.5797, 1.67701, 18.3662, 19.0286, 16.7755, 19.1083, 24.9318, 19.577, 2.0508, 2.12398, 18.4787, 21.4495, 20.9926, 23.1811 ], 
          [ 13.0919, 29.5588, 24.2666, 8.65244, 19.4115, 25.6802, 8.2871, 16.0955, 21.7698, 3.08659, 23.8453, 2.63125, 19.5308, 19.6571, 7.76806, 22.4786, 29.086, 13.8944, 9.68306, 22.1112, 14.3936, 20.891, 9.11161, 19.3909, 12.0626, 20.8683, 21.0951, 2.55624, 9.34877, 20.3058 ], 
          [ 28.4211, 8.30324, 3.619, 29.3598, 13.6026, 25.9625, 6.84059, 16.3305, 4.65786, 10.1453, 18.1015, 18.6969, 4.77373, 6.99154, 13.2426, 13.8711, 17.8433, 3.61431, 3.2782, 28.3713, 7.63204, 11.9089, 7.03477, 27.732, 18.8338, 8.29368, 25.7844, 20.2168, 24.4533, 10.8887 ], 
          [ 28.8834, 15.6158, 23.5872, 10.869, 23.2522, 8.93057, 9.22682, 20.5175, 3.08248, 20.6853, 20.4565, 22.5897, 12.9181, 23.8861, 11.0999, 14.7169, 7.38614, 5.10806, 4.21588, 7.89208, 8.05418, 8.33664, 3.83409, 16.8192, 14.2221, 21.5775, 13.9581, 27.4004, 4.06894, 29.5962 ], 
          [ 8.12686, 17.1181, 18.5006, 4.97957, 27.8754, 11.0065, 2.3319, 29.8916, 22.455, 15.7327, 14.8027, 21.6386, 27.2393, 12.9922, 28.9438, 14.0998, 11.9272, 4.67377, 22.776, 2.85298, 7.60307, 26.5864, 23.3906, 9.58688, 13.9641, 11.361, 14.4835, 26.5114, 11.4397, 2.10096 ], 
          [ 20.045, 28.4335, 24.2478, 6.45367, 22.1994, 6.40715, 24.3447, 25.6187, 13.9117, 23.5077, 25.5833, 7.36489, 12.7927, 17.8014, 27.7354, 29.9236, 15.0154, 15.2013, 16.4981, 1.53992, 13.6587, 19.813, 8.29893, 26.5586, 13.6202, 21.8348, 1.81353, 14.2666, 19.3635, 24.8535 ], 
          [ 2.39099, 8.09779, 16.1452, 1.18258, 18.3835, 14.3654, 10.4952, 29.5574, 6.14599, 2.56774, 19.5232, 1.41828, 22.6855, 3.32638, 12.2697, 27.9915, 1.47019, 8.74037, 16.4668, 8.5175, 2.6522, 26.9818, 17.756, 4.16364, 29.722, 6.58817, 4.78846, 11.2955, 7.15626, 9.36953 ], 
          [ 25.3754, 24.8759, 4.11716, 21.3452, 23.7133, 1.14347, 9.32652, 21.5815, 20.2986, 7.51652, 18.2688, 6.42012, 21.986, 17.1202, 17.3384, 8.74992, 26.6524, 27.4471, 28.3474, 21.2865, 5.18974, 9.10974, 21.1448, 22.538, 1.8259, 29.4555, 11.601, 7.17898, 14.3018, 4.14922 ], 
          [ 21.8722, 15.434, 17.9557, 3.93048, 2.88266, 9.06811, 1.45767, 20.3107, 27.9141, 1.69504, 7.73357, 16.4451, 16.883, 13.6421, 29.3056, 17.394, 5.18549, 11.7663, 10.042, 26.6307, 9.56398, 24.9069, 2.2313, 12.929, 18.0732, 2.77919, 14.9891, 23.8428, 28.3273, 4.18123 ], 
          [ 6.39059, 28.5667, 28.6249, 18.6017, 27.6159, 18.9366, 20.4201, 25.9646, 1.68232, 27.5298, 5.2572, 12.3345, 19.1372, 22.6161, 22.8997, 28.9257, 24.2951, 17.4727, 12.8076, 5.4591, 2.3565, 13.9616, 6.52034, 14.0496, 10.9781, 27.6508, 6.50793, 19.4558, 15.8642, 12.6432 ], 
          [ 11.2383, 7.97084, 10.3595, 23.7868, 5.69816, 29.3482, 6.92702, 27.3504, 19.5904, 7.50306, 3.19248, 17.3637, 10.101, 23.7601, 8.17696, 29.0936, 4.06569, 29.0067, 10.6416, 17.8316, 22.2402, 17.3904, 26.4239, 4.69982, 8.35212, 7.39923, 2.16345, 12.3792, 23.2852, 17.6754 ], 
          [ 20.1452, 4.46842, 15.8401, 1.15477, 18.9338, 25.752, 19.2604, 16.6657, 22.508, 15.8249, 4.66657, 25.4094, 15.6207, 10.9053, 20.0649, 11.2353, 23.988, 17.5069, 7.95502, 10.7538, 9.00354, 3.00862, 15.2023, 5.12487, 22.8989, 9.60985, 2.51156, 15.8226, 29.7205, 13.7291 ], 
          [ 22.073, 6.77333, 4.60773, 16.8953, 5.5515, 19.2675, 18.5689, 27.0819, 8.02694, 24.1693, 8.83675, 29.54, 26.6036, 15.1958, 27.8361, 21.846, 22.6532, 14.5532, 2.34439, 8.86324, 21.2388, 24.8786, 25.3222, 20.5227, 5.66182, 11.5383, 15.1894, 10.4854, 7.52234, 12.9646 ], 
          [ 2.88009, 11.7568, 25.2378, 28.1355, 7.04479, 4.86116, 22.2686, 1.53045, 24.1627, 2.18221, 25.4928, 16.6405, 28.0188, 24.7106, 27.7749, 6.85211, 12.9194, 25.354, 11.3982, 14.6371, 20.5679, 14.0676, 18.8442, 2.24451, 19.6783, 10.0957, 6.31143, 16.1372, 28.6624, 2.22351 ], 
          [ 1.23251, 8.14351, 9.97238, 19.9072, 8.76814, 27.774, 10.354, 17.0696, 28.6637, 14.6154, 24.9265, 7.06145, 21.4495, 2.21254, 6.34595, 18.8596, 20.4339, 13.8664, 15.561, 8.16546, 15.15, 26.2199, 19.0995, 1.82249, 25.0432, 16.1486, 19.4218, 24.5551, 15.3669, 27.5666 ], 
          [ 15.665, 6.00322, 25.7682, 23.2361, 11.6806, 28.5026, 17.2402, 24.1828, 26.3416, 5.98052, 23.3904, 11.7104, 24.9729, 27.468, 27.5651, 12.9405, 13.9971, 17.0132, 16.1419, 22.2669, 26.8044, 15.6303, 16.7166, 19.8317, 20.5924, 11.6579, 10.0808, 22.3976, 16.3593, 21.0286 ], 
          [ 10.7144, 18.4441, 28.1207, 21.3312, 5.84615, 18.0536, 5.75966, 12.3405, 15.231, 29.699, 23.3966, 12.3383, 8.63886, 4.04931, 12.3397, 11.2689, 20.8803, 3.52356, 21.6179, 22.0282, 26.6222, 2.23859, 14.9911, 24.4812, 15.9211, 25.346, 1.96588, 21.0451, 19.9527, 9.57668 ], 
          [ 16.862, 12.4558, 24.7417, 15.3315, 20.6207, 28.0945, 2.78611, 28.7913, 29.1674, 27.2618, 4.4022, 27.6788, 4.71589, 16.5215, 26.8929, 29.4748, 29.738, 6.21668, 29.7031, 4.80388, 23.4831, 21.9621, 14.8159, 4.22495, 28.3527, 5.85977, 15.3099, 6.97957, 23.1541, 6.10522 ], 
          [ 10.4552, 9.41428, 26.9835, 20.1521, 28.7719, 14.9873, 16.0263, 23.0487, 2.96676, 18.7327, 19.273, 17.1888, 18.3741, 7.2924, 24.5032, 1.52587, 1.32512, 27.9648, 1.98322, 11.0297, 1.70098, 14.6026, 27.9285, 29.172, 15.0414, 15.2448, 29.9218, 25.0127, 14.9605, 18.7781 ], 
          [ 19.7857, 28.1539, 1.60862, 2.56395, 8.14088, 12.9186, 1.62763, 10.1369, 13.8695, 2.62727, 12.0256, 11.2496, 11.8847, 7.86813, 7.75106, 26.4081, 21.3142, 15.9434, 16.883, 23.151, 4.85457, 6.54795, 17.1849, 17.5747, 18.498, 21.8688, 17.3401, 17.2722, 12.3344, 15.5048 ], 
          [ 2.17166, 5.18443, 7.67601, 19.4918, 25.8268, 5.49878, 20.8656, 17.4109, 16.7474, 22.378, 13.5041, 8.21676, 17.4071, 17.121, 17.5413, 3.67411, 6.61681, 14.917, 24.7657, 13.0539, 28.8249, 22.2805, 4.70641, 26.6881, 14.6117, 15.2516, 15.4914, 21.9456, 22.7564, 18.1844 ], 
          [ 28.2082, 25.1636, 27.6452, 12.4891, 14.1642, 15.4717, 19.3996, 25.2511, 6.70501, 7.32333, 22.2762, 27.4192, 15.1107, 11.3089, 19.6472, 11.0753, 15.9627, 1.44432, 29.0781, 2.62151, 13.9126, 9.17173, 17.5862, 18.6647, 19.1893, 8.67382, 22.494, 6.52403, 9.04579, 7.88417 ], 
          [ 21.2119, 2.2544, 28.8373, 23.3041, 6.98808, 25.5455, 19.9964, 19.879, 12.8397, 28.0972, 26.0214, 23.0838, 26.3891, 27.3368, 11.47, 24.92, 21.786, 4.46694, 19.6708, 11.594, 22.6089, 3.02758, 17.52, 14.8159, 15.1752, 29.2246, 11.9028, 2.27846, 1.83235, 21.111 ], 
          [ 5.55745, 7.8999, 24.4416, 23.8158, 9.1212, 26.9004, 10.5064, 14.8519, 15.8259, 6.85267, 29.7085, 26.5381, 3.41811, 12.8614, 17.7277, 26.3928, 12.5321, 25.7442, 17.617, 7.09566, 23.3389, 16.4354, 18.0214, 8.54998, 23.85, 13.6051, 26.7264, 22.4071, 28.0063, 1.95865 ], 
          [ 4.76696, 8.80886, 21.4894, 1.37851, 19.7531, 8.63969, 17.1974, 27.5221, 26.5767, 18.6534, 4.97638, 4.87649, 20.6955, 1.44843, 13.3466, 13.5622, 28.9326, 28.0396, 8.81133, 14.1406, 21.1515, 10.4571, 21.0191, 10.0867, 20.6711, 18.4436, 29.8801, 27.5182, 21.5599, 10.6626 ], 
          [ 22.3998, 27.6932, 9.00779, 25.7289, 4.1132, 20.2445, 29.5835, 7.87139, 20.031, 25.3112, 2.65323, 5.8114, 27.5232, 6.40786, 15.9468, 12.9313, 18.6682, 4.67295, 29.9909, 19.744, 5.30797, 23.2899, 14.4749, 10.1324, 15.8229, 22.8798, 19.6947, 15.4405, 19.0192, 15.462 ], 
          [ 6.60946, 8.87966, 5.05043, 8.00918, 29.1805, 2.49735, 3.11792, 7.66557, 12.6366, 14.6161, 25.0196, 16.7592, 7.33818, 18.6825, 11.3659, 2.82484, 16.0835, 8.21495, 15.5624, 13.7083, 2.14322, 7.38436, 11.0232, 20.8951, 5.5442, 18.1026, 12.6733, 26.3455, 17.9462, 12.4696 ], 
          [ 1.38197, 11.1641, 28.8414, 6.36337, 15.6561, 6.98164, 28.0598, 14.0891, 6.233, 21.7144, 16.8231, 22.57, 15.6772, 23.6123, 20.7236, 8.34251, 23.9466, 9.44239, 13.1417, 28.2996, 23.2494, 5.04579, 5.05647, 29.0571, 13.4986, 10.1458, 6.55189, 26.303, 18.7366, 18.3642 ], 
          [ 24.4673, 2.64786, 2.87174, 2.88838, 18.4389, 21.5416, 8.86699, 5.77828, 1.94331, 25.8467, 14.3932, 19.656, 10.2538, 13.6376, 17.9871, 19.163, 5.63474, 15.7441, 2.84685, 18.7156, 16.5321, 23.5327, 13.147, 8.41327, 8.28412, 5.93398, 10.3581, 28.0149, 23.8204, 5.84538 ], 
          [ 22.8038, 16.9515, 13.3642, 9.56145, 17.3556, 19.1691, 5.51784, 14.2379, 28.4549, 8.01516, 1.90415, 3.16959, 12.0503, 18.2817, 27.2528, 23.3867, 10.7033, 21.432, 25.9604, 2.14174, 9.50688, 10.9466, 6.20969, 23.2134, 10.6944, 12.106, 23.7508, 3.39008, 26.9844, 20.2381 ], 
          [ 13.0847, 6.49247, 3.04081, 28.0232, 22.5205, 28.8458, 11.914, 26.7276, 12.432, 1.98831, 8.63594, 20.7605, 18.8792, 12.9331, 22.8108, 1.97963, 29.9403, 23.2242, 14.1589, 27.8703, 26.6783, 13.5546, 1.41175, 5.24585, 12.04, 14.7804, 12.2824, 2.80398, 24.9178, 14.7357 ], 
          [ 2.5154, 10.5804, 20.7776, 26.408, 28.0724, 19.5091, 24.2225, 1.92218, 27.1504, 8.41849, 24.5135, 12.8623, 1.47124, 8.50713, 2.6343, 13.4606, 27.683, 1.31907, 27.0784, 17.7907, 15.0978, 6.08836, 2.73785, 18.6197, 15.0737, 2.88947, 29.8708, 16.2369, 14.6241, 10.6164 ], 
          [ 2.25374, 23.9717, 2.17435, 6.13265, 17.9665, 4.34609, 27.782, 20.894, 12.3742, 21.908, 3.71007, 6.61251, 26.9217, 18.2054, 20.7475, 20.962, 8.98624, 9.98506, 25.4278, 13.7315, 23.1299, 14.0089, 24.8003, 16.5066, 9.30348, 5.1988, 15.1284, 2.96296, 10.8376, 3.26255 ], 
          [ 4.79775, 22.0886, 2.27398, 26.1798, 24.1381, 9.31907, 29.1206, 20.7472, 16.5558, 10.4396, 23.9006, 9.93975, 9.56519, 18.8417, 7.27551, 11.3338, 25.3722, 23.6506, 22.0999, 10.3545, 28.1047, 25.5672, 24.4262, 25.5657, 3.84717, 25.5806, 4.85454, 24.5278, 20.4416, 7.39252 ], 
          [ 15.7112, 11.3989, 11.7819, 26.3746, 24.0028, 29.3938, 27.3166, 2.43833, 17.1456, 11.0848, 16.5596, 8.11479, 27.7462, 16.5631, 14.9755, 5.26027, 27.6904, 28.9677, 27.9086, 4.56198, 29.332, 24.7757, 26.4094, 23.9659, 25.6244, 11.1483, 4.33702, 13.7513, 1.25616, 18.251 ], 
          [ 28.8777, 19.5176, 6.57306, 26.3392, 20.4741, 18.4411, 28.6273, 15.5473, 29.8415, 17.1054, 13.0707, 4.15127, 13.9334, 19.1337, 22.5381, 28.2551, 9.56995, 28.0013, 18.7689, 8.8048, 12.9672, 24.3935, 12.6546, 21.2076, 15.0956, 25.1705, 18.1916, 10.2556, 19.5736, 2.73225 ]
        ]
      ];
r = [
        [80708.8,76647.2,66759.8,74033.8,70805.3,81621.7,57062.7,77924.5,55638.5,81412.2,52103,63906.2,71690.9,59499.8,75630.3,70024.7,70631.6,63838.5,62571.1,60494.8,76451.8,57954.9,52604.5,81277,77688.4,75440.3,73471.3,51975.6,52779,67968.7 ]
     ];
d = [
        [1825.78,85012,64555.8,81684.5,70159.7,29364.6,41572.8,57668.9,34041.7,40050.3,57066.6,65295,34402.2,15611.5,79491.3,82503.5,66344.1,23342.9,52520.5,15543.8,59352.8,66984,38213.6,76021.7,37293.3,8892.3,37071.2,2592.41,83344.8,79032.7,52509.1,81007.2,44747.9,74157,39124.7,21991.3,2576.35,24336.1,42164.7,80935.8,49888.4,86215,68567,52462,83794.3,25167.8,18043.8,9995.49,1019.14,63207.1,78597.8,81548.8,58789.1,41291.5,88265.2,86579.6,10647.8,73562.2,57073.3,34478,37332,88500.7,12609.4,4483.97,50940.1,1113.48,34263.9,25269.6,3494.15,83311.9 ]
     ];
