/***************************************
* STOCHASTIC OPTIMITZATION
* OPL S2FVPP Data Generator
* by Jordi Mateo Fornes
* Model = S2FVPP; Stochastic (2S) MIP 0-1;
* Representation = Compact Representation;
****************************************/
I = 100;
P = 30;
C = 70;
G = 1;
p = [ 0.01 ];
pc = 0.01;
ORCHARDS = { 1, 2, 3, 4, 5, 6, 7, 8, 9, 10, 11, 12, 13, 14, 15, 16, 17, 18, 19, 20, 21, 22, 23, 24, 25, 26, 27, 28, 29, 30 };
CUSTOMERS = { c1, c2, c3, c4, c5, c6, c7, c8, c9, c10, c11, c12, c13, c14, c15, c16, c17, c18, c19, c20, c21, c22, c23, c24, c25, c26, c27, c28, c29, c30, c31, c32, c33, c34, c35, c36, c37, c38, c39, c40, c41, c42, c43, c44, c45, c46, c47, c48, c49, c50, c51, c52, c53, c54, c55, c56, c57, c58, c59, c60, c61, c62, c63, c64, c65, c66, c67, c68, c69, c70 };
CGV = [ 12.3627, 25.4853, 10.2329, 20.683, 21.6957, 11.0756, 12.6637, 23.7192, 29.747, 24.3349, 1.6333, 4.32544, 17.4201, 25.5003, 10.542, 10.3069, 6.75382, 6.70016, 11.987, 21.4619, 7.0354, 11.8772, 18.5623, 13.2509, 13.4674, 27.7698, 8.32329, 29.4574, 27.4332, 21.3173 ]; 
s = [ 2.84972, 2.63639, 2.93451, 0.881518, 0.485698, 0.306994, 0.525129, 0.687612, 1.28742, 1.62071, 1.89602, 2.57658, 2.98629, 1.68668, 1.96442, 1.15665, 2.91276, 1.99352, 2.48752, 0.680003, 0.552075, 2.98777, 0.270194, 1.38969, 0.820449, 1.419, 0.795921, 2.74378, 2.73897, 28.9432 ]; 
CSV = [
        [
          [ 13.6523, 16.6721, 15.9124, 23.2384, 10.4913, 12.2105, 12.1654, 19.0771, 6.42099, 18.3635, 2.31853, 18.4122, 20.1142, 6.59021, 18.3466, 26.2573, 24.4258, 1.44777, 25.8105, 14.6921, 26.4928, 18.944, 16.0006, 25.8386, 13.6903, 25.2982, 29.653, 5.19842, 13.263, 17.7856 ], 
          [ 23.1504, 2.54813, 24.2925, 1.58189, 9.11409, 23.5412, 13.1445, 26.0628, 21.9723, 26.6775, 19.0904, 29.717, 1.98601, 18.9005, 15.6036, 28.5065, 21.2183, 12.7461, 23.6215, 10.5051, 17.5623, 29.9551, 22.7448, 29.2156, 6.86125, 28.6827, 5.8114, 8.31415, 6.20093, 12.0768 ], 
          [ 12.8226, 15.2325, 22.5481, 23.2733, 12.1263, 29.6419, 2.57824, 10.3634, 22.2422, 28.4447, 1.91767, 3.15814, 17.7485, 24.0546, 9.01043, 19.623, 3.7152, 7.89188, 11.367, 26.9406, 15.0566, 19.6144, 9.77568, 11.6172, 18.9453, 20.5111, 5.20307, 7.13505, 12.1456, 6.82622 ], 
          [ 28.6315, 17.2043, 4.48828, 4.13931, 2.8216, 15.4587, 6.00093, 1.30314, 22.1023, 23.5309, 20.1299, 8.45004, 8.62877, 16.4043, 18.6173, 22.3971, 19.2265, 28.9282, 19.0572, 24.657, 24.4646, 8.75543, 1.4422, 8.85418, 15.4016, 22.3306, 28.8506, 13.6503, 28.1933, 2.46332 ], 
          [ 12.7006, 12.6891, 11.5999, 20.8771, 6.89937, 25.6012, 9.91045, 9.10377, 4.3642, 29.6101, 26.7905, 13.7464, 19.3248, 12.1691, 6.48403, 24.0804, 18.1616, 29.8727, 7.36269, 26.6288, 6.47006, 29.8665, 21.3128, 21.6529, 20.6833, 6.47388, 8.88233, 18.9746, 29.6604, 2.38729 ], 
          [ 21.2651, 29.8127, 20.0706, 6.1587, 29.872, 15.6191, 20.4011, 28.8222, 9.31878, 23.8126, 8.06196, 14.1021, 14.8391, 10.5528, 5.9908, 23.1624, 19.3025, 19.8494, 12.6393, 25.905, 29.1264, 2.99758, 14.587, 4.45027, 3.39002, 19.7842, 6.00814, 10.0228, 16.102, 28.8642 ], 
          [ 15.9304, 15.9868, 24.2106, 5.06631, 17.5664, 14.7633, 15.8699, 15.7555, 20.5859, 28.771, 20.1275, 5.82105, 11.58, 7.97216, 19.0728, 25.8826, 28.3872, 9.81141, 4.03156, 3.67464, 11.378, 20.0328, 3.31585, 13.3421, 4.26406, 13.9778, 10.0279, 20.9239, 14.205, 28.7736 ], 
          [ 23.6365, 24.1584, 4.29988, 16.7919, 17.0198, 15.7731, 6.72803, 21.5697, 18.145, 29.7811, 17.8249, 11.1923, 13.0892, 16.461, 22.6702, 17.9054, 1.2287, 12.3625, 9.53907, 27.4361, 4.36471, 29.655, 4.46691, 27.5775, 19.8136, 9.32082, 12.4575, 19.73, 10.9634, 3.95094 ], 
          [ 5.9046, 27.4891, 20.9499, 9.88501, 19.4595, 3.31193, 4.24396, 26.7797, 23.5799, 28.5203, 23.5067, 14.2058, 27.4897, 5.67015, 25.5267, 10.9095, 10.1974, 11.6831, 15.2927, 4.95983, 19.9526, 22.226, 29.9972, 28.932, 22.6443, 17.3359, 17.4994, 29.2612, 8.88903, 2.88222 ], 
          [ 17.2313, 8.33616, 12.8291, 12.965, 18.9706, 28.9225, 24.798, 11.6488, 29.6458, 19.5478, 20.3386, 13.3791, 24.0366, 10.5216, 13.5018, 11.5416, 29.4143, 27.5809, 23.491, 2.43979, 24.9755, 24.5471, 9.73465, 21.8104, 12.7017, 21.8178, 14.1887, 12.3125, 11.8378, 3.46707 ], 
          [ 19.0746, 20.5418, 14.035, 1.84546, 9.31252, 3.79506, 29.5051, 9.62945, 10.2646, 6.34411, 8.57465, 9.41603, 8.81353, 11.5669, 6.11514, 6.54749, 7.12691, 28.8937, 29.9658, 9.86945, 25.5401, 27.8056, 22.1684, 29.6176, 5.00538, 2.04561, 21.1377, 12.2354, 21.588, 5.34184 ], 
          [ 1.44876, 17.5053, 8.00734, 26.2073, 18.1083, 17.8158, 1.80804, 25.0195, 11.9177, 13.6211, 25.3833, 8.31176, 1.00654, 22.3549, 21.5611, 19.9873, 29.7238, 19.6545, 7.89217, 9.17187, 21.888, 1.19738, 11.9685, 16.8712, 15.4492, 10.4125, 29.155, 28.8634, 7.8262, 11.0556 ], 
          [ 29.3047, 29.8758, 28.1253, 5.25084, 15.8203, 23.2399, 29.4783, 27.705, 13.45, 28.1058, 10.1808, 15.9904, 24.2215, 19.2934, 14.1337, 5.32898, 21.8563, 11.5456, 1.73098, 21.1234, 26.7572, 6.77218, 14.7135, 7.40347, 28.2248, 28.2379, 12.2166, 22.0454, 4.93794, 4.41898 ], 
          [ 12.0458, 12.7772, 17.3351, 5.4499, 17.5389, 7.28278, 12.0406, 25.966, 26.3535, 22.4337, 13.6119, 3.13007, 7.65398, 20.8357, 15.4032, 15.2379, 14.5874, 19.23, 17.723, 2.80581, 10.5162, 18.2975, 27.6949, 12.0635, 29.5867, 17.7083, 6.08489, 13.0505, 18.9851, 20.7728 ], 
          [ 6.61655, 29.2662, 5.75046, 7.76961, 12.5346, 26.8656, 22.5115, 1.65687, 17.0591, 26.6173, 4.15166, 13.1935, 22.2829, 8.45935, 20.0869, 17.9841, 6.52762, 19.2713, 7.06361, 22.7765, 19.9859, 15.2364, 18.6004, 22.5257, 10.0326, 7.51878, 2.07869, 10.8649, 14.0559, 27.231 ], 
          [ 23.1006, 28.3015, 28.0706, 20.6933, 16.9973, 26.1574, 9.01774, 26.7643, 25.103, 27.4085, 10.652, 8.09852, 25.3234, 1.27008, 13.5589, 15.5603, 8.47519, 11.3477, 13.9236, 4.94005, 26.3312, 15.104, 13.2515, 23.1717, 27.1629, 21.1273, 1.00055, 22.002, 7.75423, 26.9984 ], 
          [ 3.38564, 12.0365, 17.0165, 6.16925, 28.3107, 13.9422, 27.8509, 2.27822, 19.1543, 14.2906, 18.6588, 7.45704, 10.6233, 13.8243, 2.23354, 13.5394, 1.01823, 23.2855, 14.145, 3.95601, 18.6386, 19.2619, 21.2752, 19.6739, 1.80455, 6.09537, 4.6065, 3.05114, 18.1095, 1.91969 ], 
          [ 17.7041, 8.35775, 6.14349, 4.14701, 14.4182, 23.0008, 9.46623, 6.93048, 10.724, 9.08236, 9.60665, 14.9326, 20.8406, 7.95283, 25.7538, 12.3774, 19.0166, 11.5048, 23.8091, 22.8604, 17.0291, 24.5652, 28.6609, 11.5025, 25.9908, 28.4263, 19.8871, 21.5655, 27.6996, 13.9867 ], 
          [ 8.53517, 29.3379, 4.07073, 24.1646, 18.6395, 27.7382, 11.9994, 6.16313, 1.79614, 18.8, 16.7398, 10.8604, 29.0859, 16.8181, 5.27031, 13.6326, 10.3868, 28.1901, 10.3187, 7.44679, 7.02128, 11.88, 24.5027, 5.42628, 1.43972, 20.834, 17.1455, 15.7021, 26.1977, 9.29885 ], 
          [ 12.9642, 21.8267, 7.70204, 11.6693, 4.9723, 29.0028, 29.7924, 14.3763, 25.292, 14.8253, 11.4341, 6.04735, 6.01223, 8.80398, 23.4878, 5.50352, 27.1984, 20.2509, 1.6879, 22.3442, 10.501, 13.1777, 6.45634, 15.7153, 8.41745, 22.8318, 15.0188, 5.10095, 15.5055, 27.6778 ], 
          [ 11.0054, 24.5564, 20.6031, 11.012, 5.42134, 29.1079, 23.4362, 23.3198, 15.0465, 13.5314, 7.4947, 5.89396, 1.33127, 18.9433, 4.77128, 22.3723, 25.9668, 9.45922, 18.1485, 7.46585, 14.2813, 2.26207, 25.2263, 21.4228, 5.53147, 9.02491, 10.3493, 18.1837, 1.56899, 24.74 ], 
          [ 7.89702, 12.9738, 23.1975, 21.4747, 7.70652, 13.1523, 29.4289, 9.52323, 23.9052, 6.46795, 29.7333, 24.7609, 11.8418, 28.4923, 27.2646, 14.5962, 28.3655, 13.4098, 1.80201, 20.8021, 12.6161, 19.6116, 13.6308, 3.86115, 2.06683, 16.1745, 6.70322, 24.1633, 17.9373, 20.8758 ], 
          [ 27.3275, 13.4205, 18.1127, 10.023, 29.3522, 25.4978, 20.0688, 16.3628, 1.79137, 19.9657, 18.0114, 9.26897, 14.5298, 12.3152, 15.0285, 8.2453, 22.0391, 13.2508, 5.77377, 3.50925, 21.255, 24.9744, 24.7912, 19.9922, 18.408, 2.08946, 7.85497, 19.671, 23.4081, 21.132 ], 
          [ 20.0472, 6.63612, 12.5395, 18.9762, 8.81689, 14.075, 15.3165, 4.41826, 14.3213, 6.43107, 16.9433, 15.8617, 7.82254, 5.48194, 1.90584, 18.6615, 16.0844, 19.7093, 6.04897, 9.29012, 23.8733, 15.654, 2.96314, 8.74943, 25.9826, 3.66363, 4.35271, 6.868, 9.42532, 5.49226 ], 
          [ 2.50881, 1.93467, 26.3844, 23.3018, 2.52397, 24.5308, 29.0102, 20.7273, 25.2684, 15.5267, 3.48556, 10.5887, 13.7934, 11.9991, 10.1126, 18.5183, 9.53339, 22.7563, 18.8302, 24.5789, 12.602, 8.53891, 23.4216, 19.4132, 28.8158, 19.855, 9.56383, 4.97384, 25.116, 6.36055 ], 
          [ 18.4534, 27.7068, 13.2229, 19.876, 26.7559, 1.67204, 22.9708, 18.768, 22.7934, 14.4751, 5.94246, 20.3841, 8.72026, 17.7142, 12.3542, 29.317, 2.34928, 22.0425, 20.0209, 8.15276, 4.22262, 23.4649, 19.6858, 15.4564, 9.55342, 22.7344, 11.9037, 4.80915, 26.1669, 28.8291 ], 
          [ 2.85418, 28.4115, 5.16802, 24.3379, 22.7143, 25.5066, 16.5258, 5.98437, 24.9156, 4.58564, 23.9189, 18.911, 3.11286, 5.22145, 28.9, 24.1974, 21.924, 10.6311, 19.0646, 27.5192, 15.451, 26.3118, 23.7108, 7.84729, 6.76903, 11.2457, 1.89854, 28.1239, 12.8753, 2.29671 ], 
          [ 26.99, 1.47691, 11.7509, 19.0583, 2.41791, 8.28796, 11.5005, 12.372, 15.8456, 6.40597, 20.3414, 10.1636, 16.3646, 17.2616, 2.14982, 16.3576, 17.2281, 21.6844, 24.8757, 17.8051, 24.9079, 25.4861, 29.7048, 28.8467, 4.93501, 3.92688, 5.18954, 12.4125, 27.91, 29.0264 ], 
          [ 23.0756, 2.06379, 8.8405, 17.5311, 29.4287, 9.41425, 23.265, 9.19889, 4.60643, 28.7917, 26.0443, 1.59434, 25.1286, 22.2472, 10.1231, 5.6855, 6.97163, 24.057, 8.11693, 10.4538, 17.5077, 15.1866, 23.4765, 4.93611, 25.8501, 10.8688, 29.3726, 26.0966, 20.3181, 22.7235 ], 
          [ 9.92053, 3.72295, 1.06509, 6.81556, 22.2524, 4.10533, 17.967, 4.65393, 19.6112, 29.0395, 12.5372, 17.3542, 26.5069, 12.1238, 7.04822, 23.7254, 16.5472, 12.6955, 26.1637, 15.9025, 22.9941, 4.82739, 1.53331, 7.33618, 12.2038, 28.9826, 22.0008, 28.9771, 1.18369, 15.232 ], 
          [ 3.15814, 24.6873, 22.3042, 11.3713, 18.0855, 28.4557, 18.1705, 10.2141, 19.6236, 1.88498, 21.2473, 23.7076, 14.6403, 16.3702, 3.65578, 23.466, 8.01421, 17.9338, 25.2175, 10.4132, 1.10984, 5.34474, 20.1475, 23.4561, 9.7248, 13.301, 24.9041, 15.7367, 28.6371, 21.24 ], 
          [ 20.8245, 15.3901, 21.539, 14.4232, 12.1531, 9.04181, 9.66098, 21.5156, 12.9902, 25.7709, 24.9355, 18.942, 19.9072, 11.2528, 28.1507, 16.5035, 11.5337, 19.982, 4.98887, 22.8759, 26.9489, 22.9933, 5.75842, 14.798, 27.0462, 27.011, 4.77504, 17.3124, 9.88034, 10.7726 ], 
          [ 22.5853, 13.5045, 28.3133, 9.9827, 19.593, 25.8515, 16.2003, 1.57932, 1.23075, 15.0411, 4.08654, 10.6083, 29.1656, 17.2835, 25.9322, 14.0339, 27.5408, 6.87579, 27.7078, 8.96992, 18.7548, 16.8958, 6.39738, 24.1086, 4.62113, 14.3555, 21.4779, 21.7971, 7.71756, 8.88983 ], 
          [ 18.0714, 23.9535, 11.4579, 14.7008, 4.99708, 25.3714, 24.1589, 5.79159, 18.0038, 19.5104, 12.9404, 2.11138, 24.4464, 1.37, 9.58649, 22.6054, 18.2188, 14.5038, 22.4002, 25.0482, 12.3197, 24.9571, 9.5196, 21.9847, 7.77727, 13.5093, 29.9336, 14.4233, 17.9717, 10.9814 ], 
          [ 24.2387, 13.2096, 19.7941, 5.16391, 24.0654, 17.8117, 8.30744, 6.56139, 13.9494, 6.93643, 9.91842, 6.39654, 18.4891, 29.0667, 25.5992, 11.7514, 23.6743, 17.5786, 6.78962, 16.4431, 5.38968, 13.9378, 16.4754, 6.46845, 1.54926, 23.0857, 12.6916, 13.1295, 29.8796, 4.82338 ], 
          [ 14.3411, 29.8082, 5.66246, 14.1215, 23.4764, 3.2941, 11.1656, 18.49, 13.6212, 17.717, 7.80879, 8.72088, 8.88899, 14.4675, 18.049, 29.2769, 24.2728, 29.3758, 7.37173, 16.9962, 28.0281, 23.9085, 10.2361, 26.9874, 18.6928, 28.4411, 26.2004, 2.33034, 3.19639, 15.2349 ], 
          [ 18.6818, 1.90924, 7.53328, 21.0893, 4.09124, 16.1555, 14.8922, 6.50748, 13.3685, 26.8642, 12.05, 28.6902, 15.0728, 15.3658, 25.5981, 8.95107, 27.6931, 27.0384, 14.7656, 14.4084, 16.0581, 13.2693, 17.3187, 3.39629, 1.58507, 16.0989, 8.05165, 7.11458, 11.9658, 7.10991 ], 
          [ 27.1743, 18.5134, 19.8213, 17.3188, 6.11148, 26.8396, 11.9405, 16.9342, 28.604, 3.74827, 27.753, 21.3763, 3.25797, 6.09239, 18.6779, 7.41992, 28.8415, 3.49502, 19.4752, 10.9014, 19.5031, 14.7037, 5.42927, 19.1951, 25.1187, 18.944, 1.7555, 28.1726, 21.349, 21.4085 ], 
          [ 28.6666, 25.4182, 19.0827, 23.6078, 13.5318, 25.1728, 22.9241, 23.6356, 5.64446, 23.2673, 13.1695, 24.5905, 6.77146, 11.1034, 18.7002, 19.4668, 12.2276, 2.97894, 3.63877, 13.3264, 12.6342, 18.6992, 1.3827, 28.153, 5.80082, 6.0663, 21.7895, 28.0475, 12.3888, 16.478 ], 
          [ 24.4095, 24.0353, 29.7451, 12.6747, 19.1238, 8.3653, 11.3119, 2.69379, 27.6468, 26.2592, 24.8037, 15.6474, 14.0808, 22.2125, 6.96419, 1.46223, 29.3767, 19.8186, 7.40148, 2.45636, 24.3513, 21.8428, 4.59371, 18.4794, 28.5576, 7.61004, 13.1467, 11.4248, 21.5527, 26.5188 ], 
          [ 8.04346, 11.3511, 11.8452, 24.6059, 5.02691, 14.5899, 20.7904, 17.8279, 11.7389, 5.76561, 15.4603, 24.6587, 6.81353, 3.0908, 2.03047, 28.3072, 3.04551, 10.4107, 3.03657, 6.72898, 19.8813, 25.1107, 5.94381, 14.3779, 13.2108, 18.7174, 21.0529, 18.431, 2.2567, 4.27686 ], 
          [ 16.015, 13.5422, 14.7701, 5.91903, 3.45138, 5.83178, 16.9758, 1.04995, 15.7386, 11.1459, 1.99557, 10.1592, 29.5704, 28.3077, 3.30631, 16.4999, 26.8619, 22.2547, 10.5007, 25.2952, 18.3784, 22.8616, 15.7918, 11.4477, 8.47352, 26.3471, 7.40629, 15.0722, 17.2314, 16.9715 ], 
          [ 11.5833, 6.33905, 16.7479, 16.5272, 25.9846, 8.94756, 9.92832, 20.8061, 14.1088, 23.2118, 7.95453, 10.0486, 9.49133, 22.0411, 5.43815, 18.3373, 4.47847, 23.7074, 21.6216, 15.7336, 15.373, 17.7295, 23.8233, 7.42691, 5.86762, 23.0902, 3.04832, 26.6564, 13.2993, 10.1125 ], 
          [ 22.8935, 13.2824, 6.90095, 29.3381, 14.8678, 25.1101, 24.4439, 15.0326, 28.9561, 24.0988, 19.3722, 18.7422, 12.8857, 9.04206, 23.9743, 16.8804, 15.8573, 8.73266, 21.6807, 20.3145, 3.35752, 20.945, 26.4306, 11.1721, 19.5428, 28.7278, 19.9031, 22.2018, 22.9392, 10.7827 ], 
          [ 20.0113, 24.1812, 8.58094, 29.9825, 25.8073, 24.487, 12.2189, 18.1355, 23.1788, 2.73218, 5.34822, 20.1801, 1.53316, 9.37355, 3.70375, 9.6394, 12.1364, 1.22748, 2.93258, 1.6149, 16.363, 23.3165, 10.5717, 22.2878, 29.9128, 28.2552, 4.58977, 1.82278, 4.92906, 5.45816 ], 
          [ 11.9562, 28.8417, 21.0333, 15.7626, 24.9276, 3.56789, 1.96549, 10.0237, 5.92807, 11.6572, 11.7313, 27.9444, 5.80399, 17.5107, 2.38528, 18.9993, 23.9995, 15.225, 23.2137, 7.71738, 18.98, 21.3322, 26.1773, 10.2421, 25.0117, 18.5031, 25.8697, 9.83866, 19.426, 12.1084 ], 
          [ 11.2629, 24.1506, 11.9086, 9.41672, 10.2673, 25.2913, 3.21317, 25.7499, 25.1997, 8.95365, 13.6614, 8.32957, 3.03946, 27.5441, 11.4558, 19.5516, 5.66368, 7.55733, 20.2776, 16.9222, 11.6627, 1.70873, 24.0973, 17.3118, 19.6119, 7.42425, 25.1862, 13.5254, 20.0225, 14.6864 ], 
          [ 11.3171, 8.79933, 24.7579, 22.789, 18.9123, 12.9855, 8.39617, 3.50214, 20.7379, 17.3171, 25.0371, 17.022, 16.1114, 6.26772, 10.8341, 10.9544, 13.0837, 20.5173, 22.8638, 21.3516, 29.4687, 2.81068, 22.3402, 11.2654, 29.5301, 9.94067, 28.6634, 14.04, 5.31825, 29.6379 ], 
          [ 3.77624, 23.7139, 10.328, 21.2128, 14.3339, 18.0758, 10.1128, 29.4661, 27.6467, 9.37958, 23.1796, 4.14433, 2.54512, 4.7283, 28.8076, 2.80691, 26.5538, 12.6196, 7.28867, 12.828, 21.3571, 29.7505, 3.46484, 23.4527, 19.4415, 18.4894, 8.83553, 4.29737, 15.8266, 27.5055 ], 
          [ 2.80113, 22.772, 12.1837, 11.4246, 16.1123, 22.1709, 11.626, 12.0405, 3.92114, 19.2407, 27.1056, 19.2022, 26.4322, 11.1397, 27.7669, 29.0913, 26.1868, 23.4867, 17.645, 11.0341, 29.9677, 22.0477, 26.384, 21.2042, 23.2964, 24.5384, 6.13111, 19.1927, 17.3435, 26.4978 ], 
          [ 22.16, 4.97193, 29.0824, 4.80738, 3.31875, 24.1849, 16.7753, 20.4607, 15.2921, 19.6653, 1.98396, 12.0898, 7.78244, 17.0357, 22.4928, 16.2324, 20.871, 28.7354, 20.5811, 4.56068, 28.1771, 10.824, 15.4743, 5.18552, 13.6858, 6.34433, 22.0216, 24.3711, 10.2843, 9.76193 ], 
          [ 13.7022, 23.0621, 7.1744, 12.7997, 27.6013, 28.6901, 4.1034, 4.40258, 6.89336, 4.76465, 11.3789, 7.48572, 27.1309, 19.6823, 29.5037, 15.5095, 25.9101, 8.95419, 21.7482, 1.34196, 7.89683, 22.263, 28.2937, 22.4774, 19.706, 7.16402, 22.2807, 6.79031, 23.0369, 2.7128 ], 
          [ 13.6221, 4.75172, 15.6771, 6.9641, 28.5635, 12.3381, 1.70256, 17.5584, 29.3987, 24.4257, 11.4273, 1.25872, 26.0336, 21.4039, 13.4274, 28.7, 26.2637, 21.8617, 6.16119, 15.7857, 11.0902, 10.0404, 29.3945, 21.2319, 22.6961, 11.958, 2.69517, 8.35714, 2.25495, 20.2397 ], 
          [ 5.84138, 4.0616, 27.8016, 29.498, 2.25427, 25.654, 9.90901, 8.37876, 16.3705, 25.1193, 2.86694, 19.2725, 25.5588, 26.4128, 1.8774, 17.9186, 13.753, 16.9295, 1.55527, 22.1333, 21.8781, 19.3502, 11.9218, 7.30225, 9.5254, 1.30137, 27.3824, 11.2644, 2.88433, 23.0233 ], 
          [ 20.4074, 19.4715, 2.12273, 14.8591, 1.79861, 13.3762, 2.02763, 26.7256, 19.9817, 4.27196, 13.3524, 18.634, 23.9376, 5.16731, 17.5682, 15.3335, 5.76475, 26.3945, 8.08921, 25.4905, 18.8631, 7.52589, 14.3117, 12.8301, 6.10125, 8.60884, 16.5261, 27.9314, 2.5084, 24.1162 ], 
          [ 6.09103, 25.6266, 20.0092, 1.95071, 20.9636, 10.7528, 3.86006, 25.5659, 20.4038, 29.0193, 22.6384, 2.1166, 17.9596, 11.9246, 7.6945, 13.994, 12.3246, 27.353, 19.2349, 11.3457, 23.8918, 11.7691, 11.2153, 5.5865, 12.3399, 19.5713, 9.61038, 27.4443, 3.90284, 24.7213 ], 
          [ 3.38418, 27.2302, 17.062, 23.2141, 5.41074, 1.52856, 19.7842, 10.7852, 6.08105, 6.03252, 8.80947, 11.3188, 9.51639, 2.78041, 7.08958, 9.50734, 11.9848, 15.746, 2.63424, 6.95081, 12.8051, 8.59593, 19.5997, 15.0859, 22.8526, 2.71276, 7.14228, 25.3901, 8.15642, 2.12172 ], 
          [ 7.69453, 27.4935, 11.2321, 13.9143, 23.7765, 3.9467, 12.4211, 17.2547, 22.0993, 14.2012, 26.9854, 16.6085, 1.8981, 13.1827, 13.9497, 7.9155, 20.0084, 12.2191, 13.3458, 3.52303, 17.6478, 3.23828, 15.559, 7.18964, 3.9058, 2.63794, 19.1957, 10.6745, 23.8929, 12.5928 ], 
          [ 13.3153, 11.6814, 23.3741, 8.45667, 4.99885, 10.6278, 19.444, 24.5901, 26.3222, 15.8919, 9.02033, 14.2693, 20.4786, 17.9492, 28.3752, 5.23563, 21.7107, 15.9059, 9.57803, 27.777, 6.09809, 20.7977, 27.4938, 22.8585, 21.3684, 22.3912, 1.91613, 7.65465, 19.236, 24.6365 ], 
          [ 17.2706, 16.7057, 21.7147, 3.17338, 10.1899, 10.2278, 29.4867, 15.1264, 10.1806, 16.6833, 6.33226, 20.052, 8.66458, 21.0881, 20.7176, 17.9665, 2.82932, 8.37515, 28.0955, 28.8776, 8.05929, 28.2055, 27.5918, 20.0313, 16.4194, 5.24006, 6.63078, 25.125, 3.73758, 18.7186 ], 
          [ 25.0553, 20.2999, 2.99716, 6.64992, 15.0193, 11.5449, 9.24713, 14.3498, 15.0998, 8.58552, 18.0151, 9.96398, 16.3103, 21.6443, 20.9235, 10.0871, 8.26976, 13.105, 22.1446, 24.5057, 22.3298, 21.7796, 29.9341, 17.8138, 7.2222, 2.58806, 11.2491, 10.6506, 22.5965, 27.8043 ], 
          [ 7.20573, 15.038, 22.4877, 2.1585, 4.33527, 23.4756, 4.02373, 21.4825, 7.90387, 12.7731, 7.74513, 16.1074, 7.74785, 19.4287, 6.01625, 22.7437, 23.6893, 18.2006, 11.7602, 19.4863, 24.4156, 10.282, 24.0425, 24.7939, 11.3354, 21.802, 15.6054, 22.3193, 21.1338, 12.8521 ], 
          [ 7.22661, 9.35791, 7.43202, 25.4189, 17.875, 13.3115, 16.6161, 15.1829, 7.56307, 26.3073, 10.0583, 26.4073, 10.8876, 8.81441, 23.9938, 1.84285, 29.5075, 15.4788, 23.6097, 21.9717, 20.3859, 11.6889, 17.477, 22.6926, 17.3383, 5.20832, 10.3431, 20.1457, 18.8799, 15.4201 ], 
          [ 28.7502, 12.604, 29.0921, 20.6256, 2.29137, 10.6661, 19.3734, 3.06663, 12.8208, 6.33822, 22.0732, 14.6322, 13.501, 22.4804, 26.4711, 21.2216, 28.0995, 21.6933, 25.3778, 16.6053, 15.074, 15.2116, 5.88949, 25.9608, 17.2145, 15.5089, 2.48502, 13.0283, 11.6184, 17.5111 ], 
          [ 18.0722, 16.6833, 24.1606, 21.5548, 20.857, 26.3734, 23.2099, 18.3963, 3.23075, 26.9136, 5.52531, 16.1015, 18.3689, 1.21139, 6.69589, 18.4281, 17.1437, 3.27539, 7.666, 1.28389, 11.5437, 7.31489, 25.951, 19.5692, 9.07443, 24.9969, 20.4993, 1.21982, 23.6462, 29.9181 ], 
          [ 4.70038, 8.86509, 2.21623, 18.7623, 13.1604, 22.8246, 19.8784, 17.7189, 5.60672, 4.78241, 5.63199, 26.9055, 23.5072, 20.8175, 17.6227, 1.27878, 28.6769, 9.53811, 23.8285, 27.4201, 11.3167, 29.0758, 4.62727, 9.42072, 20.9721, 12.7314, 29.017, 27.6632, 10.9733, 6.65915 ], 
          [ 3.68147, 9.04091, 24.2791, 24.7568, 8.66639, 7.26623, 24.8189, 4.60256, 12.351, 1.82855, 9.43659, 9.97496, 4.13189, 3.81471, 11.7144, 10.5376, 15.7765, 21.4256, 11.4319, 11.8452, 8.38498, 27.0661, 5.60996, 10.7839, 28.1213, 2.02006, 24.188, 25.3531, 3.04805, 3.77678 ], 
          [ 1.46541, 21.2038, 25.0995, 20.1204, 18.9386, 9.9467, 28.0937, 5.44444, 4.6631, 21.8997, 18.8931, 7.32386, 14.3036, 27.0635, 22.3478, 27.4948, 27.7615, 20.0946, 22.7634, 11.0577, 12.7988, 3.52009, 20.8596, 10.8702, 1.66183, 4.57854, 9.76091, 22.431, 14.9061, 16.3272 ], 
          [ 11.9099, 9.63451, 5.35164, 4.88438, 17.5355, 8.48398, 15.54, 15.3332, 27.6824, 7.36212, 19.2931, 10.4286, 2.55943, 18.6514, 22.3878, 16.4108, 22.4876, 18.9045, 26.0155, 24.2776, 9.50537, 12.3489, 29.2648, 12.9867, 13.8155, 22.3902, 24.9354, 13.7322, 11.4371, 4.52747 ], 
          [ 14.2586, 9.75058, 7.57748, 6.75453, 12.9156, 11.7184, 2.98587, 2.92831, 22.2059, 20.9493, 26.52, 9.63196, 22.3008, 7.38173, 23.2061, 23.7592, 22.8251, 9.85105, 13.9444, 13.1385, 21.361, 10.8927, 27.5892, 28.9177, 24.3171, 13.6096, 2.71192, 29.4042, 22.6981, 25.2302 ]
        ]
      ];
r = [
        [78871.2,68047.6,69870.5,71986.4,52072.6,77565.7,78725,65549.7,80712.9,62067.8,65396.9,63446.2,77794.2,81097.6,75019,66067.7,66731.9,51323.8,64649.9,59690.9,60573,79541.4,72690.3,50949.1,77528.2,77900.5,73971.5,79741.8,79045.4,66369.7 ]
     ];
d = [
        [68710.5,60809.5,78341,87644.7,52475,87843.8,52777.3,59833.2,54257.4,39804.2,8717.73,74266.3,28467.4,73892.8,22536.3,25982.8,80847.2,49896,63909.5,16607.3,41363.8,36581.8,18664.2,65782.2,34654.3,80148.5,3994.16,17884.5,1958.95,50232.5,37381.2,45744.8,10731.9,37431.2,59040.5,9984.86,13104.9,40508.9,42661.2,23387.3,13266.1,35378.5,58763,20435.9,55825.5,52930.5,60682.4,52664.3,45492.8,55855.3,14995.7,35562.5,43981,77636.4,15331.8,26606.7,60649,18217,24451.6,6820.39,53349.6,25258,39251.8,18393.8,10769.4,10655.1,70096,47069.8,17077.3,37844.4 ]
     ];
