/***************************************
* STOCHASTIC OPTIMITZATION
* OPL S2FVPP Data Generator
* by Jordi Mateo Fornes
* Model = S2FVPP; Stochastic (2S) MIP 0-1;
* Representation = Compact Representation;
****************************************/
I = 50;
P = 30;
C = 70;
G = 2;
p = [ 0.02, 0.02 ];
pc = 0.04;
ORCHARDS = { 1, 2, 3, 4, 5, 6, 7, 8, 9, 10, 11, 12, 13, 14, 15, 16, 17, 18, 19, 20, 21, 22, 23, 24, 25, 26, 27, 28, 29, 30 };
CUSTOMERS = { c1, c2, c3, c4, c5, c6, c7, c8, c9, c10, c11, c12, c13, c14, c15, c16, c17, c18, c19, c20, c21, c22, c23, c24, c25, c26, c27, c28, c29, c30, c31, c32, c33, c34, c35, c36, c37, c38, c39, c40, c41, c42, c43, c44, c45, c46, c47, c48, c49, c50, c51, c52, c53, c54, c55, c56, c57, c58, c59, c60, c61, c62, c63, c64, c65, c66, c67, c68, c69, c70 };
CGV = [ 15.075, 14.9031, 26.9731, 25.9945, 4.71777, 23.0418, 25.8037, 22.8487, 8.7723, 8.88741, 16.2434, 25.0695, 4.24681, 1.94114, 24.7818, 26.1864, 8.2733, 6.31399, 14.411, 16.6397, 6.97935, 11.36, 2.25969, 2.90389, 12.3891, 17.1504, 1.95159, 9.44976, 26.7828, 23.7265 ]; 
s = [ 0.175501, 0.126414, 2.3974, 0.976897, 0.389485, 0.254069, 0.785552, 1.7604, 2.9087, 1.72036, 2.5746, 0.21623, 2.37649, 2.55237, 1.68782, 0.161135, 0.617743, 1.34921, 2.79438, 1.77381, 1.9295, 0.415973, 2.55923, 1.6271, 2.98831, 1.48429, 2.59465, 2.61128, 1.89025, 29.9982 ]; 
CSV = [
        [
          [ 5.66895, 11.6218, 25.8487, 25.6381, 1.67256, 8.46755, 24.2706, 2.03237, 27.2182, 28.0321, 29.5532, 21.7876, 1.07813, 19.8958, 3.64129, 27.9526, 14.6487, 29.5921, 21.3537, 11.1231, 16.8628, 28.5567, 28.4413, 10.5566, 13.1503, 23.2532, 1.6478, 27.332, 3.21755, 25.7777 ], 
          [ 12.4546, 18.6936, 8.29644, 28.1025, 3.78651, 28.4444, 22.2486, 26.8476, 3.01477, 9.67784, 21.2409, 18.6426, 12.3252, 13.6953, 25.8836, 14.7062, 25.4376, 10.6973, 26.6373, 11.699, 19.8361, 15.8078, 27.1256, 14.9175, 12.7417, 20.7207, 13.4431, 7.77834, 8.92715, 18.8283 ], 
          [ 13.267, 21.1679, 16.5367, 7.06037, 13.6507, 12.5479, 15.1108, 10.1442, 20.3558, 29.3918, 7.17625, 22.9686, 12.594, 13.0904, 11.5152, 10.4382, 7.28673, 11.4231, 26.7412, 25.5309, 12.5773, 10.2691, 29.2578, 19.4621, 5.64169, 26.8249, 29.1181, 24.2315, 11.2881, 18.7151 ], 
          [ 26.1068, 20.2179, 8.35207, 23.797, 3.76823, 9.22324, 10.0199, 20.4977, 16.8788, 25.3785, 10.38, 1.00289, 4.93927, 19.9904, 20.0949, 3.14734, 24.0241, 22.3033, 10.7356, 10.7495, 2.69641, 25.7537, 2.43124, 17.4296, 1.5922, 18.0266, 20.9294, 12.7487, 12.3956, 21.1859 ], 
          [ 12.0918, 5.75553, 9.56874, 13.4867, 26.6524, 19.5865, 21.2817, 22.0882, 5.52399, 16.2973, 25.6051, 25.7515, 9.10255, 25.5971, 15.6342, 14.371, 15.4135, 20.9409, 21.1042, 13.1797, 6.20751, 14.6354, 21.911, 8.67631, 6.01921, 3.96598, 3.71985, 18.4838, 20.9309, 4.37312 ], 
          [ 28.9484, 10.8855, 19.0356, 4.13689, 5.30717, 9.11862, 18.9164, 15.0324, 19.6459, 7.04376, 21.1638, 12.308, 27.9418, 17.2104, 1.51385, 2.87717, 4.89009, 10.6201, 10.362, 23.9411, 14.2089, 7.36494, 22.5528, 26.4919, 12.8563, 23.3056, 5.31456, 3.67134, 24.7878, 14.2845 ], 
          [ 1.1741, 3.29825, 13.3577, 19.6949, 26.2113, 13.4885, 14.2212, 5.23068, 4.32942, 7.97873, 22.8661, 1.13377, 7.65358, 17.8872, 7.81708, 19.3536, 10.1963, 2.66973, 25.1428, 8.37044, 7.72346, 15.9457, 7.03752, 28.8409, 29.1308, 7.70095, 26.3399, 21.166, 9.76964, 17.6343 ], 
          [ 28.2737, 11.9672, 12.7073, 28.9877, 27.3124, 24.3085, 19.876, 23.0112, 13.2425, 20.76, 14.8991, 11.3044, 7.0134, 25.3852, 24.9097, 8.58077, 22.7986, 6.21488, 23.7362, 28.9563, 13.5205, 4.29317, 4.28251, 21.7181, 8.45288, 28.6383, 25.1879, 7.87327, 17.496, 11.3486 ], 
          [ 29.9429, 2.7571, 19.0699, 2.52378, 7.98957, 6.6227, 8.44798, 21.9343, 21.1412, 28.156, 25.6018, 15.5172, 15.3657, 7.03577, 18.7011, 8.06815, 11.6965, 17.6914, 1.53714, 23.7723, 22.7933, 17.1766, 19.3182, 4.33441, 22.0943, 26.9294, 18.9433, 16.1389, 25.6048, 14.3002 ], 
          [ 27.1199, 21.2333, 15.6468, 12.3948, 14.4378, 26.5609, 18.0952, 19.2745, 23.3404, 27.8369, 25.3093, 23.2288, 20.6495, 15.2629, 15.8212, 2.03117, 19.0629, 4.62577, 23.2392, 20.5259, 9.869, 4.00294, 23.4932, 28.6139, 21.2114, 27.8639, 10.5868, 2.69744, 19.9777, 28.1045 ], 
          [ 17.194, 26.2386, 29.6994, 1.87095, 11.8412, 27.4866, 7.00318, 10.7976, 17.3646, 9.83406, 3.3712, 20.7605, 8.52486, 7.23805, 9.53537, 1.17744, 18.2934, 8.51535, 25.8756, 24.9619, 16.6181, 18.2606, 7.966, 4.91468, 23.2066, 25.2355, 13.9857, 6.83716, 7.8569, 5.38932 ], 
          [ 24.0351, 16.1213, 3.07574, 29.7889, 4.4421, 19.6092, 28.1643, 17.2669, 8.92033, 19.9307, 13.858, 13.9044, 25.6077, 9.96532, 7.72413, 7.99676, 1.39934, 23.7034, 22.3706, 22.0348, 13.3528, 27.4229, 26.3133, 18.7108, 13.4904, 17.4466, 7.3475, 11.4051, 28.0918, 19.4032 ], 
          [ 5.85075, 4.19122, 1.91776, 22.2049, 19.7765, 19.7584, 2.77256, 17.6465, 6.02322, 10.1858, 2.18455, 8.06724, 12.3363, 8.4595, 6.34361, 15.0151, 9.31369, 3.27343, 8.62972, 10.0196, 21.821, 14.3091, 8.07096, 11.5499, 24.5619, 8.84699, 3.7591, 17.3299, 28.8025, 25.7296 ], 
          [ 8.78652, 7.67905, 8.07031, 6.46751, 19.4331, 1.19083, 6.27017, 12.7828, 20.4899, 15.9113, 18.6954, 12.8518, 14.1435, 11.0624, 15.7806, 25.5736, 27.2542, 2.60566, 18.1823, 5.30813, 17.4579, 4.35164, 3.59416, 27.0911, 11.414, 17.4831, 17.325, 4.42077, 8.3478, 26.6957 ], 
          [ 27.5545, 1.35527, 21.4681, 1.92376, 16.7275, 21.6325, 28.8222, 19.1251, 4.65696, 9.69648, 17.2482, 14.5359, 28.6306, 6.26962, 19.8636, 18.5458, 26.0392, 3.94271, 18.5014, 27.2636, 19.2274, 27.0783, 12.4302, 18.46, 18.5442, 29.7909, 20.2581, 10.11, 11.0486, 3.35376 ], 
          [ 17.8315, 20.1047, 21.6753, 21.0388, 3.85586, 29.507, 5.65759, 13.6052, 20.7084, 19.3874, 25.6764, 29.8264, 10.6693, 19.7868, 19.4941, 21.0497, 29.7436, 20.9758, 22.0734, 10.5629, 28.7137, 3.93722, 9.9092, 27.9082, 3.0041, 3.28876, 25.3032, 27.3871, 2.29435, 7.53961 ], 
          [ 17.6641, 26.6074, 5.5048, 19.2328, 10.0841, 17.3635, 3.05399, 9.4565, 5.35367, 9.37727, 7.78517, 25.9352, 14.9842, 10.6989, 5.27404, 6.87987, 22.8358, 16.6475, 29.4039, 10.9501, 22.5385, 2.33515, 24.2325, 21.0427, 22.9971, 24.5123, 13.959, 9.25978, 23.6098, 10.2803 ], 
          [ 5.3818, 3.8297, 19.9964, 4.21242, 13.5283, 28.3352, 10.2534, 20.9435, 13.7084, 18.2126, 12.5913, 13.3777, 9.97362, 8.21307, 4.80932, 14.5499, 23.3226, 3.09778, 6.5852, 16.0631, 13.5271, 19.5602, 25.9525, 5.23637, 20.2262, 8.57801, 6.45673, 22.6045, 9.16836, 21.4526 ], 
          [ 17.2248, 9.72732, 24.158, 1.18529, 10.9868, 5.81214, 20.0724, 24.4265, 27.7794, 9.09992, 17.2257, 24.316, 22.077, 7.57563, 8.85591, 29.8802, 28.8273, 26.2203, 4.58798, 22.6588, 22.1613, 26.0924, 9.42443, 26.9331, 6.97448, 8.31911, 9.75986, 22.911, 19.254, 3.38731 ], 
          [ 8.42543, 6.03004, 19.6454, 22.0351, 27.4793, 16.305, 7.58208, 14.399, 3.17471, 10.004, 14.8304, 9.68075, 23.2652, 25.9569, 10.9929, 18.8717, 19.2883, 13.8767, 16.6737, 25.1067, 11.7674, 22.0328, 13.6016, 28.5027, 12.8197, 3.86626, 22.4899, 18.5816, 19.1331, 20.5991 ], 
          [ 18.1664, 10.5865, 26.5055, 4.31765, 17.3035, 18.1759, 8.90555, 4.95951, 27.9027, 16.1455, 22.8721, 9.036, 11.352, 14.7025, 18.1658, 13.6214, 1.79657, 21.5971, 22.5721, 29.1192, 12.549, 17.3405, 3.83841, 28.367, 20.0496, 23.0829, 22.0549, 3.72511, 29.0135, 9.39856 ], 
          [ 11.9117, 24.419, 1.80993, 25.8555, 2.41912, 28.9249, 22.6507, 26.2255, 15.9541, 14.02, 16.8938, 3.6934, 7.67114, 11.2103, 4.75443, 7.77148, 7.32895, 19.6297, 18.8599, 20.738, 5.65563, 16.5493, 23.3653, 21.2671, 27.6235, 14.4247, 17.9864, 4.94547, 8.92241, 4.13054 ], 
          [ 25.9057, 22.482, 17.3935, 28.4111, 9.11295, 27.4339, 9.48388, 13.6869, 10.7376, 16.0796, 9.4258, 27.2054, 16.8789, 15.5467, 7.64567, 18.1297, 16.993, 23.2159, 9.01442, 1.23708, 16.0202, 23.2817, 1.4981, 13.7773, 26.5558, 27.8314, 17.9462, 20.8236, 18.4783, 23.3688 ], 
          [ 13.5998, 27.6413, 29.4282, 7.32375, 11.4223, 3.59, 11.1827, 27.3026, 11.5309, 27.102, 16.5106, 7.09307, 7.89707, 19.7912, 26.2095, 2.41257, 16.8774, 3.69087, 24.096, 12.5745, 15.4096, 2.44461, 8.88348, 24.5101, 16.5736, 27.2374, 14.2625, 12.2274, 15.7851, 16.7404 ], 
          [ 8.19834, 24.174, 16.9286, 28.6758, 21.382, 2.36881, 24.6564, 11.5299, 10.2272, 5.70871, 14.4988, 21.1291, 25.2693, 14.7055, 4.44728, 13.9543, 27.9862, 27.605, 22.6032, 7.60068, 18.7667, 27.9631, 7.09104, 17.7454, 29.5551, 12.2838, 11.3496, 1.62219, 28.4882, 12.9229 ], 
          [ 22.0854, 9.88259, 1.41068, 26.4671, 17.0529, 4.0135, 24.6579, 19.6165, 26.0436, 24.6211, 2.28618, 28.7627, 17.9403, 10.3314, 13.803, 1.29197, 26.6232, 6.415, 25.0501, 2.73519, 13.9322, 14.5661, 16.5948, 16.756, 27.5399, 23.0561, 8.92333, 17.1517, 18.6379, 15.5964 ], 
          [ 4.16564, 15.4748, 27.3577, 17.944, 14.7965, 25.903, 23.0705, 21.1873, 16.8236, 11.7453, 13.778, 8.08021, 6.48051, 15.633, 25.3693, 21.8078, 23.0558, 3.51463, 17.4926, 1.0361, 26.6683, 26.9358, 3.5193, 6.51681, 18.8802, 19.4681, 24.3827, 18.9964, 15.2877, 13.8026 ], 
          [ 18.1521, 14.461, 14.3256, 20.8971, 20.1455, 8.11816, 19.2033, 8.91859, 20.6551, 3.15847, 17.4929, 9.98184, 29.0105, 18.8751, 13.0787, 4.85499, 21.8774, 25.541, 5.85036, 28.4084, 3.9519, 11.5732, 19.6512, 7.57033, 10.4657, 20.8797, 22.4473, 7.43181, 17.6408, 1.27807 ], 
          [ 13.4062, 25.9333, 18.2203, 20.4386, 18.864, 7.26439, 21.1353, 26.1839, 7.24181, 20.9684, 4.45713, 1.8286, 29.3052, 18.4315, 7.33165, 9.32558, 9.35683, 12.1049, 11.6593, 29.4452, 21.8975, 9.99771, 18.5676, 17.925, 26.0943, 12.1447, 9.00814, 2.69643, 25.048, 22.0279 ], 
          [ 1.58626, 15.4258, 14.4224, 29.8793, 2.59427, 28.0371, 3.65858, 11.9463, 13.4397, 7.13985, 23.8343, 21.6777, 26.1524, 1.28135, 15.0888, 28.6661, 1.43797, 1.92118, 7.45348, 2.58948, 23.3525, 27.3018, 16.9615, 25.8071, 23.1388, 2.78971, 2.0801, 13.611, 27.912, 10.0674 ], 
          [ 1.03194, 25.4641, 1.37833, 13.7485, 13.8036, 6.82794, 23.4276, 8.14093, 23.4499, 1.9666, 11.2764, 20.3998, 27.3898, 13.7493, 9.86532, 19.2259, 25.1657, 15.0138, 12.4669, 12.6532, 17.0508, 25.019, 7.45403, 13.8005, 1.31369, 28.1702, 19.4558, 11.2793, 21.2802, 14.6765 ], 
          [ 8.00844, 2.21925, 17.4746, 15.4571, 7.07651, 26.1328, 10.9993, 7.74211, 21.1189, 14.6169, 2.11271, 7.66679, 28.6326, 21.4107, 21.0636, 25.5958, 3.46913, 15.5147, 28.0305, 9.91923, 21.641, 24.6177, 27.6296, 14.9075, 11.6972, 1.47834, 27.3515, 20.0375, 10.1839, 13.7403 ], 
          [ 14.7607, 19.9646, 2.12986, 1.32705, 16.5252, 21.3149, 24.054, 4.61297, 15.6338, 5.62747, 29.6054, 27.1044, 2.07314, 25.035, 12.2279, 20.5263, 27.1788, 6.28018, 3.37139, 4.47712, 5.77275, 8.43343, 11.6369, 3.51155, 14.7597, 26.8646, 1.80668, 25.5029, 12.6104, 16.9075 ], 
          [ 8.39117, 15.4238, 16.3186, 14.8561, 11.2498, 21.6531, 1.22497, 3.99295, 22.5893, 14.7004, 11.2045, 17.6325, 9.5069, 5.81668, 5.44975, 25.3612, 23.1659, 14.9155, 20.1961, 5.243, 3.78183, 5.03348, 1.29053, 10.4584, 14.9477, 3.33214, 21.499, 29.1603, 17.1352, 5.22205 ], 
          [ 23.6226, 25.4187, 15.5344, 14.6086, 2.77768, 13.7206, 24.6247, 16.1594, 29.4378, 13.7247, 23.5673, 8.13784, 17.4367, 27.4661, 8.81453, 1.42743, 9.05064, 20.5146, 10.557, 6.08109, 6.20853, 18.8672, 2.37637, 11.3714, 20.4669, 1.09983, 18.7521, 28.7313, 2.77228, 5.23822 ], 
          [ 10.4957, 23.0117, 5.64819, 17.996, 11.2965, 19.8736, 14.0076, 8.43234, 23.919, 21.6761, 29.5612, 24.7338, 3.50983, 15.4133, 6.70746, 4.44951, 19.1858, 20.6093, 27.4526, 20.9401, 11.3064, 23.1977, 1.63897, 21.2201, 5.50558, 7.64441, 16.6165, 29.1271, 3.58873, 18.9416 ], 
          [ 7.30913, 22.7888, 9.02776, 22.6035, 20.5016, 10.7386, 2.33699, 13.847, 11.8531, 26.8226, 3.3377, 6.63857, 2.63614, 13.501, 18.2322, 16.1722, 1.27036, 28.5925, 16.7935, 6.88355, 8.85752, 21.9765, 4.56061, 25.8447, 25.7874, 12.7568, 6.52251, 4.83451, 2.98748, 4.86087 ], 
          [ 14.2999, 7.41076, 24.5019, 10.2626, 3.14036, 28.3078, 5.42186, 17.5375, 22.7786, 2.00772, 1.45518, 12.4365, 17.6665, 29.5647, 27.9514, 22.1545, 7.2846, 14.0314, 3.92013, 18.6067, 17.9421, 16.0561, 12.7616, 23.2151, 11.582, 1.97376, 27.3386, 3.13092, 5.48289, 14.1958 ], 
          [ 9.10031, 12.1168, 6.51491, 21.4306, 14.482, 2.59754, 25.3054, 26.8736, 17.8893, 4.10568, 25.0884, 28.4551, 1.53733, 24.4101, 9.19288, 13.4249, 24.8834, 19.7922, 11.9271, 24.6493, 1.00509, 18.7778, 3.02391, 21.7273, 4.37136, 24.3568, 6.52959, 28.9803, 17.582, 15.53 ], 
          [ 29.9045, 21.9714, 29.5552, 19.7199, 19.6699, 24.1466, 26.0064, 26.4578, 13.9896, 22.4714, 6.69544, 24.5556, 1.69469, 8.75023, 10.3275, 8.16742, 16.993, 2.46008, 11.8844, 19.3661, 29.7786, 24.1613, 7.46807, 15.1339, 20.0961, 4.77205, 24.2888, 29.6193, 8.55456, 15.934 ], 
          [ 18.7391, 12.1685, 4.52047, 5.6879, 5.74608, 18.4499, 20.2627, 6.1293, 11.1349, 19.762, 5.05051, 5.66514, 5.13271, 1.43249, 15.1633, 14.0107, 1.47042, 29.6451, 3.59212, 6.59415, 27.2025, 26.8527, 26.7843, 8.24523, 8.25293, 5.47294, 8.27266, 22.2396, 24.1401, 12.6281 ], 
          [ 9.9876, 14.8532, 18.9956, 5.86807, 21.4123, 2.7439, 13.429, 25.8001, 22.8931, 22.9515, 7.76128, 13.1143, 26.9968, 8.86005, 6.3327, 6.68358, 6.9423, 25.8081, 10.6109, 7.69607, 21.082, 27.0685, 21.9053, 18.5454, 6.24475, 1.28873, 3.47373, 27.9363, 14.3478, 27.1353 ], 
          [ 13.4308, 26.7585, 22.2184, 27.4849, 27.1934, 2.65906, 21.5605, 26.4086, 19.5302, 1.45265, 16.7372, 20.6148, 15.5658, 20.1971, 22.8644, 26.9283, 29.2143, 20.2798, 8.79487, 10.7072, 20.0797, 24.4022, 26.0799, 14.7209, 17.5928, 26.8913, 13.0495, 6.87654, 9.6042, 2.41199 ], 
          [ 8.02491, 17.2425, 3.99041, 26.4165, 2.29569, 22.6675, 16.8765, 27.6418, 21.8284, 6.34721, 7.04935, 19.4499, 8.98976, 2.9473, 27.1789, 13.8623, 15.2331, 3.85659, 2.50967, 28.8189, 19.1508, 12.44, 15.8394, 24.372, 2.61414, 3.0229, 28.3143, 17.7016, 1.54759, 8.21342 ], 
          [ 27.552, 21.095, 14.3038, 8.34542, 20.4127, 17.2113, 1.12627, 29.8369, 21.8572, 4.63284, 3.76158, 10.8628, 10.0365, 23.3344, 9.18745, 21.8591, 15.2798, 17.7336, 2.76497, 28.2862, 25.703, 27.6106, 25.0767, 16.9625, 17.5119, 28.2928, 7.23833, 11.7899, 9.37148, 25.6817 ], 
          [ 16.0317, 23.6352, 5.30124, 26.7093, 19.0512, 29.082, 20.3022, 2.5036, 16.9224, 21.0537, 11.0601, 27.9855, 24.9827, 9.54732, 21.662, 5.81469, 13.0856, 18.1537, 5.33259, 6.73496, 10.4332, 27.2857, 27.0686, 1.27928, 1.31928, 27.9177, 7.13803, 12.6422, 27.3088, 3.96 ], 
          [ 24.4656, 23.6699, 13.0004, 19.3143, 28.3076, 2.26478, 10.6186, 2.2146, 10.5059, 28.0851, 10.4317, 26.8183, 26.0152, 19.3324, 13.3606, 22.551, 22.793, 24.3864, 12.6918, 21.1997, 24.5594, 16.4388, 3.4614, 11.472, 24.0062, 14.2441, 17.8604, 7.40384, 28.2006, 23.6292 ], 
          [ 18.7153, 10.5891, 10.9017, 24.7957, 17.3377, 2.3784, 11.5408, 6.33384, 22.6903, 10.1619, 23.3929, 4.86593, 22.2015, 3.719, 10.4557, 23.6697, 11.1833, 8.15833, 12.6779, 17.5315, 8.98164, 17.6996, 17.3461, 26.9933, 25.3613, 21.563, 4.99982, 20.9474, 27.8004, 4.7543 ], 
          [ 28.7204, 22.7405, 20.676, 17.9574, 2.5357, 8.90764, 4.60913, 26.2628, 17.6844, 11.5159, 11.7251, 9.20596, 25.3912, 21.7609, 24.4334, 27.4227, 7.26736, 1.26904, 14.5931, 27.5576, 4.75312, 2.10166, 26.8855, 16.2719, 15.9353, 16.2763, 2.14081, 6.43816, 2.60022, 20.5848 ], 
          [ 9.80599, 1.17805, 27.5487, 29.8592, 19.5736, 13.4303, 1.26067, 1.06377, 21.7255, 28.8814, 20.5609, 28.4289, 10.6261, 16.1162, 8.32698, 10.4852, 23.705, 28.7428, 15.5366, 16.3276, 1.02154, 23.6627, 12.2574, 29.4055, 13.8252, 2.71232, 20.909, 19.3817, 2.06504, 25.7028 ], 
          [ 4.73555, 26.8691, 3.01753, 8.55417, 19.889, 4.67382, 3.67221, 3.24618, 22.8449, 8.64155, 26.5951, 20.8663, 23.9584, 12.9167, 5.54872, 21.0162, 8.02786, 22.2142, 1.60961, 4.23116, 9.51938, 29.591, 24.2476, 6.39004, 9.12678, 28.8451, 5.10886, 14.618, 6.71732, 16.5113 ], 
          [ 19.7177, 6.53249, 7.89018, 7.25352, 22.564, 3.50308, 14.8974, 16.3315, 21.4328, 18.5595, 21.3542, 16.0103, 1.84257, 3.49363, 6.85736, 4.9558, 5.85684, 6.64428, 6.71092, 5.60605, 22.613, 15.1984, 9.58691, 12.9409, 1.98478, 5.69134, 28.1074, 26.0564, 15.8287, 15.5799 ], 
          [ 12.1822, 8.10427, 28.9292, 20.6483, 18.3654, 10.4209, 18.9749, 6.46188, 25.1031, 7.72509, 10.5058, 3.88384, 28.34, 19.8303, 5.79748, 22.4697, 7.49972, 21.5662, 14.1564, 19.488, 9.93504, 19.7199, 8.15533, 3.78643, 6.01128, 5.7053, 8.62507, 5.6762, 11.1547, 28.8986 ], 
          [ 9.72997, 15.5475, 5.73302, 12.0163, 1.0406, 1.9327, 14.4782, 5.86319, 11.3672, 29.7494, 1.90004, 7.22054, 11.5305, 25.9432, 25.3228, 3.05579, 26.2221, 9.31933, 18.7575, 20.4947, 15.2836, 1.43584, 21.35, 15.8102, 4.57007, 9.85332, 24.3303, 14.8253, 3.49277, 6.68525 ], 
          [ 1.13414, 7.90151, 25.6838, 16.5577, 14.2438, 12.9706, 10.6654, 4.84385, 4.59392, 9.02877, 9.86874, 24.2478, 27.6739, 7.42999, 12.8887, 25.9157, 8.79787, 11.7781, 13.8892, 18.4168, 19.6705, 9.35952, 9.09244, 5.10759, 2.09459, 4.9469, 20.4362, 8.40352, 25.0799, 1.9007 ], 
          [ 25.737, 4.32171, 19.9854, 29.3713, 27.3448, 29.8606, 15.4516, 9.49445, 11.6819, 29.2239, 5.19385, 21.5164, 7.30201, 11.1254, 24.7632, 16.2806, 7.61695, 8.01204, 28.9477, 18.859, 3.9776, 22.7064, 21.9944, 25.4335, 2.90166, 9.31938, 26.7187, 14.5344, 29.63, 23.4292 ], 
          [ 7.04453, 19.3564, 6.79476, 2.10128, 7.09109, 13.6179, 29.9076, 16.949, 26.2611, 6.49518, 3.60079, 28.8833, 13.4802, 27.8721, 5.48394, 22.4082, 1.08546, 7.48518, 2.9593, 11.4117, 16.7874, 28.4574, 3.27085, 19.119, 27.8329, 29.4393, 16.8328, 11.3777, 6.82349, 9.62359 ], 
          [ 24.947, 20.9429, 7.6073, 17.3339, 29.1067, 6.32093, 4.80133, 28.026, 1.79949, 17.8564, 29.1807, 15.0372, 5.72186, 20.9968, 9.01005, 3.83456, 5.47106, 24.776, 7.83652, 11.986, 24.3895, 8.85872, 25.5008, 6.45015, 19.0833, 17.3226, 15.4281, 15.4955, 2.75236, 25.0979 ], 
          [ 5.77618, 5.97221, 20.0848, 18.0832, 4.02598, 21.7654, 8.03724, 6.59649, 13.118, 20.4962, 10.0368, 16.5636, 11.0244, 19.3656, 14.3439, 15.2051, 29.0805, 23.0597, 2.37282, 17.1346, 5.19803, 25.2099, 17.8624, 11.0095, 29.7766, 4.40919, 8.42877, 4.47681, 25.0306, 21.5528 ], 
          [ 22.4403, 25.0036, 13.8804, 17.6109, 3.77623, 9.13591, 2.63791, 1.41814, 23.9518, 3.17788, 5.9079, 4.9787, 26.2572, 26.2356, 12.5237, 27.1258, 29.4992, 20.4719, 18.6725, 17.7883, 12.0052, 5.5253, 24.5017, 7.61903, 29.9296, 1.21844, 20.1036, 2.52349, 24.6067, 3.98519 ], 
          [ 2.51257, 10.1981, 28.1477, 20.119, 9.64733, 5.48389, 8.56133, 24.6887, 13.7726, 12.5438, 26.1959, 25.6354, 15.7559, 26.5427, 24.2808, 20.3701, 21.4052, 29.76, 16.5587, 27.9182, 2.1536, 5.53261, 29.4359, 10.248, 17.3089, 5.0952, 15.9411, 17.4382, 24.0836, 20.8383 ], 
          [ 20.0516, 10.9766, 7.75206, 23.0361, 26.0678, 16.1776, 5.75674, 21.1504, 11.7635, 16.4217, 8.60645, 17.7716, 28.2161, 28.8309, 20.5315, 29.3545, 6.65153, 27.7053, 15.1894, 4.41922, 1.48125, 9.57705, 14.7667, 9.7909, 29.224, 26.1402, 25.1692, 17.9285, 27.6037, 20.2735 ], 
          [ 11.5188, 21.414, 18.8508, 22.7314, 3.65714, 5.07349, 13.5223, 25.7751, 6.68762, 24.8173, 20.9619, 25.2741, 26.3634, 28.1962, 29.4662, 5.55385, 2.94045, 17.7248, 21.2243, 25.5914, 21.5971, 12.5743, 28.1659, 14.3525, 9.08468, 12.3226, 16.0765, 3.52957, 5.31631, 2.87619 ], 
          [ 26.0297, 9.75036, 26.1087, 2.20684, 1.6008, 22.08, 15.1826, 24.0195, 23.6633, 18.5699, 16.0707, 3.34014, 6.96973, 5.79087, 8.38194, 10.5862, 28.4293, 10.5511, 25.7274, 23.3483, 29.4286, 6.51306, 5.11396, 17.5656, 12.3233, 24.6705, 18.4514, 6.07138, 7.19627, 25.6073 ], 
          [ 16.102, 19.5277, 21.3992, 10.7332, 29.1031, 27.6155, 10.7274, 18.5838, 2.87768, 13.7988, 10.0609, 22.7153, 1.40873, 1.66572, 9.55001, 1.18408, 14.3006, 15.1984, 14.0465, 9.02625, 27.9664, 2.39902, 12.7168, 24.3639, 29.0878, 14.7104, 5.50698, 27.9468, 19.5701, 21.9141 ], 
          [ 9.45883, 21.7859, 22.4277, 12.8362, 17.7502, 2.60435, 29.0962, 19.366, 6.73583, 29.5622, 13.5865, 7.12036, 26.0928, 14.9883, 28.3862, 9.35887, 3.13827, 21.3565, 21.2717, 29.982, 17.5437, 7.8307, 19.4974, 17.6884, 22.2253, 12.7915, 9.97352, 16.1406, 21.2926, 7.53669 ], 
          [ 28.7165, 17.6275, 10.3377, 24.1965, 20.861, 18.0959, 6.28089, 22.8649, 5.49082, 21.0935, 1.12176, 11.9117, 21.8145, 4.36802, 20.8962, 26.4096, 23.263, 2.6749, 5.65558, 28.2606, 4.04689, 9.59465, 17.195, 20.7955, 7.39679, 29.0887, 22.9798, 24.0709, 12.3694, 11.1972 ], 
          [ 10.6673, 27.1768, 6.35756, 8.01975, 3.88979, 6.90933, 13.5046, 4.15946, 17.3261, 16.856, 17.7418, 2.77664, 9.70567, 28.1584, 20.265, 4.90003, 5.4877, 24.7506, 15.7629, 9.96335, 17.3149, 1.82037, 22.9298, 25.6756, 18.0082, 8.41114, 4.67926, 17.9441, 26.3847, 13.1745 ], 
          [ 25.3618, 13.7211, 27.1342, 28.535, 10.9502, 16.5867, 24.1467, 18.8844, 21.7655, 26.1877, 21.6984, 22.223, 26.8552, 8.06621, 26.6132, 17.0102, 21.4455, 7.21887, 21.1986, 15.7182, 7.30664, 19.7724, 16.1348, 17.0835, 21.9015, 16.828, 8.67428, 8.97408, 3.04782, 7.14035 ], 
          [ 5.84941, 23.9036, 26.495, 9.82965, 23.9839, 18.1968, 14.8099, 6.13534, 17.2973, 8.25591, 4.68961, 17.0249, 21.0385, 29.9056, 23.7484, 16.1601, 1.46795, 13.2899, 11.798, 29.0658, 22.6611, 25.8951, 9.39996, 29.1352, 29.9913, 18.2929, 29.8413, 21.5975, 27.4311, 5.75515 ]
        ], 
        [
          [ 24.8967, 29.8664, 7.25992, 28.6822, 21.7107, 11.567, 24.1441, 26.4118, 23.8089, 16.9611, 22.7932, 4.30761, 6.73016, 28.707, 24.1917, 13.1283, 6.46042, 17.0011, 10.8575, 15.0889, 12.8417, 17.5739, 26.9567, 3.17513, 8.79509, 16.2528, 25.0277, 10.9315, 7.55431, 29.2851 ], 
          [ 16.3624, 21.5244, 17.6107, 25.966, 2.50888, 16.0837, 21.7027, 4.4587, 1.92233, 17.3932, 15.1818, 20.7432, 29.5704, 5.07186, 19.4258, 3.44312, 5.99239, 16.5741, 11.495, 10.9762, 1.6801, 15.0874, 1.97916, 7.88418, 15.9912, 26.3594, 20.5712, 23.9935, 10.8607, 6.78455 ], 
          [ 11.0462, 4.13572, 14.6019, 18.6233, 6.63441, 26.6726, 3.04906, 17.5527, 20.2085, 28.0257, 17.8923, 14.0858, 28.2299, 11.6989, 6.99787, 23.3223, 4.50726, 23.5243, 5.20573, 8.64296, 28.298, 1.66873, 17.5344, 29.3532, 29.4374, 22.4513, 7.34779, 17.8017, 3.39838, 1.82433 ], 
          [ 26.8372, 4.78122, 14.3425, 22.2445, 16.8049, 6.58291, 2.6236, 7.3491, 13.363, 13.0758, 16.1034, 17.6328, 1.8997, 4.76007, 15.7624, 13.2949, 13.315, 5.77378, 15.4719, 6.07817, 9.26886, 24.7452, 10.8538, 16.8324, 10.2842, 26.8808, 5.76158, 12.254, 12.3301, 22.3588 ], 
          [ 15.5877, 8.75099, 16.3207, 25.6873, 19.9458, 15.7338, 24.129, 27.1351, 12.8137, 19.6227, 3.24505, 17.8837, 24.0553, 20.4312, 14.1982, 17.0007, 28.8407, 14.6905, 18.886, 1.27945, 27.2033, 27.6352, 22.248, 7.66615, 3.76145, 15.5355, 19.0809, 19.9596, 10.842, 6.03637 ], 
          [ 8.40964, 9.67927, 12.3011, 15.7071, 17.0728, 15.8553, 13.7532, 20.6063, 24.981, 4.74895, 16.1458, 13.6928, 18.1662, 4.42501, 2.70308, 15.5524, 28.5718, 3.51505, 12.2876, 9.88742, 14.8376, 29.3507, 18.1369, 8.3333, 22.7621, 21.2613, 3.827, 1.99088, 13.0675, 3.50025 ], 
          [ 5.24314, 26.8292, 13.2588, 28.1358, 7.30813, 22.7091, 7.51367, 28.6754, 1.0695, 10.3804, 12.1903, 17.1829, 4.23334, 16.5352, 11.4, 15.1718, 5.73394, 9.7337, 11.0018, 7.94092, 3.611, 15.5341, 19.7565, 25.3476, 7.49709, 27.0271, 2.76984, 12.2088, 22.131, 14.1474 ], 
          [ 29.8854, 26.2267, 15.1196, 6.79805, 28.2989, 20.8485, 18.6152, 29.8823, 23.8513, 1.27598, 22.8218, 23.2854, 16.4998, 24.4288, 21.2442, 21.6351, 4.30458, 16.6449, 11.4982, 22.1929, 1.8519, 26.6977, 9.26132, 28.3599, 12.7751, 25.4462, 11.7679, 25.8568, 28.8501, 4.71086 ], 
          [ 8.64993, 8.10095, 28.7235, 18.9673, 9.00967, 28.2531, 10.4529, 15.4406, 23.3664, 14.5623, 19.0957, 22.9681, 11.9741, 19.5008, 11.1912, 19.747, 10.2488, 29.8066, 10.2805, 10.8467, 16.4813, 29.8459, 13.4501, 23.1011, 4.69856, 17.7185, 10.9477, 16.6338, 18.5837, 13.1638 ], 
          [ 21.7949, 12.8105, 15.4455, 17.2967, 23.7824, 8.56322, 17.5781, 6.69943, 22.1992, 29.8515, 7.55793, 5.35529, 21.8918, 14.9982, 5.01354, 18.0967, 1.24772, 2.8428, 29.6846, 5.99812, 27.2802, 13.7155, 29.5031, 26.4766, 2.31068, 23.1842, 21.2469, 11.5731, 29.6906, 25.0512 ], 
          [ 21.2121, 21.0635, 9.60254, 5.93231, 14.8763, 22.3525, 27.4838, 13.9426, 27.6353, 6.56055, 29.091, 26.7245, 3.80348, 4.62092, 28.6739, 11.3601, 5.50376, 13.9178, 7.20991, 6.47129, 13.9296, 5.26758, 18.248, 26.8543, 25.7895, 4.7119, 25.0358, 22.4985, 12.2752, 9.47879 ], 
          [ 17.8241, 6.92259, 16.1364, 8.37327, 1.25759, 14.461, 21.3797, 2.58566, 17.3524, 28.2899, 15.5293, 5.40168, 1.84913, 11.9987, 24.9217, 2.97735, 24.8959, 3.95917, 22.716, 2.82258, 26.0351, 16.7114, 7.20463, 27.5922, 24.0576, 19.2019, 8.55102, 21.9893, 10.5531, 18.9887 ], 
          [ 2.06818, 1.66733, 5.96978, 10.3001, 9.7858, 15.4322, 4.84859, 26.8855, 18.263, 6.28146, 9.41947, 11.5122, 27.2909, 3.74137, 14.9786, 10.0542, 17.0794, 22.1116, 25.531, 2.94075, 27.6838, 21.1039, 21.5888, 19.0151, 2.35043, 24.6352, 1.25553, 28.8198, 13.009, 6.11901 ], 
          [ 21.5975, 20.7997, 24.6396, 10.7505, 4.09604, 28.3532, 20.8255, 22.5393, 14.7929, 11.0627, 26.0117, 8.85848, 25.4934, 6.37009, 4.76899, 18.3963, 7.77022, 1.70905, 11.3802, 10.1728, 12.5407, 28.9204, 6.03542, 15.4294, 6.42127, 6.28671, 22.3378, 27.0091, 29.7948, 18.1846 ], 
          [ 18.0972, 13.6389, 19.1466, 17.741, 20.5336, 23.3606, 28.5435, 8.91741, 10.1212, 22.5617, 20.9478, 29.293, 19.5524, 28.0176, 23.7808, 11.4885, 13.8387, 15.8483, 5.39925, 29.6008, 13.6541, 8.16708, 27.2563, 29.3249, 23.815, 9.91531, 5.87618, 3.28895, 8.11269, 12.2839 ], 
          [ 15.3502, 7.81953, 1.62966, 16.0105, 2.82334, 11.7561, 6.29312, 7.55873, 29.1715, 13.702, 29.3731, 1.86322, 23.6465, 2.04407, 2.91805, 17.3493, 29.1648, 24.4984, 13.8233, 11.7388, 24.2444, 26.9601, 28.2533, 10.8287, 1.27361, 22.107, 24.3265, 2.68821, 17.9822, 29.9199 ], 
          [ 1.92406, 2.59967, 9.27306, 15.871, 14.1616, 2.72678, 22.5048, 13.4258, 25.1054, 24.8077, 4.5532, 29.3371, 18.8849, 3.14099, 14.8416, 3.1795, 17.46, 29.4343, 21.7549, 11.09, 5.79018, 17.228, 16.7367, 16.9722, 8.58749, 6.81685, 21.5984, 20.5673, 24.3933, 12.5003 ], 
          [ 3.99987, 27.1195, 23.1525, 8.25398, 16.8549, 1.77414, 4.32588, 5.25092, 14.212, 15.1117, 29.4592, 28.5531, 5.2353, 15.3903, 19.2694, 28.873, 19.1911, 25.7416, 16.3813, 3.34854, 1.73822, 4.87904, 2.68309, 29.2198, 8.94727, 15.7012, 2.48303, 18.0488, 10.544, 22.1777 ], 
          [ 19.4636, 11.8841, 11.4228, 28.5489, 5.73922, 29.3487, 18.8592, 24.7662, 12.8066, 28.4185, 24.4015, 6.75781, 10.1386, 18.3658, 18.2219, 16.7032, 26.1861, 17.9669, 15.4781, 11.6193, 9.69576, 21.378, 22.247, 23.4545, 4.50652, 22.6656, 2.07202, 7.50601, 20.389, 29.3727 ], 
          [ 27.7178, 26.7388, 8.82736, 29.7079, 28.7828, 5.96941, 1.46052, 21.63, 10.4114, 10.3261, 1.61668, 1.67474, 18.008, 24.8114, 18.0427, 5.20798, 24.7386, 2.28424, 1.10922, 8.89398, 13.7329, 2.01679, 25.05, 7.02959, 25.3849, 22.031, 25.866, 2.05334, 17.6419, 22.793 ], 
          [ 14.9774, 10.5305, 21.3872, 2.01447, 8.08349, 10.0073, 20.5843, 28.0685, 9.56996, 1.21835, 20.3666, 16.6763, 18.921, 3.65931, 29.807, 27.0214, 9.00948, 7.44371, 12.089, 2.74168, 28.4345, 27.3864, 10.6714, 11.9633, 6.6327, 20.4782, 17.7774, 28.2487, 27.2111, 10.221 ], 
          [ 4.36504, 9.59071, 23.9703, 14.7827, 18.8275, 13.7137, 22.6545, 2.16788, 14.4473, 17.4938, 18.4227, 15.0059, 19.3915, 17.7247, 26.5365, 19.2078, 8.08378, 27.5402, 18.6593, 12.3243, 29.9255, 8.29294, 17.5587, 20.048, 8.12444, 17.4065, 5.24041, 19.4918, 27.7418, 17.1748 ], 
          [ 12.2927, 14.3818, 17.3667, 15.5108, 3.00354, 3.55685, 4.97336, 2.54098, 25.2069, 7.4088, 21.515, 13.9948, 5.94692, 26.9417, 5.53047, 29.6456, 6.55896, 10.6854, 9.94191, 15.5886, 11.377, 29.4166, 18.7832, 17.8609, 19.9403, 5.45957, 20.734, 28.5964, 18.091, 19.3348 ], 
          [ 28.462, 9.09106, 1.83714, 16.1053, 27.095, 21.9028, 5.51043, 4.1347, 20.2972, 29.6537, 1.19019, 29.7895, 15.3847, 14.2051, 4.94804, 27.3778, 15.9109, 22.8463, 3.52171, 6.17302, 3.73412, 9.51471, 8.07965, 4.91433, 4.92348, 14.7758, 19.9862, 27.2972, 7.63876, 2.54855 ], 
          [ 20.6951, 4.97515, 29.4958, 21.2349, 11.5476, 18.5902, 15.678, 27.902, 12.354, 25.8986, 8.45009, 29.7774, 7.59113, 27.3465, 29.4037, 24.9302, 4.18406, 15.8181, 22.2312, 25.264, 8.56998, 29.8199, 3.22205, 2.24132, 19.431, 20.8872, 13.4059, 13.0414, 24.501, 24.9923 ], 
          [ 18.7804, 11.6729, 23.6634, 28.6775, 2.25044, 24.6124, 15.2256, 17.705, 28.4746, 26.0917, 7.01813, 13.2901, 2.02994, 10.404, 17.35, 28.1847, 23.6261, 25.2491, 6.07749, 16.1546, 2.6521, 17.2625, 12.0068, 5.7859, 24.3949, 16.4993, 9.52382, 11.6336, 10.0333, 25.5418 ], 
          [ 13.8393, 20.9007, 4.01174, 23.0545, 8.50668, 1.8783, 28.1684, 26.2381, 21.9546, 17.1352, 13.3647, 25.9324, 2.59302, 3.09206, 27.1769, 7.73656, 8.55146, 1.9542, 22.9865, 23.5898, 28.8454, 21.467, 1.56278, 4.55556, 17.5349, 25.3712, 23.4402, 27.0957, 16.0757, 12.7085 ], 
          [ 21.491, 18.8724, 10.5584, 4.75131, 19.7835, 23.6527, 26.6927, 2.99177, 5.89741, 14.4659, 17.245, 18.1593, 7.71543, 11.9617, 27.7646, 15.8333, 28.279, 9.1174, 28.3326, 19.7748, 28.7869, 7.97555, 9.76891, 9.42846, 22.7824, 5.10667, 11.316, 22.2353, 16.7889, 17.7332 ], 
          [ 11.1495, 3.78999, 28.9859, 20.4076, 16.0073, 10.7649, 26.0112, 7.0755, 1.78485, 17.9759, 13.0374, 4.74093, 24.6788, 26.8924, 27.671, 26.7657, 11.5476, 13.0075, 7.82874, 3.78666, 27.7878, 29.4529, 8.86843, 7.70255, 9.37097, 1.18714, 9.57575, 17.1996, 13.3023, 13.1038 ], 
          [ 26.5915, 28.4946, 19.1718, 4.78326, 6.90266, 5.18722, 6.16409, 8.70941, 17.9636, 22.917, 17.5912, 18.5442, 23.8391, 13.0697, 4.76192, 11.7714, 6.5443, 15.0177, 28.3687, 10.2708, 5.49522, 20.1888, 12.1355, 23.2734, 29.8277, 8.69457, 21.5773, 4.64783, 10.3454, 5.86059 ], 
          [ 23.1619, 23.183, 25.2864, 25.0402, 19.9763, 16.9082, 12.8939, 20.0131, 4.51823, 4.30641, 2.15264, 10.9249, 7.95844, 20.5528, 7.56993, 14.3553, 24.5693, 13.7757, 8.17554, 3.93883, 10.97, 12.3798, 16.2988, 23.7946, 27.5884, 15.9664, 27.4562, 24.6342, 2.75793, 28.9576 ], 
          [ 12.0547, 26.1655, 7.9471, 28.3612, 16.1679, 20.2593, 7.8494, 17.5549, 3.37426, 5.27217, 16.1369, 22.049, 13.918, 12.0107, 26.2471, 20.4855, 20.2669, 19.8559, 27.3774, 3.81555, 13.6654, 5.33268, 4.03805, 10.6838, 18.2992, 2.53076, 5.82225, 9.12799, 23.3695, 22.5313 ], 
          [ 8.21349, 3.6004, 15.9723, 9.66956, 19.7641, 17.1826, 5.35527, 11.0177, 21.7963, 29.6865, 14.5287, 26.6284, 12.8942, 6.12665, 13.4616, 11.588, 26.0261, 28.5403, 7.98054, 6.14681, 16.124, 9.81346, 20.0889, 15.4783, 14.4951, 5.95677, 2.77259, 29.7299, 1.49781, 19.0967 ], 
          [ 16.5571, 8.70161, 4.36753, 11.3625, 9.86175, 29.7462, 11.2776, 19.5861, 28.4316, 2.42923, 22.9844, 13.4897, 22.4427, 24.4684, 7.62531, 11.0955, 11.3634, 3.2348, 27.0609, 15.1502, 4.72045, 25.0786, 27.7155, 16.6704, 7.11342, 11.5249, 16.2279, 14.2035, 17.6988, 14.574 ], 
          [ 10.356, 26.4103, 24.4292, 22.9427, 24.0072, 8.8618, 22.1766, 1.83312, 19.485, 8.31442, 2.88729, 8.88658, 4.79354, 8.56425, 2.56541, 11.2291, 6.05146, 19.845, 10.2329, 23.4598, 29.1553, 28.9353, 5.56512, 28.7386, 22.3398, 14.9636, 13.1107, 4.70707, 24.2973, 8.51894 ], 
          [ 20.7973, 12.3703, 2.07642, 9.35271, 16.9723, 19.3555, 14.8324, 10.007, 9.09853, 25.9433, 16.0399, 9.75835, 22.7964, 22.9022, 29.3621, 28.0499, 2.46547, 16.3254, 24.3565, 5.0416, 27.8084, 22.2486, 3.32587, 23.8501, 11.4879, 27.5164, 3.87713, 11.5071, 20.1459, 2.61653 ], 
          [ 7.34552, 10.4139, 6.79643, 19.3168, 2.69226, 9.9107, 29.5649, 11.6527, 9.35116, 2.97545, 12.8782, 3.12172, 14.8704, 29.295, 16.6683, 9.39336, 21.3059, 14.8141, 21.9122, 23.3323, 17.0509, 24.0756, 5.78791, 13.8816, 29.2733, 23.3493, 4.58505, 21.8946, 2.89967, 23.4858 ], 
          [ 13.6528, 24.6991, 24.8922, 28.6909, 28.9374, 7.37649, 29.29, 7.30904, 22.1246, 16.1519, 19.31, 26.2632, 2.7738, 26.4968, 13.4079, 1.80238, 4.19412, 13.5062, 4.47456, 3.03934, 24.3708, 9.89945, 25.6764, 7.0341, 6.62559, 25.0657, 17.99, 16.1081, 26.9692, 8.03708 ], 
          [ 19.0952, 9.08553, 27.1535, 19.8846, 26.9593, 6.89557, 12.919, 15.003, 2.04811, 17.5881, 6.258, 13.1372, 5.15366, 18.3116, 25.5149, 22.8804, 19.4765, 7.9641, 9.5361, 16.2767, 5.46678, 27.0298, 19.8382, 13.4862, 29.8171, 3.78146, 13.1051, 19.4477, 24.7563, 13.3433 ], 
          [ 26.2418, 5.47707, 25.6225, 2.67397, 17.9813, 6.8203, 15.9422, 5.60884, 13.0083, 3.29992, 19.2201, 8.52864, 13.8686, 23.8668, 13.5435, 16.3378, 8.60499, 21.713, 8.46805, 23.3884, 1.68017, 14.4415, 5.6084, 20.4458, 6.09754, 15.4269, 15.3222, 10.6494, 10.4052, 22.4718 ], 
          [ 12.7774, 15.3431, 1.51753, 27.5891, 23.0383, 24.7587, 2.82032, 1.87213, 5.49923, 6.49927, 28.2024, 22.9139, 27.6674, 14.9282, 4.19993, 4.26669, 5.98228, 19.8439, 27.3828, 12.8177, 15.3013, 18.532, 1.59352, 27.385, 5.80977, 26.0696, 27.8795, 4.79378, 29.6604, 9.79968 ], 
          [ 5.86777, 6.71158, 11.5348, 13.474, 14.7825, 28.7517, 18.7556, 9.55483, 9.64246, 1.01696, 29.7898, 4.31126, 19.923, 12.8688, 14.3714, 24.998, 23.2688, 6.09842, 3.17734, 15.4326, 29.4701, 26.7915, 17.892, 9.28128, 8.41405, 26.9858, 7.03549, 3.38538, 11.5908, 6.31215 ], 
          [ 3.28965, 2.72834, 14.7326, 25.2355, 21.8871, 16.8442, 22.7984, 22.11, 17.0579, 4.86639, 8.49012, 9.13381, 11.9882, 16.5252, 22.056, 9.18609, 6.42912, 26.1458, 29.2548, 6.45848, 4.52529, 4.7182, 9.2098, 20.5671, 28.7648, 16.2092, 9.98736, 23.6643, 24.1125, 28.3689 ], 
          [ 22.5738, 29.4226, 17.2511, 26.508, 6.70445, 8.4632, 9.56865, 4.73985, 15.4993, 9.52358, 15.7582, 23.2269, 10.5261, 17.8378, 22.1279, 29.5105, 26.9957, 11.8356, 7.48227, 1.43396, 12.3404, 2.89636, 1.08288, 18.5188, 16.5833, 23.5137, 3.00409, 25.3853, 2.78234, 10.9991 ], 
          [ 28.1775, 2.82228, 22.1885, 24.0267, 2.10838, 28.0518, 16.6449, 19.3542, 15.6324, 26.0864, 8.52723, 17.3157, 9.50184, 27.288, 8.52072, 27.7974, 9.43295, 25.5653, 6.97109, 6.83423, 9.93477, 4.83238, 10.4635, 11.2331, 7.72013, 4.50297, 24.6142, 2.50228, 25.2663, 28.8122 ], 
          [ 13.5448, 10.6591, 24.9072, 20.3992, 10.9497, 17.2267, 18.6099, 14.6217, 11.4791, 20.3205, 28.1701, 17.3702, 16.7581, 10.5659, 8.55982, 27.8899, 22.4786, 2.09167, 29.7055, 11.5242, 1.86428, 13.9498, 29.2301, 9.41417, 7.27175, 11.6621, 3.96798, 23.1137, 14.6089, 22.8959 ], 
          [ 28.1462, 1.17822, 24.3066, 20.7128, 9.29677, 1.32646, 16.7534, 11.63, 9.27124, 14.3437, 10.7218, 9.27754, 9.45261, 28.6111, 26.3057, 28.8969, 12.4946, 11.8016, 29.3289, 25.6161, 15.2359, 14.2212, 15.0416, 27.8, 13.577, 14.8484, 14.5886, 11.1291, 29.4397, 14.1671 ], 
          [ 6.42583, 28.7768, 19.066, 14.3674, 20.5317, 22.8875, 25.5825, 6.26938, 1.98246, 29.3954, 8.82546, 22.8401, 23.3828, 5.44428, 7.55227, 26.3444, 21.2483, 11.8445, 26.0087, 6.4722, 15.2248, 20.8531, 14.337, 24.6732, 27.779, 26.3483, 14.4939, 26.1211, 20.8529, 17.8112 ], 
          [ 27.8699, 21.3611, 2.61685, 20.0305, 2.97301, 29.1762, 11.0358, 3.3322, 12.9672, 3.83373, 20.2598, 10.8624, 22.7999, 2.62721, 3.77221, 10.1271, 14.8282, 16.4374, 8.3553, 20.6425, 26.4102, 3.10549, 6.28446, 21.027, 3.8732, 23.2155, 25.5716, 14.567, 10.6799, 6.27281 ], 
          [ 15.8328, 19.9392, 13.791, 4.8951, 6.92723, 7.59996, 10.0266, 9.49991, 29.4809, 14.2067, 23.1269, 19.3226, 21.591, 15.6349, 19.9369, 18.7341, 7.86927, 22.1403, 23.247, 10.9523, 4.37429, 24.6575, 22.2769, 3.78292, 1.89736, 29.1345, 1.15502, 10.9492, 11.6899, 8.21932 ], 
          [ 16.0891, 9.20627, 25.6599, 8.82132, 10.4488, 18.2769, 22.3614, 16.8697, 13.6519, 25.4349, 18.0079, 15.6817, 24.6717, 2.02094, 8.99558, 19.7849, 17.6856, 6.95206, 26.1249, 23.9048, 12.9321, 24.3486, 6.84625, 14.9587, 9.61629, 20.5317, 21.2346, 14.473, 12.3499, 29.8126 ], 
          [ 2.64136, 10.5114, 13.1148, 27.6812, 29.1085, 10.0253, 20.4837, 10.4101, 7.6236, 6.15563, 15.9321, 9.22157, 21.759, 8.32898, 29.8791, 19.8301, 1.70787, 10.3097, 17.5575, 14.4426, 25.3399, 17.4173, 25.4248, 21.46, 24.426, 15.1477, 14.0795, 5.74307, 13.8165, 1.88015 ], 
          [ 27.5384, 12.1128, 6.93726, 29.5064, 11.5854, 22.381, 18.5003, 14.1398, 8.65383, 5.27178, 26.1135, 11.0435, 14.9088, 25.8318, 26.8307, 4.79624, 11.5935, 22.751, 2.83387, 25.2871, 1.6007, 25.0844, 3.06619, 21.2207, 20.8933, 1.86063, 10.6839, 7.56406, 16.4853, 12.9667 ], 
          [ 4.32319, 26.5553, 25.7808, 24.4587, 5.15133, 9.23646, 26.6609, 28.2872, 2.68916, 19.7455, 4.64602, 29.7807, 29.7111, 13.6503, 4.73692, 5.54375, 14.6859, 16.9465, 27.6935, 13.2626, 22.5216, 12.5722, 14.8046, 17.7121, 18.1475, 18.0634, 16.6476, 15.3285, 11.5432, 23.6778 ], 
          [ 3.71808, 7.31622, 5.86571, 24.6128, 4.0597, 21.1153, 3.36819, 22.557, 26.3101, 12.4971, 20.6284, 10.4951, 5.59293, 2.73078, 11.8488, 10.3063, 10.343, 18.6406, 9.48429, 20.9689, 5.54519, 12.5588, 3.39682, 9.41514, 6.75723, 16.1717, 27.7417, 6.12556, 22.6194, 15.8038 ], 
          [ 15.8167, 18.6341, 12.0493, 29.8417, 12.3765, 20.0338, 15.2783, 20.9693, 2.61353, 7.00033, 20.6852, 9.0934, 3.98345, 28.5485, 24.0616, 21.7732, 20.9338, 20.5464, 2.58108, 19.7102, 23.6104, 19.404, 19.6492, 29.3706, 8.6278, 18.7078, 16.9198, 22.6638, 26.0577, 2.57703 ], 
          [ 18.2729, 19.4165, 20.5214, 29.8983, 29.8598, 3.16452, 5.50944, 26.0001, 23.5083, 12.712, 15.7132, 8.67627, 6.75034, 6.25936, 29.8018, 18.4503, 21.6129, 17.426, 11.7342, 6.54677, 7.34136, 7.32999, 3.29172, 24.0917, 8.35383, 17.2622, 26.1945, 2.17797, 7.75106, 26.7356 ], 
          [ 4.12583, 13.6264, 10.666, 27.8753, 21.8769, 24.4937, 27.0615, 12.06, 1.02311, 12.358, 6.01042, 26.8133, 3.06659, 13.6073, 8.03791, 14.5963, 2.03529, 22.0968, 6.93666, 23.7936, 20.1371, 3.79094, 14.3724, 1.79271, 24.2948, 18.1057, 10.8858, 6.81279, 20.6147, 8.04895 ], 
          [ 19.5805, 23.6602, 28.1734, 10.6878, 5.96953, 9.03809, 19.8655, 5.82704, 18.2268, 8.24409, 23.7908, 15.6627, 16.2424, 27.7213, 22.6248, 6.16571, 21.36, 16.8793, 3.11625, 9.377, 21.9983, 15.2173, 8.579, 5.73539, 25.9539, 1.87548, 25.1, 1.28372, 8.21978, 17.5908 ], 
          [ 22.2569, 3.88471, 16.534, 28.7775, 13.9538, 29.2214, 3.65886, 14.3015, 8.60763, 29.6762, 24.6783, 12.3195, 14.4983, 16.8107, 15.404, 28.6844, 19.6513, 14.825, 10.5157, 22.5762, 25.4012, 23.093, 8.13235, 21.2607, 4.60943, 28.9554, 7.50271, 7.46946, 16.8976, 27.5173 ], 
          [ 23.5595, 20.8711, 12.609, 17.7954, 13.1519, 14.9159, 9.38312, 13.355, 15.5971, 9.08201, 22.3846, 19.6905, 24.1233, 24.6025, 4.00559, 18.2791, 1.51571, 20.4938, 8.21429, 15.8921, 4.58359, 28.3152, 14.3158, 23.4225, 25.5563, 20.9172, 6.82017, 7.01932, 13.398, 11.8879 ], 
          [ 24.9215, 2.67238, 19.5205, 6.16428, 3.64308, 1.27628, 2.62692, 20.2986, 3.35446, 27.4788, 21.919, 16.425, 26.3992, 28.6526, 29.5314, 16.4469, 12.0003, 4.59168, 19.3732, 12.4219, 13.7483, 4.32276, 6.92769, 5.93205, 21.5609, 1.00671, 23.5271, 20.9325, 15.9851, 8.43652 ], 
          [ 5.78812, 9.16272, 19.0752, 10.2106, 22.1664, 28.3197, 9.16207, 10.5511, 20.1601, 25.5504, 10.8178, 25.2016, 11.8008, 18.1865, 26.2449, 1.76921, 25.2012, 13.1449, 23.8805, 15.2123, 27.9031, 3.08003, 24.6576, 27.0069, 14.1012, 7.50767, 24.4425, 20.7167, 10.8664, 26.183 ], 
          [ 9.59974, 5.09105, 3.35834, 21.2233, 15.4386, 25.0459, 15.5401, 20.9504, 26.6742, 20.6437, 24.3318, 2.46825, 23.9395, 6.90507, 22.2082, 18.0065, 12.1445, 24.4896, 22.6976, 25.825, 29.2685, 16.5238, 5.30067, 20.7543, 21.7139, 22.4525, 12.4642, 4.18189, 23.345, 14.3835 ], 
          [ 10.1616, 4.26253, 24.0878, 10.4673, 27.6301, 13.5408, 28.5669, 12.6229, 26.5075, 9.98069, 5.05702, 18.0809, 9.84549, 16.9882, 29.3808, 17.5557, 26.1472, 22.0286, 12.2513, 28.4038, 17.1938, 11.9344, 3.58707, 6.93139, 6.55175, 29.2575, 5.42637, 20.8947, 26.97, 16.2121 ], 
          [ 4.48398, 4.93705, 22.0353, 20.3719, 8.07772, 28.4781, 13.0077, 26.4057, 19.5016, 27.1107, 15.1764, 13.646, 27.7718, 7.56554, 8.29575, 22.4159, 18.8145, 16.8996, 6.794, 7.00752, 4.66308, 25.2308, 5.00216, 5.40145, 1.44345, 19.6494, 11.9787, 19.5769, 1.46742, 1.5445 ], 
          [ 20.865, 28.4478, 18.0193, 11.747, 28.8209, 5.06502, 17.8022, 11.3545, 1.34656, 2.344, 3.53612, 27.4623, 9.76322, 12.5039, 14.7135, 9.11707, 7.95308, 18.3688, 22.5323, 7.90037, 11.0578, 12.0422, 8.33669, 13.5389, 26.1035, 3.90193, 27.5229, 25.3436, 15.467, 26.822 ], 
          [ 10.0865, 8.25657, 11.1173, 16.1291, 5.39947, 26.8723, 9.21587, 20.3649, 21.336, 3.17368, 9.214, 19.2867, 24.9455, 28.8304, 8.23646, 15.3983, 29.7795, 17.6613, 27.2329, 12.1999, 16.2313, 15.8082, 14.589, 2.46245, 29.6919, 3.90814, 25.7369, 18.0904, 15.8445, 7.82392 ], 
          [ 28.1429, 25.3723, 21.2113, 9.29074, 23.9119, 10.5317, 19.2173, 12.6559, 18.5179, 9.23011, 15.5533, 14.6485, 13.2522, 1.91396, 29.1399, 29.1839, 19.9355, 11.1248, 7.44602, 13.9233, 13.4244, 4.22257, 7.72845, 24.5031, 11.5553, 6.96719, 4.97703, 20.6216, 4.23963, 7.40128 ], 
          [ 17.203, 13.0191, 18.3805, 26.9046, 14.4059, 12.9863, 20.97, 16.3575, 17.3596, 28.7608, 22.0328, 17.6422, 24.0551, 4.89778, 20.1357, 8.00904, 20.6559, 2.55578, 29.6261, 13.7614, 11.8594, 14.2361, 27.794, 13.9852, 9.85125, 3.88416, 16.3939, 4.33971, 14.7449, 28.1142 ]
        ]
      ];
r = [
        [68381.3,81671.7,68116.8,62999.4,81273.1,74027.8,52232.2,62202,55530.4,56173.6,52053.9,68562.4,77115.2,57127.9,80843.2,52377.5,55496.1,62776,53761.3,53966.6,55947.1,65545.7,65643.7,75666.6,77552.9,69707.2,71793.7,81175.8,61810.5,67136.5 ], 
        [50551.5,80275.8,62493.9,67687.1,52701.5,63421,60580.9,81301.2,75839.1,58872.8,60907.6,78082.1,62377.3,64221.8,59774.5,59354.5,74912.9,81026.7,77093.1,60533.5,57497.3,70447.4,75289.5,77862.8,54844.6,77178.7,74779,73167.8,80725,74518.5 ]
     ];
d = [
        [70848,55940.1,85719.2,1786.56,74026.9,16032.1,2249.08,14885.1,73544.2,14864.7,50089.9,77181.5,38481.8,18148.7,46198.4,34903.8,61543.9,36136,69257.8,49038.7,4102.94,31389.4,58964.8,52859.7,17024.8,1703.72,57501.7,35139.1,53162.6,79028.1,86860.6,62127.4,1485.7,83402.2,60142.3,80485,13700,42243.7,68629.4,20974.9,47269.5,48302.3,42030.2,47653,69480.8,4850.9,49457.8,20191.6,10148,13243.3,53164.9,13354.5,34878,81048.6,27732.9,71219.2,55477.3,86190.1,87025.6,71694,28539.3,59777,71325.2,32361.6,50786.7,49305,80842,74046.3,76566.3,51008.2 ], 
        [2473.94,80492.6,88760.6,56817.8,49497.8,45272.8,74106.6,27256.9,27915,3631.02,12799.4,35537.3,60958.3,55113.2,13889.3,62216.1,82961.3,30064,50180.3,5288.77,60006.6,34720.5,15726.4,80403,39044.5,32779.5,36670.4,60999,11986.2,83673.5,78014.1,9742.9,18713.8,75525.2,24987.5,5798.42,48894.7,27757.6,30432.5,10730.6,27981.1,55737.4,21540,12015.1,67275.3,18148.6,73170.1,30854.6,41941.6,28314.3,52380.7,80366.3,29191.6,52212.3,31773.3,29599.5,29034.7,35413.4,9807.32,34264.5,28558,41541.9,24540.4,73649.3,53927,58363.7,80341.5,32076.4,67290,58119.1 ]
     ];
