/***************************************
* STOCHASTIC OPTIMITZATION
* OPL S2FVPP Data Generator
* by Jordi Mateo Fornes
* Model = S2FVPP; Stochastic (2S) MIP 0-1;
* Representation = Compact Representation;
****************************************/
I = 50;
P = 30;
C = 70;
G = 2;
p = [ 0.02, 0.02 ];
pc = 0.04;
ORCHARDS = { 1, 2, 3, 4, 5, 6, 7, 8, 9, 10, 11, 12, 13, 14, 15, 16, 17, 18, 19, 20, 21, 22, 23, 24, 25, 26, 27, 28, 29, 30 };
CUSTOMERS = { c1, c2, c3, c4, c5, c6, c7, c8, c9, c10, c11, c12, c13, c14, c15, c16, c17, c18, c19, c20, c21, c22, c23, c24, c25, c26, c27, c28, c29, c30, c31, c32, c33, c34, c35, c36, c37, c38, c39, c40, c41, c42, c43, c44, c45, c46, c47, c48, c49, c50, c51, c52, c53, c54, c55, c56, c57, c58, c59, c60, c61, c62, c63, c64, c65, c66, c67, c68, c69, c70 };
CGV = [ 15.075, 14.9031, 26.9731, 25.9945, 4.71777, 23.0418, 25.8037, 22.8487, 8.7723, 8.88741, 16.2434, 25.0695, 4.24681, 1.94114, 24.7818, 26.1864, 8.2733, 6.31399, 14.411, 16.6397, 6.97935, 11.36, 2.25969, 2.90389, 12.3891, 17.1504, 1.95159, 9.44976, 26.7828, 23.7265 ]; 
s = [ 0.175501, 0.126414, 2.3974, 0.976897, 0.389485, 0.254069, 0.785552, 1.7604, 2.9087, 1.72036, 2.5746, 0.21623, 2.37649, 2.55237, 1.68782, 0.161135, 0.617743, 1.34921, 2.79438, 1.77381, 1.9295, 0.415973, 2.55923, 1.6271, 2.98831, 1.48429, 2.59465, 2.61128, 1.89025, 29.9982 ]; 
CSV = [
        [
          [ 17.3619, 25.6818, 15.9547, 2.37889, 6.77861, 10.4357, 3.38858, 28.0691, 14.3203, 9.90923, 26.376, 2.546, 4.9857, 9.55184, 10.4058, 26.5872, 21.5225, 6.45481, 20.9121, 21.0959, 9.4866, 16.7361, 25.6006, 17.1528, 20.7524, 25.8517, 17.3308, 13.4233, 13.6788, 1.82583 ], 
          [ 23.5807, 25.6689, 29.3535, 2.29825, 23.0024, 20.0712, 29.6799, 28.1455, 7.93328, 8.72336, 26.7709, 8.50716, 22.1101, 27.8604, 4.02445, 15.0649, 18.1375, 9.13212, 12.8632, 22.9933, 6.46332, 10.6151, 17.0829, 9.30429, 12.9502, 15.3579, 18.9472, 7.44492, 19.9015, 4.28515 ], 
          [ 2.56096, 2.61038, 23.0238, 10.6313, 19.8386, 5.62146, 12.8202, 20.5502, 23.0739, 20.4896, 6.1936, 11.1187, 8.08724, 16.5626, 11.8318, 6.5251, 28.0869, 5.50365, 1.20031, 25.3758, 8.46931, 7.95495, 7.50434, 28.7771, 7.41742, 4.17216, 12.9597, 19.6787, 5.78339, 2.04881 ], 
          [ 12.748, 4.51732, 27.5063, 2.91417, 27.1473, 7.54069, 19.9855, 9.02291, 20.7365, 25.5457, 20.3567, 24.6608, 6.07575, 5.60664, 6.48146, 17.8953, 8.33852, 5.44119, 27.9691, 16.5446, 2.99326, 8.33517, 26.6017, 15.0601, 19.5254, 21.6152, 18.8429, 20.0565, 29.0445, 14.9913 ], 
          [ 12.9296, 21.6597, 25.7649, 7.12161, 4.79914, 2.34543, 15.5942, 27.5459, 13.4212, 4.61562, 16.6782, 18.2656, 25.644, 4.55095, 25.5924, 10.1523, 10.8895, 26.3648, 2.48666, 10.133, 21.874, 22.5648, 8.50846, 27.7699, 25.465, 2.64815, 7.44404, 28.654, 19.8468, 28.3393 ], 
          [ 7.77454, 11.2765, 23.2865, 20.0758, 25.6846, 2.76677, 15.6436, 25.5607, 4.628, 13.7666, 25.595, 22.5352, 4.83005, 22.341, 27.8307, 21.3303, 29.7763, 7.52227, 22.2574, 8.01629, 19.9166, 22.2003, 11.4762, 21.2898, 12.3143, 14.3629, 23.393, 11.0774, 18.1977, 16.155 ], 
          [ 22.9147, 8.05705, 29.8022, 5.40567, 2.66226, 12.6719, 10.4474, 11.6717, 21.2231, 4.78302, 14.0155, 11.627, 15.0385, 2.80999, 3.91986, 20.8218, 17.6722, 10.3836, 12.4984, 4.01024, 22.3503, 28.7767, 3.6624, 29.2088, 15.084, 6.79355, 21.7367, 10.412, 2.72005, 17.8414 ], 
          [ 28.7248, 8.28555, 18.0021, 22.2805, 7.40704, 26.4776, 1.75537, 24.7525, 29.2774, 6.5301, 8.49071, 24.7537, 29.2547, 22.8978, 22.6576, 14.1121, 16.8724, 19.0289, 11.7083, 17.8347, 7.8351, 18.4113, 20.4319, 12.7591, 26.2404, 16.4264, 15.4091, 6.92469, 9.53752, 7.8358 ], 
          [ 10.7744, 16.5541, 28.8001, 10.0086, 3.35198, 19.2417, 24.131, 2.63881, 28.4884, 9.61466, 17.1078, 2.62387, 16.4517, 15.6716, 12.411, 10.3, 12.196, 6.31134, 2.89533, 16.6952, 9.20612, 3.6558, 4.64973, 1.864, 11.9221, 16.8739, 13.5608, 29.2108, 25.7446, 3.6444 ], 
          [ 25.5301, 24.1703, 17.3629, 21.458, 7.76357, 9.91466, 10.2672, 26.9803, 3.63769, 2.44875, 25.5883, 22.1599, 19.783, 15.409, 4.71385, 19.7386, 26.5413, 1.40303, 12.9047, 12.0547, 17.6437, 23.4593, 7.21991, 3.35377, 13.3819, 6.85808, 29.4278, 5.87655, 13.1918, 23.9997 ], 
          [ 16.0335, 21.4585, 23.2528, 4.69098, 16.2894, 2.61797, 4.84558, 26.4849, 29.1281, 13.1373, 6.64961, 29.4547, 12.0385, 10.4131, 21.0055, 4.86372, 27.1991, 21.5133, 24.3033, 22.8802, 24.5936, 10.4315, 21.3035, 12.1697, 14.8122, 9.39561, 14.2518, 24.4286, 14.7461, 16.7684 ], 
          [ 9.92878, 27.4578, 22.5969, 8.75708, 24.2866, 13.4584, 23.3233, 16.3183, 29.3976, 25.9297, 9.73755, 22.9175, 24.8262, 27.6118, 6.99803, 22.4035, 11.1449, 8.03744, 14.0925, 5.47082, 13.4255, 12.8278, 22.7703, 17.7297, 28.7647, 3.53166, 17.5083, 15.5989, 2.31964, 6.38687 ], 
          [ 4.30372, 17.526, 23.5691, 18.2322, 21.9318, 3.76356, 11.5719, 7.08785, 16.4449, 24.454, 25.3837, 7.21352, 1.24156, 28.5841, 13.1004, 17.4121, 19.8227, 17.2182, 16.6367, 16.6773, 10.1522, 22.4602, 1.71752, 14.7295, 22.1951, 1.58141, 3.76785, 19.6734, 14.3674, 25.0267 ], 
          [ 23.7017, 8.53698, 27.3227, 6.61498, 13.5058, 18.3511, 11.2573, 12.3551, 4.48052, 14.1157, 14.2118, 26.3966, 9.52775, 26.6627, 15.4423, 15.0129, 27.6601, 2.80754, 28.2198, 25.7168, 7.22365, 4.10412, 14.5687, 11.6283, 22.7594, 15.6321, 28.8258, 9.39046, 6.65857, 29.8407 ], 
          [ 13.8136, 8.92653, 14.1487, 14.0337, 16.1041, 21.3582, 3.04188, 8.36411, 24.482, 23.1182, 17.9262, 8.73222, 23.414, 20.0252, 12.026, 24.8808, 21.5638, 11.5174, 10.6005, 25.7687, 9.63007, 17.6956, 20.147, 21.2594, 12.6958, 20.7736, 16.4435, 12.1782, 27.7148, 28.9482 ], 
          [ 15.3468, 13.2935, 23.7317, 9.76101, 13.5863, 3.233, 1.46679, 23.1489, 11.7909, 1.73583, 10.0852, 19.8101, 9.74722, 24.2684, 14.9214, 14.1807, 23.0871, 5.9389, 5.27541, 28.2962, 10.3007, 28.6406, 16.4601, 27.1145, 10.1356, 7.65084, 12.747, 29.2202, 6.79583, 29.0438 ], 
          [ 14.7176, 8.54781, 11.7496, 18.6037, 28.6571, 12.4258, 15.1773, 23.8504, 23.6894, 21.8837, 17.9846, 28.679, 15.2656, 9.24092, 1.69387, 6.3656, 18.5344, 6.30438, 18.9149, 17.7991, 17.7676, 15.1836, 11.9805, 24.974, 17.6144, 25.7847, 12.0408, 19.2823, 3.28551, 23.197 ], 
          [ 10.495, 10.2094, 27.7826, 16.2262, 20.6512, 20.1774, 18.3625, 14.8057, 10.5645, 14.3692, 5.07781, 24.143, 24.574, 10.5852, 10.0015, 20.0274, 28.5552, 24.865, 5.60572, 11.6969, 1.77385, 1.77927, 18.974, 24.1136, 9.15796, 17.9984, 16.9944, 2.46479, 23.0097, 28.3156 ], 
          [ 10.1541, 7.32753, 2.98595, 13.827, 23.7116, 9.70845, 11.0152, 14.9, 12.2476, 2.48348, 10.3592, 19.0185, 4.19732, 27.4144, 6.18335, 22.8658, 5.48149, 16.645, 7.24918, 27.3078, 14.094, 23.3176, 8.93241, 16.8611, 3.93966, 15.6624, 9.9057, 7.44731, 10.6086, 19.452 ], 
          [ 13.4419, 19.2557, 28.887, 25.2516, 10.3884, 17.2429, 22.3996, 16.7401, 21.682, 9.33523, 7.05457, 2.49188, 3.23803, 28.3207, 17.31, 4.87736, 12.1598, 27.8858, 23.369, 27.308, 29.5767, 2.60009, 26.4468, 26.4455, 21.9188, 18.9168, 23.1609, 29.1858, 24.4509, 7.81066 ], 
          [ 24.7853, 17.0776, 11.9681, 4.42836, 28.7791, 5.07216, 12.1461, 14.1982, 13.988, 27.2908, 6.36838, 18.8567, 14.9017, 25.7991, 1.9515, 10.121, 16.0436, 21.4036, 25.4489, 9.2744, 22.2257, 24.7445, 15.6531, 15.6318, 9.172, 12.0654, 25.7156, 8.02285, 6.5973, 17.1908 ], 
          [ 28.1276, 20.7922, 11.1571, 13.4625, 26.5994, 24.5182, 17.9913, 29.251, 18.6342, 13.5053, 22.6297, 8.96355, 23.3846, 12.0262, 17.6681, 12.7363, 13.3015, 27.0454, 13.3594, 25.7234, 13.264, 16.4692, 15.909, 28.2942, 16.6466, 26.864, 17.3631, 6.8928, 27.366, 5.20478 ], 
          [ 11.5206, 28.9275, 20.6216, 10.6949, 7.45907, 11.2916, 7.93435, 8.6008, 11.7511, 4.33254, 22.0139, 18.0251, 14.1536, 28.7652, 10.0218, 12.4037, 18.7845, 16.1783, 28.8135, 2.32342, 8.46714, 18.4146, 22.4965, 13.1237, 5.77558, 4.25541, 21.2076, 26.6709, 14.1495, 5.39821 ], 
          [ 11.1539, 13.0391, 27.3331, 11.5552, 13.0405, 7.40308, 18.3927, 21.8084, 9.41264, 6.62832, 29.5509, 1.96359, 4.29992, 20.5557, 15.5406, 1.64558, 27.8148, 25.5201, 18.2026, 27.5208, 10.5808, 11.8588, 8.93237, 25.0399, 24.5645, 4.61617, 25.6821, 6.46786, 23.375, 11.6369 ], 
          [ 25.7441, 12.9415, 11.5975, 16.3631, 4.69086, 10.9443, 16.0315, 22.8059, 27.7927, 4.899, 8.37622, 21.8051, 7.25653, 17.5424, 13.7952, 27.4793, 4.13549, 21.5986, 28.038, 23.8562, 24.1909, 21.9906, 7.24842, 7.85507, 16.0216, 23.74, 4.29898, 16.7966, 7.84209, 5.68191 ], 
          [ 2.4957, 15.532, 13.7977, 1.47115, 17.7247, 13.6867, 16.711, 16.1181, 17.8554, 26.3197, 21.4372, 18.9702, 19.827, 18.8744, 6.6972, 6.90461, 25.0301, 9.3385, 29.7805, 24.8113, 5.07304, 5.64605, 4.96302, 11.054, 23.426, 17.4045, 9.15693, 16.7448, 17.9364, 18.9256 ], 
          [ 17.1187, 21.9656, 3.72765, 27.5849, 2.67118, 29.1481, 25.6931, 18.8145, 28.4088, 28.9416, 26.2322, 3.7063, 21.4081, 14.3949, 17.5809, 28.7654, 3.57396, 12.426, 10.0103, 20.1892, 17.2512, 2.26343, 9.91272, 24.3122, 18.6768, 21.3794, 8.41934, 25.6481, 28.4414, 12.0072 ], 
          [ 7.72577, 19.0699, 12.2893, 14.8926, 21.514, 23.5392, 21.4207, 17.0135, 19.807, 6.68142, 11.0727, 20.6064, 26.2556, 18.2667, 20.9049, 22.4792, 17.0403, 28.7112, 20.2198, 7.77203, 10.8655, 12.4216, 16.3217, 6.96704, 9.94723, 5.96132, 13.3454, 29.2025, 24.2686, 15.7706 ], 
          [ 15.3668, 25.3657, 8.70477, 29.4429, 26.9422, 13.532, 16.7354, 1.77275, 15.3314, 8.03012, 10.7105, 26.9775, 4.81755, 16.7933, 2.80477, 22.1225, 4.57499, 11.8555, 26.4027, 9.52152, 23.9692, 2.93262, 8.18547, 28.8597, 12.2512, 27.1963, 13.0936, 29.9638, 29.5287, 29.7746 ], 
          [ 19.4782, 23.0877, 27.8173, 4.27821, 2.42503, 7.99858, 22.7806, 10.1346, 10.3217, 12.2162, 17.1065, 20.5919, 12.1981, 2.15635, 28.7933, 16.6184, 17.7084, 2.18414, 9.24079, 6.18511, 7.13974, 23.3317, 13.3946, 5.21852, 9.51634, 17.1071, 10.6381, 4.33499, 20.9844, 17.1532 ], 
          [ 26.8252, 18.3867, 9.22609, 25.5898, 27.8734, 18.6215, 15.8606, 5.78334, 18.3105, 22.6501, 29.2404, 25.5676, 21.8312, 1.07147, 26.7461, 25.7142, 5.32123, 24.7225, 28.2548, 23.2143, 13.1689, 23.448, 10.2212, 9.3772, 15.153, 7.55658, 26.9827, 29.1451, 23.0501, 6.19185 ], 
          [ 17.1545, 6.41786, 9.8311, 7.29875, 20.6345, 15.2052, 1.33881, 12.94, 4.82082, 18.7933, 5.51046, 27.289, 27.2951, 11.2241, 16.9499, 6.04946, 27.9798, 11.2685, 19.4032, 27.7767, 27.8252, 24.2426, 9.94225, 6.55987, 8.6749, 3.30845, 23.8386, 6.85623, 6.89807, 14.7914 ], 
          [ 16.8683, 3.15963, 3.36573, 5.01256, 26.9208, 10.8531, 26.3734, 29.4131, 29.7263, 4.54581, 7.57326, 15.8256, 27.9293, 23.1564, 17.5843, 17.3896, 4.4773, 7.99814, 23.6974, 1.62937, 12.2646, 26.1125, 21.808, 29.0804, 22.0282, 8.33029, 26.2215, 3.99475, 7.73964, 24.7992 ], 
          [ 14.0845, 10.9141, 3.81895, 15.4878, 28.8082, 24.5338, 23.8027, 9.12299, 13.0585, 19.9302, 21.0196, 4.25669, 12.4155, 25.4493, 18.3653, 14.523, 25.7324, 20.5581, 25.3914, 5.77428, 13.3904, 15.292, 25.6425, 2.06241, 27.6766, 20.8598, 10.923, 18.3095, 9.59987, 14.5782 ], 
          [ 15.0573, 7.29575, 27.601, 23.1054, 23.3866, 24.7433, 16.1102, 9.84828, 5.41318, 6.40003, 11.3207, 8.32758, 25.3794, 7.89059, 9.80386, 8.8809, 29.7587, 5.81429, 17.1212, 25.3847, 2.51613, 6.69738, 3.58183, 23.5873, 22.3819, 16.4399, 6.31247, 22.2332, 6.02378, 4.86847 ], 
          [ 14.0508, 11.741, 3.13196, 16.3913, 21.3442, 16.6486, 29.226, 25.5239, 22.9227, 14.8024, 6.48346, 1.76845, 22.1608, 13.1424, 29.8449, 25.6951, 9.36437, 10.9141, 12.4959, 1.7695, 5.73206, 14.239, 7.04681, 25.5196, 20.0727, 3.52047, 17.1768, 8.34086, 12.4, 12.1993 ], 
          [ 18.4144, 7.15447, 10.1701, 22.3459, 1.18036, 29.8918, 2.62379, 13.8726, 11.1197, 17.6903, 19.0907, 3.61192, 8.33831, 12.9568, 11.3044, 28.0114, 28.4043, 23.8201, 27.5325, 7.89363, 9.46327, 12.8837, 21.0867, 27.0721, 4.55138, 5.78406, 18.4235, 27.0254, 24.5975, 5.12846 ], 
          [ 14.7418, 28.6371, 11.6658, 5.03042, 26.0608, 11.5576, 6.75576, 10.4936, 4.63199, 20.6468, 16.8955, 8.25501, 5.5108, 16.0632, 17.6729, 15.7127, 8.14248, 3.66958, 12.3856, 4.0566, 6.59121, 11.8049, 29.4946, 8.94203, 5.65502, 12.2072, 18.7824, 18.6205, 7.77349, 9.07585 ], 
          [ 22.5223, 29.4604, 4.79017, 2.26691, 1.95326, 17.2471, 21.9701, 12.2793, 1.19504, 18.0964, 13.8143, 21.8141, 26.9369, 25.4471, 25.8223, 10.804, 6.49091, 29.4325, 4.04219, 5.41814, 18.3338, 18.515, 4.23849, 23.2566, 27.3656, 13.9376, 7.09982, 7.16834, 3.16563, 18.6695 ], 
          [ 25.8887, 28.0943, 27.2475, 9.58205, 20.1191, 8.06354, 5.65951, 21.9743, 6.46398, 7.20651, 28.8265, 6.82826, 4.13439, 19.2927, 26.6737, 14.1289, 21.1326, 14.8505, 29.1537, 11.8297, 24.1903, 26.5215, 22.6825, 11.6582, 8.82283, 7.21236, 4.84209, 17.8407, 18.0143, 7.73996 ], 
          [ 24.5236, 5.33428, 21.4458, 10.9801, 7.96067, 11.1709, 16.7741, 8.43542, 8.17855, 11.5603, 22.5987, 14.8608, 5.42311, 21.3485, 4.53854, 6.18612, 27.7185, 19.6218, 21.4564, 7.8005, 15.3168, 13.8675, 9.53282, 16.1109, 22.1408, 7.61068, 21.8523, 9.74547, 9.9966, 9.58499 ], 
          [ 18.8777, 11.514, 6.42495, 8.99285, 9.14191, 9.94964, 8.15214, 28.7698, 20.0694, 26.157, 20.7333, 17.3771, 26.4636, 7.34546, 23.1685, 20.5318, 25.9048, 11.7587, 18.5553, 19.8479, 29.5312, 24.6275, 1.79761, 16.1586, 13.8958, 2.30076, 12.5239, 27.6829, 23.6024, 11.0403 ], 
          [ 23.001, 28.2545, 8.43196, 16.0773, 21.0066, 23.0938, 14.8151, 24.5465, 21.0945, 21.2677, 24.79, 13.0815, 2.00316, 15.3321, 12.7434, 16.5001, 24.4009, 16.5955, 20.9766, 7.88517, 4.27967, 10.4817, 17.2986, 27.4905, 24.2856, 7.11937, 26.4866, 28.8273, 8.99609, 11.9285 ], 
          [ 14.355, 5.84173, 9.89307, 28.0338, 1.16043, 14.5837, 20.3031, 10.4909, 11.2422, 27.5004, 14.7952, 25.9827, 4.28153, 25.0747, 22.6479, 22.8996, 4.05947, 6.74127, 10.3845, 23.4784, 5.20246, 27.6509, 11.4502, 29.1468, 24.3114, 9.02503, 5.9388, 9.70589, 2.4515, 18.8865 ], 
          [ 26.585, 14.6627, 11.026, 11.5771, 2.51612, 9.67557, 13.9892, 13.7433, 1.93855, 7.22363, 14.9183, 23.738, 16.5504, 21.0547, 26.5796, 3.97321, 7.13809, 15.2921, 12.3182, 28.6263, 6.36618, 14.3002, 11.5794, 1.78578, 12.2715, 3.75452, 2.2576, 14.8895, 16.0406, 2.22308 ], 
          [ 19.4787, 21.8979, 10.3309, 3.28685, 7.30916, 11.0574, 4.6686, 24.8077, 9.83921, 16.4772, 27.3262, 29.4336, 12.828, 15.144, 6.58176, 26.4156, 3.24754, 15.1959, 13.8614, 9.41295, 9.94059, 9.26375, 7.31027, 1.69278, 28.2926, 3.9506, 11.3808, 17.4569, 9.21591, 9.94353 ], 
          [ 6.22339, 25.1098, 2.68367, 14.9225, 2.0239, 29.2002, 19.7175, 10.6609, 21.1239, 28.395, 11.5255, 23.0592, 3.78941, 1.45871, 17.7243, 20.7812, 26.6457, 9.13733, 27.6112, 15.2436, 19.7508, 2.95635, 2.0712, 27.2179, 6.07508, 11.1216, 26.523, 8.36053, 19.235, 22.9447 ], 
          [ 7.58829, 15.6012, 18.1676, 5.27154, 14.9344, 12.4662, 12.7869, 3.19082, 21.6651, 20.4395, 20.6227, 26.3642, 16.0282, 6.45918, 26.8609, 24.4366, 13.5656, 4.13889, 6.91799, 20.3085, 28.396, 10.4114, 3.35185, 27.6383, 13.3411, 24.1999, 9.04784, 21.9612, 10.0944, 13.769 ], 
          [ 19.8083, 20.2825, 8.03948, 24.1081, 19.5371, 26.5871, 20.5654, 21.9099, 9.10181, 24.547, 21.3915, 16.6719, 2.39469, 27.8258, 8.07485, 23.3241, 22.5321, 1.95651, 13.8405, 26.8843, 13.388, 12.204, 9.70571, 27.7901, 5.51206, 20.4738, 23.6498, 19.816, 5.53528, 12.3897 ], 
          [ 20.8168, 3.64742, 10.4555, 5.10278, 7.30707, 13.5696, 8.49989, 6.69919, 10.7126, 14.1401, 17.2213, 10.0222, 28.8925, 28.2195, 14.3671, 25.8011, 11.695, 11.782, 26.9634, 22.7948, 27.7779, 13.0276, 14.5988, 6.98208, 7.71712, 9.38844, 22.6194, 17.7995, 19.7891, 15.7411 ], 
          [ 10.2569, 6.45259, 27.9155, 25.7013, 25.1754, 24.6996, 9.56712, 27.765, 29.6805, 8.37084, 22.7608, 17.2189, 12.6031, 11.3138, 26.5127, 28.7147, 7.03962, 24.812, 5.89268, 4.01094, 12.97, 9.65432, 15.37, 29.0249, 5.31869, 26.1058, 18.4146, 15.2709, 6.00367, 21.475 ], 
          [ 29.0648, 20.9531, 21.5753, 5.98439, 18.4603, 4.52785, 29.8303, 23.9957, 12.8926, 20.375, 9.97336, 15.1699, 24.8689, 12.8351, 7.65904, 17.2582, 25.0801, 25.1694, 2.58765, 12.9315, 24.5813, 10.7876, 4.13977, 8.18325, 29.3778, 10.2825, 5.59399, 23.5055, 12.8741, 18.894 ], 
          [ 6.87094, 1.01822, 14.8553, 18.3785, 19.0353, 21.4797, 6.75053, 28.4948, 14.4375, 13.5339, 17.2594, 19.5138, 9.45673, 14.7692, 27.0324, 25.1054, 14.5332, 6.5683, 24.9349, 15.4463, 1.05655, 29.5342, 29.9766, 12.4223, 15.327, 9.62974, 12.6751, 29.9183, 26.5522, 26.6965 ], 
          [ 7.36902, 29.3161, 7.18105, 10.1169, 23.5309, 7.59295, 21.2999, 5.64811, 1.12096, 23.2986, 12.3343, 20.3082, 4.70619, 2.16019, 5.29451, 7.38718, 5.36377, 15.7877, 21.8778, 29.3414, 26.3813, 16.9911, 22.7281, 9.58838, 18.8911, 8.49981, 22.412, 11.1778, 1.41575, 13.7535 ], 
          [ 21.56, 13.181, 29.3328, 26.2024, 20.0713, 17.212, 23.2805, 12.2851, 5.38507, 22.6403, 13.0411, 13.5495, 6.83901, 24.9999, 22.3604, 25.769, 17.3412, 24.8749, 26.2638, 6.21418, 16.9411, 28.6854, 12.54, 29.3616, 9.30953, 29.2902, 21.0989, 29.9426, 20.8102, 14.5428 ], 
          [ 12.7071, 7.51329, 22.4864, 11.5094, 26.8325, 3.44141, 6.97354, 8.22858, 11.8208, 27.4421, 14.4033, 13.6547, 3.47393, 13.6433, 17.3556, 24.6673, 21.0307, 25.5162, 26.8213, 10.1403, 15.6865, 27.8903, 2.75094, 2.65921, 22.5213, 10.9935, 9.49763, 11.9647, 23.1612, 13.0722 ], 
          [ 19.9578, 2.4866, 3.15961, 3.48183, 2.0377, 18.5734, 7.43547, 22.3881, 8.62216, 13.1608, 8.38929, 19.3848, 16.553, 27.951, 15.0185, 16.0184, 23.4073, 9.16782, 14.2476, 14.6735, 11.7708, 17.4606, 5.63818, 22.1213, 11.1691, 21.5707, 26.977, 11.6608, 22.5864, 28.8571 ], 
          [ 21.4959, 9.00808, 1.15513, 26.3374, 15.7973, 8.16255, 28.9284, 9.91958, 21.3147, 1.08734, 17.684, 23.4683, 10.0145, 26.8355, 16.329, 11.0648, 9.68265, 6.14676, 6.09173, 17.7176, 3.7261, 15.7498, 27.3853, 29.8678, 20.0737, 10.363, 6.88279, 13.5723, 28.4395, 19.6114 ], 
          [ 24.8295, 22.4209, 22.7263, 3.43554, 21.147, 2.74555, 21.3425, 18.0125, 3.09847, 18.9739, 20.6082, 11.1637, 22.4765, 6.7456, 12.0507, 25.3777, 29.1639, 24.0741, 21.2738, 21.0099, 29.0283, 27.8868, 5.87256, 16.0472, 4.08598, 2.00256, 4.23259, 18.1811, 3.32055, 29.6528 ], 
          [ 13.3799, 16.6465, 26.1591, 21.546, 16.8561, 16.0727, 26.0297, 13.4751, 19.8607, 23.9493, 13.3788, 16.6784, 8.04393, 15.3067, 5.17007, 26.9712, 29.6942, 17.9718, 6.43564, 8.64449, 9.77777, 29.1405, 6.37574, 24.9494, 5.02328, 26.2849, 18.0324, 8.81783, 18.0355, 25.9627 ], 
          [ 1.67813, 26.2956, 2.18347, 8.36124, 23.7876, 28.7279, 19.4587, 28.7788, 7.797, 16.5443, 23.8431, 5.94526, 6.11304, 28.5762, 28.2993, 2.86983, 3.63987, 27.8018, 28.9819, 14.7874, 12.7595, 21.1062, 5.73526, 4.524, 29.0308, 6.20134, 10.2582, 7.18928, 25.9204, 28.5394 ], 
          [ 9.39053, 3.97706, 11.1425, 10.3316, 16.6434, 21.8242, 22.045, 18.5523, 12.0703, 2.52239, 11.5573, 2.90918, 17.8088, 28.5357, 21.1064, 9.48283, 8.4073, 12.5922, 20.1603, 15.647, 14.0396, 15.5761, 29.2902, 14.9365, 21.5539, 6.23837, 21.938, 2.61714, 17.8908, 26.3267 ], 
          [ 10.7581, 19.8265, 18.3414, 17.2027, 9.83745, 3.15788, 21.9085, 12.977, 8.96755, 18.9671, 24.9655, 19.1936, 11.5746, 19.556, 16.308, 1.07373, 11.8006, 8.16048, 16.9478, 11.9834, 22.0552, 1.65152, 19.1986, 16.9624, 22.5575, 7.71638, 21.2535, 13.1185, 12.2415, 14.437 ], 
          [ 16.8246, 10.3182, 7.72403, 13.944, 23.9615, 25.0877, 3.81164, 5.08617, 1.7689, 7.88519, 28.069, 17.4254, 13.7667, 9.72533, 22.1036, 10.1586, 12.1715, 20.0679, 6.62739, 7.60065, 5.22188, 12.488, 29.8227, 7.31279, 22.9857, 16.1514, 14.9625, 23.4678, 28.3568, 13.9375 ], 
          [ 27.8718, 27.9359, 16.3477, 12.0389, 23.5708, 15.3315, 4.97492, 8.0468, 9.29895, 8.98725, 10.3469, 22.186, 14.6357, 1.45396, 5.12294, 24.3661, 11.2149, 1.52938, 18.4549, 5.25132, 16.7424, 6.75109, 17.2465, 27.379, 18.1344, 4.74182, 13.9559, 29.2484, 15.0244, 8.19411 ], 
          [ 14.7618, 6.8162, 3.55549, 14.1292, 4.88921, 1.45349, 20.2857, 27.1131, 2.30567, 23.1885, 19.5719, 15.5246, 21.8403, 23.7891, 15.5045, 1.49554, 27.6023, 15.1043, 8.49098, 25.4461, 1.47433, 17.7806, 11.7862, 13.0545, 14.104, 1.19784, 9.33808, 16.6481, 23.3754, 15.2005 ], 
          [ 9.59854, 14.2551, 19.3729, 8.59077, 2.11484, 4.73103, 10.642, 1.65188, 21.9158, 15.0845, 2.94307, 22.8159, 12.2135, 11.2851, 11.8955, 26.229, 15.7645, 9.88563, 8.97143, 11.4769, 23.3224, 12.992, 5.11084, 17.761, 18.3653, 24.294, 1.84791, 7.21977, 4.19187, 14.4479 ], 
          [ 16.6652, 19.3044, 4.05714, 5.65816, 25.6727, 25.2406, 16.9179, 2.39192, 10.5115, 29.8683, 20.4415, 15.2248, 14.4332, 19.008, 16.5575, 28.2094, 27.1512, 15.4504, 3.46092, 1.11186, 16.4036, 9.26756, 25.8781, 7.95734, 14.7144, 17.1489, 5.25425, 18.7159, 28.2854, 24.4369 ], 
          [ 4.95512, 17.3836, 17.9068, 1.92917, 21.0524, 29.5978, 12.4326, 26.1899, 23.4228, 18.6794, 8.5677, 17.4082, 20.0465, 8.80009, 22.7945, 1.89551, 11.4825, 22.102, 19.7043, 22.1227, 12.8221, 1.17929, 25.8823, 4.36995, 18.7486, 8.29123, 18.6405, 27.6764, 23.5984, 27.2 ], 
          [ 10.8458, 26.0657, 5.67471, 22.4585, 21.5594, 15.5155, 22.433, 28.4089, 2.88277, 4.73833, 14.2762, 26.873, 23.2973, 25.3746, 2.8286, 20.4416, 21.5424, 24.6158, 18.3625, 15.0533, 14.6661, 3.17894, 1.4972, 19.3049, 12.1947, 13.4506, 22.0074, 18.5599, 27.9114, 20.3233 ]
        ], 
        [
          [ 27.8167, 23.0804, 22.0013, 11.1882, 8.14485, 16.1004, 5.65241, 10.1595, 20.4455, 23.2581, 24.0138, 17.0639, 7.73309, 15.6038, 25.6681, 2.5537, 1.86823, 17.7011, 21.9556, 24.1592, 11.3409, 22.9918, 13.1969, 8.37787, 6.00463, 15.6091, 6.1892, 7.1102, 9.31261, 14.1494 ], 
          [ 6.20009, 22.9049, 11.0668, 17.991, 23.2835, 26.6994, 11.7219, 21.627, 1.40915, 28.9932, 7.45809, 17.7271, 19.5106, 8.16614, 21.5069, 15.8665, 2.51477, 8.09791, 28.4645, 19.7475, 17.7568, 6.86578, 21.4879, 1.40004, 15.1041, 6.73542, 25.4951, 7.86278, 17.0662, 22.6793 ], 
          [ 29.3498, 19.9297, 17.3815, 10.9047, 2.99899, 13.0196, 25.7625, 24.0999, 29.2265, 25.4119, 29.6327, 21.2378, 22.335, 2.69515, 26.7198, 16.7296, 3.18166, 13.2742, 6.22973, 10.6691, 13.0827, 27.0535, 21.4139, 7.06501, 3.55215, 7.22678, 10.8476, 6.77636, 14.3656, 8.82529 ], 
          [ 10.2242, 13.1088, 19.397, 27.7783, 16.8925, 3.78855, 27.9334, 20.6023, 13.8335, 22.0583, 26.813, 25.2872, 27.0828, 3.4927, 12.3903, 17.8073, 21.2464, 3.4147, 13.6344, 22.4416, 2.92885, 26.7503, 13.0662, 27.2694, 20.0103, 8.84316, 11.8634, 10.655, 14.6269, 2.70452 ], 
          [ 19.8199, 17.461, 12.1138, 20.5517, 5.65681, 7.04771, 12.7003, 2.48248, 7.61878, 7.06998, 13.062, 11.6632, 25.8204, 19.3353, 1.62327, 1.39129, 8.39168, 29.2202, 10.6304, 8.02214, 1.53573, 20.3258, 26.7463, 19.2672, 18.9297, 12.7548, 7.13877, 7.08104, 6.11349, 25.9812 ], 
          [ 3.80498, 25.7688, 3.77354, 28.2685, 29.1766, 22.6006, 28.5813, 18.5639, 17.7843, 2.96328, 12.0334, 26.3516, 17.4211, 6.85537, 23.6272, 5.44391, 4.49759, 4.57188, 9.44557, 21.4165, 7.37907, 27.4831, 2.98997, 21.2007, 25.0427, 8.43464, 25.7886, 8.08767, 20.3222, 29.4215 ], 
          [ 8.36457, 29.8083, 3.30844, 7.23492, 17.6774, 4.79403, 23.5654, 14.5236, 5.01517, 18.3057, 1.77461, 23.4391, 6.80535, 26.8285, 9.19969, 3.38328, 8.44413, 23.6241, 17.3498, 6.63498, 24.7163, 7.54058, 4.50655, 29.7804, 10.3794, 29.9244, 20.7065, 13.7996, 3.00666, 5.83075 ], 
          [ 18.2568, 3.56251, 4.01972, 23.4462, 14.6903, 16.1072, 20.9523, 24.7996, 28.5168, 18.7578, 8.68927, 5.12194, 15.468, 4.50394, 28.786, 27.935, 28.5565, 8.9872, 18.0069, 10.8903, 9.34442, 18.3376, 7.60017, 25.8974, 27.2129, 11.8897, 26.72, 4.93125, 18.405, 21.6899 ], 
          [ 18.8391, 23.6904, 29.8593, 2.29326, 7.77827, 29.7092, 22.4346, 2.18331, 25.0827, 8.16403, 16.0977, 15.0132, 17.9965, 29.1597, 16.214, 6.29705, 3.66095, 29.6177, 6.27911, 1.97718, 29.0902, 17.1488, 25.033, 7.62349, 17.8778, 22.0387, 28.0898, 25.7491, 4.07419, 5.09422 ], 
          [ 10.696, 10.4354, 17.3304, 18.5321, 2.47985, 2.47228, 16.6744, 2.92725, 4.92831, 4.25197, 2.33334, 20.5535, 27.2503, 21.8517, 3.48835, 22.7377, 15.5112, 2.05678, 5.5458, 17.828, 15.0083, 9.66958, 20.5198, 27.7797, 15.8693, 20.9114, 24.127, 13.7376, 26.8584, 16.9061 ], 
          [ 9.76715, 3.00263, 28.0467, 29.304, 29.027, 7.8304, 8.84804, 18.4568, 15.8891, 3.4619, 19.7257, 28.8238, 2.23148, 7.76196, 14.412, 25.341, 24.3688, 15.7709, 23.9605, 7.59243, 18.529, 6.29214, 18.9074, 28.5087, 4.31875, 7.74742, 21.6908, 20.4864, 1.39136, 8.06335 ], 
          [ 3.82237, 16.1408, 10.366, 1.38229, 10.2989, 7.71292, 21.7044, 4.23323, 20.865, 27.5814, 8.60953, 10.3507, 15.0542, 15.9068, 3.94438, 27.9517, 4.5604, 1.69967, 27.6882, 27.0165, 6.61444, 11.3146, 19.5345, 19.5003, 25.6038, 10.1093, 20.5959, 5.28135, 18.2539, 15.4713 ], 
          [ 21.6109, 24.9412, 22.8753, 22.097, 13.7423, 16.7943, 2.72757, 23.6702, 20.1073, 17.6505, 1.53579, 27.2538, 28.571, 20.0873, 2.97368, 19.1208, 2.61258, 10.2055, 4.12639, 25.7292, 19.927, 11.3787, 22.9381, 25.202, 3.06339, 8.98106, 15.0403, 1.38897, 3.46859, 9.31751 ], 
          [ 24.8041, 15.2504, 10.0929, 11.3213, 24.8338, 17.7332, 25.1279, 16.2631, 19.8557, 10.6602, 29.3703, 10.3285, 29.1435, 20.9661, 12.344, 24.0676, 16.508, 22.1626, 3.44716, 20.0074, 10.8594, 29.1015, 4.06535, 25.7199, 23.8188, 22.7236, 9.64754, 6.73139, 2.01663, 25.596 ], 
          [ 1.01271, 23.4818, 13.4701, 10.3454, 21.3004, 26.6356, 11.4102, 11.5991, 15.3383, 23.6412, 13.5247, 1.42067, 15.9725, 7.63135, 14.6779, 10.7192, 11.3466, 14.3382, 27.0428, 13.2159, 13.6376, 7.78798, 15.2619, 6.14196, 20.833, 25.5667, 19.412, 18.1358, 6.71687, 7.16365 ], 
          [ 25.0663, 8.80733, 28.8934, 3.81584, 9.54533, 5.76528, 23.0175, 24.5215, 1.83012, 20.4298, 13.1549, 15.4479, 5.59446, 3.65635, 18.204, 19.2867, 17.0487, 3.44967, 26.2587, 16.5138, 21.5148, 14.314, 4.09227, 13.5038, 25.5142, 2.28291, 16.7902, 7.17134, 17.2071, 25.6272 ], 
          [ 7.48549, 16.7882, 23.9985, 14.5757, 3.99896, 28.0668, 2.0547, 1.27514, 9.78987, 5.1282, 21.8446, 23.2381, 15.8061, 17.5855, 18.0718, 16.6622, 12.2018, 24.3491, 26.4222, 6.44121, 24.2301, 22.2029, 17.3592, 12.1912, 20.3015, 13.7736, 25.8308, 19.5346, 23.4147, 12.2923 ], 
          [ 5.80058, 29.7375, 29.8405, 19.3189, 20.8244, 19.8106, 12.8555, 18.2748, 28.5521, 13.2991, 29.7723, 28.3221, 29.8716, 26.8304, 4.55829, 15.6356, 18.7445, 18.4891, 16.4581, 15.4052, 11.0184, 13.8265, 15.7845, 3.11629, 23.9043, 14.9083, 14.5346, 29.3607, 26.4777, 15.1533 ], 
          [ 23.1, 3.88401, 13.871, 12.7804, 12.2719, 28.2145, 17.571, 3.15882, 16.567, 20.2346, 19.14, 27.3064, 9.86109, 25.5709, 18.4999, 29.0695, 3.76426, 16.2507, 21.7349, 24.702, 15.7594, 4.97309, 19.4955, 17.2198, 3.89052, 14.1073, 19.671, 7.7324, 23.5681, 12.3576 ], 
          [ 13.1957, 11.8831, 6.49982, 6.14528, 24.8987, 28.1162, 25.8245, 25.8818, 27.3134, 20.8512, 18.7071, 13.6018, 12.0434, 29.0098, 14.0041, 22.7364, 3.22919, 21.5892, 29.7035, 6.35093, 24.1013, 19.8939, 28.4197, 7.52204, 2.63273, 3.6213, 27.3695, 28.1458, 19.6666, 14.9501 ], 
          [ 9.11077, 25.3866, 14.8421, 9.25519, 25.4487, 2.68014, 15.0115, 19.1844, 21.9745, 18.6064, 2.12745, 11.3357, 22.6005, 2.01144, 4.12053, 25.2993, 13.8639, 19.8671, 9.3263, 1.92141, 11.1748, 28.9965, 28.8686, 23.5875, 29.8433, 17.6501, 10.0755, 4.55154, 16.6365, 18.7754 ], 
          [ 28.271, 28.3285, 29.9989, 4.08078, 2.74971, 14.8623, 17.562, 13.7285, 13.8763, 28.5345, 5.67471, 22.1764, 26.3153, 8.53953, 5.54107, 8.65305, 22.4636, 6.69408, 29.6701, 23.9043, 25.1121, 3.06189, 3.81728, 10.225, 6.19144, 7.80135, 13.554, 11.3356, 6.59268, 8.00959 ], 
          [ 23.7842, 20.2397, 23.7251, 4.97069, 6.43518, 22.2198, 12.6603, 26.4871, 24.847, 1.17139, 10.186, 1.82914, 20.6069, 13.9948, 18.2571, 18.2541, 25.9763, 15.4736, 19.0355, 11.7324, 25.3526, 29.4586, 12.691, 11.0798, 20.9782, 14.9577, 8.97234, 28.5294, 13.3544, 19.257 ], 
          [ 1.48003, 20.8276, 9.88875, 4.67933, 25.89, 10.3731, 22.0164, 15.1005, 25.2831, 1.47791, 23.7633, 27.8793, 24.4381, 25.0378, 20.8844, 22.5425, 7.79928, 12.1, 29.1121, 4.50889, 26.2679, 7.30318, 1.05961, 23.6101, 12.5439, 11.8284, 19.1455, 5.18509, 29.4882, 22.6633 ], 
          [ 2.9738, 1.34156, 17.7174, 24.8772, 18.6953, 26.5343, 19.4937, 12.0649, 22.6326, 6.9065, 3.20529, 2.87261, 18.5203, 20.4117, 17.1924, 26.231, 3.12024, 11.5708, 21.3756, 21.4206, 12.0967, 3.00605, 8.47284, 28.4911, 22.9837, 17.5233, 27.8062, 8.10793, 1.37078, 5.7734 ], 
          [ 1.28099, 19.5372, 24.6314, 5.94808, 14.7395, 24.076, 23.7173, 6.05333, 18.5446, 20.433, 7.57193, 21.7057, 14.5749, 25.7665, 1.75789, 9.31554, 3.5606, 18.6943, 16.8759, 17.5593, 24.8436, 4.38287, 14.1229, 26.0012, 19.525, 12.2375, 17.6752, 8.12886, 18.4114, 29.7177 ], 
          [ 21.5104, 11.0167, 12.9335, 27.7043, 27.7581, 2.45414, 27.2226, 13.1744, 20.9838, 23.5183, 3.639, 7.93714, 26.7615, 4.68988, 28.1432, 21.997, 6.81604, 8.24355, 4.22479, 7.01893, 6.36273, 7.59552, 20.4455, 1.24768, 8.0435, 10.9021, 4.79591, 5.49987, 21.9523, 4.66368 ], 
          [ 17.1566, 4.08631, 29.6838, 20.4286, 10.4524, 19.9869, 19.8518, 23.8699, 15.1516, 9.57299, 12.7198, 27.5412, 25.6824, 25.7143, 1.1783, 15.0237, 27.4154, 5.87108, 14.9094, 27.358, 19.1852, 25.4531, 29.2333, 13.7283, 27.509, 3.69094, 12.0064, 5.3012, 8.92174, 20.4897 ], 
          [ 3.63277, 3.07184, 29.2216, 9.698, 29.2801, 8.14328, 25.2433, 9.70807, 29.3213, 12.687, 12.011, 20.1359, 1.572, 17.1031, 24.3223, 19.0556, 20.5735, 26.6042, 11.4044, 28.3616, 26.2459, 3.61784, 5.84996, 21.6452, 12.0649, 9.33916, 24.573, 21.904, 2.82247, 25.4417 ], 
          [ 4.29319, 4.85676, 24.0451, 27.1391, 14.9676, 29.645, 19.5117, 8.21959, 16.5447, 2.74938, 4.27367, 15.9491, 3.60382, 13.6925, 26.3876, 26.1636, 1.0132, 27.1298, 18.6609, 24.496, 15.2756, 13.1838, 23.6335, 2.73993, 17.4683, 15.269, 3.20729, 2.72989, 2.62682, 20.8237 ], 
          [ 18.0738, 19.3008, 17.3942, 17.5847, 9.04129, 18.2886, 16.4946, 1.11908, 26.1511, 26.2698, 14.9674, 19.9981, 21.3925, 4.4007, 9.65512, 14.565, 24.6241, 10.9954, 18.4264, 3.58215, 20.9686, 3.17002, 22.7133, 29.3921, 16.4803, 28.2249, 13.2254, 22.9423, 20.8427, 1.86287 ], 
          [ 16.2982, 11.4051, 9.45704, 21.5233, 20.6669, 19.4119, 2.93906, 22.7185, 3.78248, 17.3368, 28.913, 27.4514, 27.791, 23.3756, 20.5094, 6.87, 13.5154, 18.8464, 17.3676, 28.0684, 21.2214, 26.8674, 9.28925, 29.9751, 3.61991, 7.26852, 28.1399, 28.1759, 24.7352, 21.0308 ], 
          [ 26.2811, 6.67095, 28.582, 3.25251, 28.7372, 15.5977, 8.53635, 3.09658, 12.5243, 2.15495, 18.7355, 5.13341, 15.1211, 26.1162, 26.645, 26.9733, 6.39008, 27.6954, 1.89373, 22.3108, 26.5422, 8.40786, 29.7896, 25.4524, 11.0297, 7.28367, 22.4518, 23.0438, 13.7382, 11.4871 ], 
          [ 14.8265, 22.9966, 23.2328, 12.1199, 9.60609, 27.5163, 19.0357, 4.32288, 27.2037, 4.9103, 2.31687, 26.6642, 6.45629, 10.9236, 15.8942, 24.2034, 6.69188, 2.00916, 14.7779, 14.1991, 21.3495, 19.9174, 5.84491, 4.78911, 18.8571, 14.4493, 22.4049, 24.6191, 11.554, 24.4009 ], 
          [ 16.7515, 7.35679, 18.4744, 14.0438, 11.2776, 25.7085, 18.4652, 27.0645, 2.40738, 18.7984, 11.8645, 13.0879, 9.44131, 5.62512, 4.879, 9.99021, 13.2224, 24.7343, 25.0016, 3.15813, 9.55502, 6.96468, 11.3588, 4.46496, 25.9913, 16.9275, 13.2733, 27.0057, 8.67268, 19.3671 ], 
          [ 12.3175, 17.6292, 25.9502, 9.882, 17.9051, 11.3106, 1.95709, 29.6418, 23.421, 11.5886, 7.36997, 12.5054, 10.646, 20.0013, 17.0089, 1.09242, 18.4852, 7.93422, 11.2478, 10.3067, 18.6483, 22.8245, 14.7556, 13.3439, 2.13815, 17.7094, 8.48695, 16.7624, 10.8966, 28.3225 ], 
          [ 21.8807, 29.9696, 24.9402, 18.4767, 29.8265, 27.9172, 7.16393, 15.4234, 14.4233, 23.1625, 9.36012, 18.3024, 9.88384, 5.08562, 16.5243, 20.1104, 12.6035, 18.9379, 29.597, 2.57478, 23.1753, 19.4493, 19.9913, 28.4904, 1.57518, 4.83354, 21.0582, 18.4487, 29.4767, 23.3376 ], 
          [ 22.1732, 1.16552, 12.4622, 22.768, 17.0094, 2.59327, 17.9497, 18.3524, 15.0874, 4.20624, 21.3206, 28.5969, 13.8586, 22.7823, 4.94606, 11.3096, 7.68231, 18.1885, 3.17924, 17.3418, 1.54157, 16.5583, 8.29066, 11.3048, 2.63487, 25.2913, 24.5386, 11.5806, 21.7931, 21.6884 ], 
          [ 3.48077, 28.6003, 10.1327, 29.5511, 19.4927, 2.33486, 26.6544, 21.933, 19.3912, 3.61359, 18.7057, 14.4435, 15.6503, 11.9883, 26.3044, 11.8378, 6.96873, 17.0289, 8.90652, 10.3206, 2.93064, 14.5513, 21.7606, 22.6225, 28.0655, 18.2147, 13.1181, 17.5725, 14.4496, 25.0422 ], 
          [ 15.0311, 12.0664, 13.1368, 27.1492, 5.12181, 3.04798, 27.9652, 14.2646, 13.1071, 24.6817, 29.1381, 3.61068, 7.19797, 24.4702, 9.06723, 8.61265, 24.1691, 26.2141, 22.1259, 6.14602, 2.18948, 21.9315, 12.2579, 1.30211, 4.44643, 9.24189, 6.78286, 26.9882, 14.6983, 27.8465 ], 
          [ 6.69085, 17.8936, 17.8706, 3.51355, 8.83202, 15.5879, 9.00062, 22.2898, 28.0411, 22.5822, 9.36633, 18.1338, 9.01136, 13.4097, 3.35042, 15.8977, 13.2303, 13.4907, 29.1737, 1.77549, 25.1679, 19.3889, 7.51895, 15.8386, 12.1665, 4.51171, 19.8274, 27.7086, 25.6405, 11.1551 ], 
          [ 26.8433, 25.4201, 9.96637, 29.7235, 21.3461, 20.0754, 5.29055, 4.89582, 29.6911, 26.1039, 27.2135, 9.18233, 5.24059, 14.3348, 6.9194, 15.4708, 3.21796, 29.2552, 5.80011, 13.5571, 22.1258, 6.15143, 29.402, 22.7018, 4.9672, 10.4893, 11.8488, 21.6032, 4.11789, 6.02838 ], 
          [ 7.45375, 13.0075, 13.1202, 18.1393, 7.9995, 19.4548, 16.0421, 27.0695, 10.8541, 24.5035, 28.1085, 14.061, 6.5345, 11.7181, 20.0411, 10.9151, 4.83575, 6.86924, 25.0784, 19.4239, 24.3653, 13.7335, 14.6585, 2.90915, 23.2463, 17.4298, 7.1732, 27.7034, 22.4315, 18.5688 ], 
          [ 17.983, 5.75842, 2.99134, 28.6032, 24.3057, 14.5852, 27.2467, 19.8659, 22.5526, 6.33833, 22.7019, 2.77921, 1.82171, 21.3732, 14.4128, 11.2589, 3.27202, 13.4574, 23.3588, 27.2431, 1.31541, 28.2069, 9.96496, 18.9753, 10.509, 7.14934, 17.311, 21.8283, 1.63172, 22.1961 ], 
          [ 22.5375, 13.0634, 20.089, 5.45967, 5.27799, 1.4853, 27.5527, 25.8944, 10.6023, 12.219, 26.1366, 6.57344, 7.01518, 11.5234, 10.6559, 5.28019, 19.1384, 23.8871, 4.87658, 2.51339, 10.6578, 25.426, 25.8207, 29.209, 24.5802, 16.7451, 15.7367, 29.2467, 28.2957, 25.4835 ], 
          [ 26.0651, 17.0192, 11.8646, 28.1432, 3.52452, 7.11498, 2.22592, 25.792, 13.4525, 15.6932, 25.0252, 5.82408, 21.9276, 12.2804, 18.9362, 9.30802, 7.80489, 22.3488, 10.617, 21.8089, 7.19045, 10.5132, 11.8399, 1.77137, 23.4593, 16.3759, 3.20107, 23.6143, 11.2743, 4.43407 ], 
          [ 4.30749, 17.8527, 10.5966, 14.1351, 16.9889, 29.6707, 16.575, 9.3684, 7.31756, 18.2775, 13.9843, 12.4459, 24.6833, 2.56414, 5.73524, 6.66578, 7.54467, 9.16339, 7.68454, 19.6507, 28.069, 1.54659, 15.0826, 7.12632, 5.26175, 3.8796, 26.673, 4.34478, 14.0294, 22.1733 ], 
          [ 2.24699, 7.69851, 8.35187, 12.94, 18.7901, 4.0139, 17.4527, 10.8692, 13.142, 10.9922, 26.5348, 29.6424, 4.88097, 21.5788, 1.68805, 22.9422, 7.54552, 19.4893, 27.8397, 26.3919, 27.0495, 13.0115, 27.1452, 24.2634, 1.34014, 23.0894, 5.02714, 28.6011, 26.2336, 4.25073 ], 
          [ 14.7178, 23.8644, 21.8132, 20.7947, 17.9319, 6.66376, 17.2216, 22.4958, 6.66514, 15.5689, 8.88543, 17.7314, 5.93834, 9.53953, 29.5374, 12.6324, 7.8046, 12.3091, 18.4411, 20.1317, 8.53581, 15.7456, 21.9645, 27.7003, 18.1673, 28.5254, 20.6249, 21.4473, 19.5303, 27.2913 ], 
          [ 28.8872, 16.0178, 4.69858, 11.6813, 26.8367, 1.64208, 29.2336, 26.6047, 11.1771, 22.6327, 8.8352, 26.7601, 6.19111, 10.9997, 4.30526, 24.5186, 20.5516, 27.4067, 20.6239, 14.9676, 17.3648, 5.71567, 1.97626, 4.35313, 1.10878, 10.6272, 13.4436, 10.6853, 28.9858, 2.16276 ], 
          [ 25.7302, 13.0887, 22.9069, 20.7803, 13.1357, 20.0008, 25.4542, 3.21501, 17.9797, 9.87705, 19.2793, 11.9148, 25.0455, 2.19641, 4.72797, 1.77131, 27.3955, 24.9143, 1.97389, 3.59294, 14.5823, 6.10862, 1.10592, 5.39255, 1.67161, 9.55632, 22.088, 25.9448, 1.53566, 24.4787 ], 
          [ 19.2838, 24.8408, 17.8184, 4.95965, 25.0289, 21.7521, 26.0214, 7.77003, 2.77936, 6.4964, 3.28512, 24.5819, 19.1304, 14.92, 12.9713, 23.3153, 25.3693, 2.93161, 3.87298, 27.098, 3.87623, 11.5119, 10.9682, 21.5253, 3.11319, 4.37624, 2.44905, 20.0068, 2.59203, 12.4051 ], 
          [ 4.18668, 11.3097, 4.53639, 11.3897, 4.08673, 9.72939, 25.1583, 20.7332, 19.0008, 15.643, 12.8691, 25.575, 2.87907, 9.82284, 9.66648, 9.99165, 28.7875, 20.9847, 17.7948, 13.2648, 21.7921, 28.7544, 1.37655, 10.0995, 26.5276, 19.885, 5.03998, 27.7555, 8.10188, 22.3188 ], 
          [ 27.4935, 20.4534, 25.0067, 5.18404, 6.34491, 18.2864, 8.88919, 6.93189, 11.0362, 8.34182, 6.77087, 26.0003, 20.8405, 5.89263, 24.1226, 11.9017, 26.7001, 28.4641, 8.07115, 9.10889, 13.5803, 28.7912, 7.43997, 20.1218, 2.02299, 16.5066, 9.797, 15.2294, 28.1347, 17.0556 ], 
          [ 10.3031, 21.4949, 8.35329, 12.7279, 16.9164, 6.16271, 7.91822, 5.13857, 21.4443, 20.8126, 26.7822, 14.8649, 17.0542, 2.23099, 2.14357, 27.1389, 24.3221, 16.9862, 20.6897, 18.201, 12.4155, 17.8047, 10.7124, 25.3189, 12.1035, 21.2134, 24.0627, 25.7727, 7.34891, 10.9363 ], 
          [ 23.8641, 24.8147, 22.2245, 4.78255, 22.8037, 6.6125, 17.7204, 1.79057, 19.8082, 10.6547, 20.0116, 3.95096, 29.8653, 1.86427, 4.51169, 5.13872, 21.2058, 14.9636, 16.9, 25.1179, 20.4085, 14.4058, 21.8256, 5.43064, 1.44758, 13.4113, 17.4171, 18.2463, 29.08, 24.4455 ], 
          [ 24.5944, 18.6518, 23.2599, 27.7282, 15.5851, 23.8514, 2.97333, 7.91264, 11.1052, 19.6877, 11.7221, 5.15685, 21.1743, 8.59034, 22.2861, 13.0003, 7.1619, 21.5479, 15.0214, 13.3009, 10.3922, 3.87793, 5.82438, 3.71297, 3.2147, 26.3933, 7.31088, 10.958, 3.47514, 2.38276 ], 
          [ 10.3948, 25.0447, 13.8193, 18.3381, 8.1739, 18.3333, 11.0232, 21.8168, 14.3603, 14.94, 13.8766, 23.4174, 3.20733, 10.409, 1.42235, 28.1941, 23.1752, 14.2395, 11.5213, 21.7651, 16.6831, 27.0806, 17.102, 5.22122, 8.4035, 12.1802, 27.2101, 10.1005, 28.9097, 28.9193 ], 
          [ 16.4832, 14.2143, 6.47545, 8.42178, 28.4132, 17.1928, 21.5604, 24.9434, 28.4896, 25.9381, 6.714, 25.3509, 19.0713, 16.5268, 26.2656, 15.9103, 29.1669, 6.3542, 1.82312, 19.2515, 28.0755, 22.7509, 18.4759, 16.2947, 16.9307, 1.92538, 3.55773, 4.90328, 29.4736, 6.12286 ], 
          [ 13.6591, 25.6936, 25.1386, 25.0853, 16.8039, 19.7813, 2.39179, 18.2177, 19.7263, 2.66373, 12.8726, 26.308, 21.147, 24.5445, 22.5263, 18.144, 8.83496, 20.3681, 15.5108, 3.54241, 1.15501, 8.68671, 22.5247, 9.64086, 4.24431, 15.972, 29.9044, 12.1059, 20.2645, 15.4871 ], 
          [ 15.1241, 27.2071, 15.1321, 1.45628, 21.0716, 10.2247, 7.99373, 18.7972, 29.5549, 27.2164, 21.9138, 22.9517, 5.1996, 20.4812, 22.3246, 27.1224, 28.3518, 15.2972, 3.01105, 13.3263, 18.5207, 14.6425, 6.55552, 29.4482, 29.7512, 15.6766, 4.35386, 29.214, 15.6776, 5.51299 ], 
          [ 24.0968, 10.6456, 14.6587, 13.1811, 9.47254, 2.41221, 27.9925, 14.5004, 28.7251, 17.5088, 1.96204, 17.2321, 16.0222, 1.81355, 28.7739, 17.596, 14.7024, 2.08182, 11.9495, 19.7442, 4.13696, 12.1998, 6.21446, 4.76361, 3.73076, 5.98875, 16.7146, 28.0218, 21.0344, 3.04239 ], 
          [ 25.1387, 29.2011, 6.44014, 16.7688, 27.1886, 28.5412, 7.80434, 18.8931, 10.1215, 1.02691, 22.1981, 11.2132, 15.8339, 27.9593, 1.08092, 6.89478, 23.3888, 10.3329, 25.1146, 18.031, 27.6947, 24.3054, 23.2002, 27.6282, 12.8408, 29.7681, 27.44, 17.9133, 4.97222, 12.9189 ], 
          [ 28.1204, 3.32393, 7.83186, 4.45308, 17.5293, 27.2619, 21.4024, 10.9543, 11.8354, 13.4757, 25.1499, 1.23834, 23.1015, 22.5318, 7.54259, 18.0347, 9.226, 13.4465, 19.3663, 10.3057, 25.2153, 12.4772, 11.4781, 22.9368, 12.8193, 6.62191, 17.9907, 10.2356, 17.5998, 5.68638 ], 
          [ 11.7793, 5.02178, 23.1114, 18.977, 9.9569, 27.8666, 26.6228, 25.3462, 10.9441, 12.6622, 16.5143, 4.39169, 12.3234, 1.86737, 17.9826, 9.80946, 20.2736, 2.29128, 27.5228, 10.8663, 23.7508, 22.1755, 13.032, 15.2408, 14.9189, 26.0798, 3.53466, 22.6306, 1.38579, 18.9531 ], 
          [ 1.66544, 2.83592, 25.9047, 9.93068, 10.9743, 2.67749, 1.3794, 4.61609, 2.47788, 27.2761, 18.1339, 1.14996, 21.7577, 7.34553, 12.3588, 24.9888, 24.9464, 2.29952, 21.3659, 1.09829, 14.0573, 25.6428, 7.14904, 13.7365, 12.549, 27.7773, 29.0022, 11.9354, 29.8346, 1.57957 ], 
          [ 16.1791, 10.3517, 21.8513, 18.0452, 18.4689, 9.10015, 27.0041, 29.5116, 23.0531, 14.3023, 25.1875, 17.9414, 24.2118, 19.56, 1.4192, 26.7067, 11.5915, 5.74111, 20.1116, 14.3235, 7.96404, 22.2907, 1.0121, 12.0548, 7.0962, 28.4829, 3.76925, 18.6956, 19.0578, 11.9272 ], 
          [ 22.7281, 6.5303, 29.7737, 9.47067, 16.4917, 10.8316, 21.4084, 26.1682, 13.1626, 1.04185, 4.63517, 9.93929, 20.6059, 20.1537, 3.80176, 11.6138, 11.5494, 16.4389, 26.5196, 16.1223, 23.3923, 25.5124, 14.9962, 26.3901, 2.09958, 19.2085, 28.0409, 3.06817, 3.78398, 16.4689 ], 
          [ 18.8298, 8.42764, 26.8174, 12.7672, 1.76247, 8.71124, 6.32345, 23.8871, 26.1259, 9.67405, 5.53512, 25.7602, 24.4066, 12.4714, 26.7792, 13.8439, 24.4385, 2.8871, 3.2802, 2.22673, 25.8235, 11.9452, 8.56381, 28.4762, 27.314, 5.08249, 8.94443, 25.0092, 22.6723, 21.7416 ], 
          [ 27.6826, 11.8346, 13.671, 22.4949, 19.9026, 20.1059, 12.8841, 4.40345, 4.87832, 13.5049, 15.6652, 14.1288, 19.8543, 1.29271, 17.2374, 18.0801, 6.98731, 9.84204, 23.9797, 26.476, 29.9114, 24.2799, 22.7834, 4.93419, 24.1023, 23.3899, 21.9654, 9.1714, 28.2777, 15.315 ]
        ]
      ];
r = [
        [66069.7,71436.1,60105.1,59757,79441.2,81123.3,77541.1,80316.8,69613.4,61229.6,72917.4,61237.6,66312.9,53358.5,57866.4,79198.6,65866,66357.7,81333.6,65305.2,60732.5,65028.6,72280.2,59248.8,63377.7,58423.7,68314.6,62748.9,76132,70512.7 ], 
        [63684.7,69904.2,78424.5,55616.6,71330.5,78939.4,53001.6,71028.5,79821.1,59214,51352.1,56278.2,58080.6,53991.7,66944.2,72371.8,79618,69436.4,61748.2,58852.7,78107.5,53665,66232.4,58718.4,59288.3,64576,60408.3,63923.2,75798,75290.8 ]
     ];
d = [
        [83041.3,80070.6,43738,59471.7,13802.3,33209.6,14517.7,68366.7,36120,1927.72,23788.2,67256.6,15862.6,1732.7,49143.9,87269.9,59703.1,27531.6,80266.8,38381,43668.1,1360.08,15181,29225.5,68235.2,32698.3,9177.44,74308.2,87473.5,70318,16517.4,55535.6,38123.7,17772.3,79238.9,8288.92,31730.4,46816.6,7838.74,37631.4,44994.8,7130.45,54343.5,68743.1,87764.4,54339.8,47720.8,30110.6,83354.2,1791.34,72861.3,21356.5,70417.7,77522,11151.9,79567.9,28715.9,34560.4,74213.7,5829.18,74509.1,43202,33833.7,24025.3,87001,22567.6,57034.8,79683.6,40784,12271.8 ], 
        [37782.3,26337.2,79007.3,12129.6,19507.9,3966.27,28921.4,26256.5,12708,26945.6,56595.2,51786.3,3496.48,36814.8,63135.9,69075,64008.2,39934.8,32423.2,19663.7,39737.5,48957.4,34203.1,59909.5,80257.2,81292.3,38776.6,71735.2,7629.32,9867.86,75436.4,47219.9,77886.6,44846.9,51395.1,68586.6,88018,36587.4,15773.1,17029.5,12570.6,58183.4,82648.3,44366.1,17174.3,67081.2,9456.26,85370.3,79746.1,40210.8,49516.3,70449,12831,77750.7,75356.5,23533.6,82204.7,51355.2,86482.5,40518.7,25975.6,53460.7,58795.7,11835.9,29314.7,37740.1,3197.55,86810.6,30103.5,16484.7 ]
     ];
