/***************************************
* STOCHASTIC OPTIMITZATION
* OPL S2FVPP Data Generator
* by Jordi Mateo Fornes
* Model = S2FVPP; Stochastic (2S) MIP 0-1;
* Representation = Compact Representation;
****************************************/
I = 50;
P = 30;
C = 70;
G = 2;
p = [ 0.02, 0.02 ];
pc = 0.04;
ORCHARDS = { 1, 2, 3, 4, 5, 6, 7, 8, 9, 10, 11, 12, 13, 14, 15, 16, 17, 18, 19, 20, 21, 22, 23, 24, 25, 26, 27, 28, 29, 30 };
CUSTOMERS = { c1, c2, c3, c4, c5, c6, c7, c8, c9, c10, c11, c12, c13, c14, c15, c16, c17, c18, c19, c20, c21, c22, c23, c24, c25, c26, c27, c28, c29, c30, c31, c32, c33, c34, c35, c36, c37, c38, c39, c40, c41, c42, c43, c44, c45, c46, c47, c48, c49, c50, c51, c52, c53, c54, c55, c56, c57, c58, c59, c60, c61, c62, c63, c64, c65, c66, c67, c68, c69, c70 };
CGV = [ 15.075, 14.9031, 26.9731, 25.9945, 4.71777, 23.0418, 25.8037, 22.8487, 8.7723, 8.88741, 16.2434, 25.0695, 4.24681, 1.94114, 24.7818, 26.1864, 8.2733, 6.31399, 14.411, 16.6397, 6.97935, 11.36, 2.25969, 2.90389, 12.3891, 17.1504, 1.95159, 9.44976, 26.7828, 23.7265 ]; 
s = [ 0.175501, 0.126414, 2.3974, 0.976897, 0.389485, 0.254069, 0.785552, 1.7604, 2.9087, 1.72036, 2.5746, 0.21623, 2.37649, 2.55237, 1.68782, 0.161135, 0.617743, 1.34921, 2.79438, 1.77381, 1.9295, 0.415973, 2.55923, 1.6271, 2.98831, 1.48429, 2.59465, 2.61128, 1.89025, 29.9982 ]; 
CSV = [
        [
          [ 28.4162, 8.33668, 23.8741, 21.7072, 4.51564, 11.1072, 15.529, 8.5801, 26.9229, 15.7134, 17.7897, 5.48389, 7.13527, 9.41702, 2.38798, 11.8293, 11.284, 7.33708, 18.5383, 12.193, 5.52798, 2.54242, 1.42691, 25.2167, 8.96023, 29.9717, 5.05332, 4.81818, 29.8124, 22.6694 ], 
          [ 1.69301, 14.1302, 29.4486, 9.26337, 21.0208, 11.6917, 29.9535, 7.22205, 5.079, 23.4245, 14.3771, 13.6429, 23.739, 26.9862, 26.4363, 27.3964, 2.9537, 10.0014, 6.15685, 28.4409, 14.527, 9.1362, 20.2615, 3.62823, 18.6216, 6.31559, 11.9193, 17.3771, 11.432, 7.97982 ], 
          [ 9.30408, 29.2389, 16.3225, 18.5222, 27.0526, 26.7546, 15.2213, 25.5731, 24.0143, 1.52289, 7.39445, 6.35268, 11.6256, 2.55674, 17.5671, 20.3946, 1.4356, 2.85918, 19.6041, 11.6973, 18.0758, 4.73154, 24.5645, 4.82755, 11.4686, 12.4982, 20.5757, 20.3465, 5.55736, 18.4528 ], 
          [ 17.6306, 28.0368, 15.4886, 1.41176, 12.8397, 4.91296, 12.5072, 27.3109, 7.99304, 11.241, 20.4744, 14.9515, 15.3794, 16.4607, 21.3182, 8.43619, 7.01617, 17.8316, 16.39, 10.7621, 4.03047, 2.62332, 28.854, 5.59644, 16.9531, 17.1855, 6.85522, 17.199, 25.4486, 14.2608 ], 
          [ 2.20292, 7.1614, 15.582, 21.2591, 5.13074, 17.1357, 16.1818, 26.4422, 1.32014, 7.64613, 15.59, 20.905, 12.5559, 25.5846, 9.6175, 16.6182, 16.6315, 20.5741, 27.6207, 28.0908, 4.70101, 22.6652, 25.568, 19.0855, 17.4095, 10.8262, 8.79301, 14.1792, 23.9097, 28.4545 ], 
          [ 4.5922, 23.3787, 6.94065, 10.7844, 23.7173, 9.03609, 13.5783, 14.5527, 4.96481, 26.2475, 8.57852, 9.54508, 21.9334, 13.3307, 28.4801, 7.0193, 17.5102, 1.48406, 14.7518, 13.5061, 11.5149, 1.84907, 9.68631, 5.56262, 9.72814, 18.3238, 11.9984, 4.95949, 3.93195, 29.9316 ], 
          [ 5.5761, 3.23684, 15.6604, 10.2507, 10.8747, 8.29933, 9.09887, 1.56551, 13.9993, 5.83699, 24.3214, 20.5363, 27.8613, 22.5684, 2.61378, 6.96241, 4.19776, 3.70078, 26.0186, 22.2379, 1.2449, 22.2438, 10.5886, 22.2653, 24.293, 7.58311, 7.6052, 17.6843, 1.74664, 4.78206 ], 
          [ 16.1575, 25.3369, 3.94555, 7.16778, 25.5856, 4.22519, 9.09572, 6.32658, 1.31308, 18.3606, 19.4625, 8.36347, 9.57328, 13.4675, 28.1672, 16.0063, 2.27948, 8.03445, 12.6587, 24.1209, 6.75504, 1.10848, 3.38424, 23.4048, 7.33614, 15.3235, 29.3051, 14.048, 18.9163, 14.06 ], 
          [ 25.0497, 18.7289, 21.3602, 21.0804, 27.6751, 16.0081, 7.86805, 15.2904, 4.46094, 20.4065, 18.4085, 9.58748, 2.07538, 26.1443, 3.41603, 25.8094, 4.13656, 24.0461, 19.3174, 6.47469, 8.63166, 22.2232, 15.555, 17.9464, 22.9991, 3.54848, 18.6904, 27.6256, 11.2676, 2.37061 ], 
          [ 3.42217, 2.02845, 19.9643, 23.7662, 29.6368, 17.5597, 22.2341, 12.4236, 28.3239, 26.7532, 12.2883, 5.23421, 19.5796, 7.31796, 3.17096, 24.2299, 13.6029, 23.3338, 4.78999, 17.8699, 17.1921, 10.4471, 18.5024, 3.41876, 6.68139, 20.2241, 6.82739, 3.52411, 4.84678, 11.1531 ], 
          [ 6.51238, 10.4276, 5.65933, 1.49239, 19.9117, 21.1906, 27.6775, 24.3767, 12.7325, 26.2337, 2.2088, 9.59162, 10.2439, 13.8414, 5.7863, 1.78523, 9.00711, 23.3679, 7.03769, 6.00693, 8.55953, 29.43, 3.90786, 20.5849, 20.7854, 23.9801, 21.9876, 15.591, 29.8332, 25.7832 ], 
          [ 12.5304, 2.77375, 4.14893, 2.78721, 22.2234, 25.9285, 4.73269, 19.9362, 21.5685, 22.7988, 5.93021, 16.7334, 2.56045, 14.0093, 27.2499, 15.8496, 20.411, 2.78802, 23.036, 27.9084, 18.3561, 18.0811, 13.467, 12.0076, 16.5554, 24.3869, 12.5761, 27.8697, 23.8375, 18.3273 ], 
          [ 15.0591, 23.6378, 17.4074, 23.6183, 8.8217, 1.24331, 20.9309, 8.38912, 16.197, 18.5316, 25.3779, 17.0073, 7.38326, 20.9974, 4.32688, 2.06031, 27.2359, 7.17378, 12.8972, 24.4263, 13.5568, 17.8702, 24.7725, 24.1363, 24.2686, 21.4095, 7.20862, 12.7288, 13.5806, 29.2314 ], 
          [ 19.9318, 22.231, 5.89605, 6.52905, 5.01005, 12.2592, 4.10985, 29.5076, 14.0964, 26.7331, 7.68085, 17.8164, 19.8872, 20.7727, 14.2012, 23.8866, 24.5497, 16.1258, 19.2075, 13.3932, 5.70276, 23.7953, 17.2002, 26.5191, 6.87617, 29.301, 10.7419, 4.20013, 11.2638, 19.092 ], 
          [ 27.9964, 23.3718, 10.3717, 25.3719, 12.0142, 2.80705, 7.00559, 19.5898, 7.38833, 29.6447, 28.3935, 22.794, 10.9912, 23.6022, 12.9986, 20.377, 25.8447, 5.07699, 3.1943, 15.3585, 24.484, 17.8355, 18.434, 6.55798, 26.2215, 21.9592, 29.9451, 9.11252, 8.04305, 26.3116 ], 
          [ 27.0581, 17.5938, 7.15775, 5.51344, 22.0461, 10.962, 13.0414, 26.0077, 3.56037, 6.84479, 13.6241, 14.5668, 11.3819, 15.6361, 24.519, 21.1425, 28.0663, 3.55202, 6.89557, 27.9959, 1.93619, 6.61947, 14.772, 29.8087, 13.9769, 16.5579, 7.6753, 2.34147, 6.27471, 23.4363 ], 
          [ 12.2588, 15.3619, 16.6061, 16.653, 24.2137, 2.56769, 19.4179, 29.8181, 3.57361, 21.1626, 5.62949, 5.5872, 13.7583, 28.567, 20.7356, 22.301, 1.95254, 18.9784, 19.8133, 7.40379, 27.9139, 14.7588, 7.77554, 4.86095, 6.38772, 29.9787, 8.01968, 8.12344, 20.7432, 24.7579 ], 
          [ 4.2848, 14.5225, 28.1522, 19.5809, 8.2415, 7.65863, 19.6663, 14.0917, 9.67216, 15.1804, 5.4039, 15.5716, 27.007, 5.90145, 7.61904, 29.2139, 8.97633, 28.5261, 5.81163, 27.0571, 20.1349, 26.7231, 18.8558, 14.7512, 14.8274, 7.07766, 28.9976, 4.63923, 1.65098, 7.25181 ], 
          [ 23.0816, 20.6433, 16.4193, 21.3411, 16.5264, 6.29509, 3.19862, 23.0817, 5.17183, 8.25695, 25.2983, 19.8313, 14.3028, 6.12394, 11.3848, 20.3211, 13.2678, 17.0173, 29.5618, 5.96159, 19.4498, 26.4262, 23.9796, 9.31968, 2.25564, 6.57116, 16.0651, 5.88129, 14.929, 10.0517 ], 
          [ 2.87144, 7.04384, 22.7351, 17.5349, 19.3749, 13.2705, 27.8472, 14.7805, 26.3598, 4.07851, 8.32246, 19.5697, 17.9024, 3.14139, 27.1728, 6.45073, 6.11144, 9.69703, 25.1636, 11.1168, 17.3942, 16.9696, 3.77305, 12.8592, 13.1104, 25.4517, 21.3073, 26.9184, 23.1496, 14.5039 ], 
          [ 18.9268, 6.43784, 15.5442, 23.5616, 28.4121, 9.1373, 29.5416, 7.97094, 16.6825, 3.18197, 5.82302, 20.5533, 2.57095, 10.7806, 17.9985, 20.6821, 22.3155, 7.16615, 8.00183, 22.8711, 28.3767, 24.8314, 1.67471, 25.0429, 25.4086, 2.58789, 8.16188, 28.6031, 6.17153, 23.1207 ], 
          [ 20.4528, 20.6346, 23.0849, 18.4959, 24.8, 21.7044, 4.0672, 22.646, 12.2581, 17.2999, 15.6095, 13.8441, 1.29704, 23.1817, 7.79455, 7.10253, 8.40867, 20.539, 15.2339, 26.2813, 28.1907, 20.9755, 6.75853, 27.6718, 20.1359, 22.4085, 6.52954, 11.8731, 6.53388, 24.6854 ], 
          [ 14.0404, 26.2158, 20.3782, 7.46933, 18.8088, 10.1534, 7.82953, 3.87888, 23.8993, 18.535, 21.4653, 17.2934, 29.3316, 24.7491, 16.238, 25.9898, 9.4804, 11.0289, 26.9548, 5.19662, 18.0496, 24.4885, 21.8984, 3.02872, 7.60566, 15.4167, 18.064, 25.364, 10.0742, 1.52785 ], 
          [ 21.1625, 3.92672, 22.2839, 25.1681, 3.66983, 24.255, 1.98598, 19.052, 17.3576, 6.13199, 13.1463, 28.7839, 17.6335, 19.2061, 10.6924, 8.41417, 2.66587, 16.1599, 14.3249, 12.1716, 27.1473, 10.2059, 15.0462, 10.1938, 5.89185, 19.3086, 19.1382, 14.1286, 23.3585, 11.0056 ], 
          [ 25.022, 25.985, 23.3599, 23.0946, 16.2081, 11.6521, 21.981, 2.3243, 25.7619, 14.3357, 16.8009, 13.203, 23.8169, 4.9972, 21.0969, 7.38372, 7.79503, 29.8236, 22.1037, 8.43872, 20.6445, 3.35992, 28.7294, 17.1293, 27.6951, 20.4158, 19.5106, 7.29978, 12.0971, 14.4701 ], 
          [ 17.748, 18.9397, 14.6066, 7.34461, 20.9707, 6.22145, 16.64, 29.9542, 11.9553, 5.54615, 1.3162, 18.246, 5.71688, 14.4198, 27.4134, 17.3107, 24.5777, 14.3337, 16.2732, 24.4219, 22.5343, 13.295, 15.446, 16.8626, 16.8932, 18.0859, 3.35588, 12.089, 17.1383, 27.8543 ], 
          [ 26.3531, 6.4892, 28.9875, 9.42499, 23.3594, 5.0853, 16.3263, 13.5076, 27.5337, 18.775, 25.5492, 16.5801, 16.6495, 29.1451, 27.0316, 2.29789, 6.63425, 21.2876, 27.1075, 16.5765, 8.33445, 28.0154, 12.9304, 21.7011, 7.0964, 4.72638, 18.7956, 17.7806, 20.5494, 18.8451 ], 
          [ 26.4781, 13.849, 6.76099, 4.85322, 29.9189, 10.6828, 29.96, 3.62835, 17.6175, 7.03066, 15.7889, 7.19092, 18.5102, 14.3034, 22.0214, 10.2691, 29.706, 12.9252, 27.9411, 6.02645, 14.6152, 5.86066, 23.9421, 13.0839, 20.2326, 15.861, 23.9558, 29.9575, 25.7674, 4.90733 ], 
          [ 9.95831, 23.8653, 4.33834, 2.38383, 24.5228, 5.9033, 2.75628, 14.841, 8.51223, 15.645, 2.26503, 5.21396, 6.29064, 19.9921, 22.5909, 1.14325, 27.631, 21.196, 26.4489, 17.4227, 18.6234, 18.4956, 10.9357, 4.38885, 20.3061, 22.7588, 25.439, 19.5613, 16.9008, 15.2069 ], 
          [ 17.3542, 4.52103, 4.45732, 14.3185, 1.71531, 8.09195, 8.9778, 28.8175, 25.8073, 17.9464, 6.23849, 14.4033, 9.19058, 22.7623, 12.6979, 2.81171, 26.2998, 8.32543, 29.9834, 18.0419, 28.9866, 12.4533, 12.1566, 4.85701, 26.5417, 12.2221, 10.3953, 11.8714, 3.24601, 26.7773 ], 
          [ 17.14, 18.2108, 15.8819, 8.93744, 22.1981, 21.161, 15.5934, 2.48511, 14.6095, 28.684, 13.6784, 24.6777, 7.96196, 28.8642, 8.65954, 21.2993, 20.203, 23.9846, 3.34356, 2.06462, 16.8033, 3.54721, 22.4433, 3.22229, 19.6136, 17.4995, 19.59, 6.16113, 5.56203, 27.8854 ], 
          [ 26.1156, 24.5562, 13.3031, 23.3944, 13.0179, 20.2629, 22.8066, 25.2251, 4.16232, 26.0578, 12.9559, 3.27174, 17.124, 2.25069, 14.1939, 15.5668, 20.9917, 3.03431, 15.6274, 12.4852, 22.7584, 18.7874, 11.0731, 2.35555, 27.8749, 13.9444, 19.6891, 10.1801, 19.3591, 23.1229 ], 
          [ 2.83286, 9.76762, 25.613, 13.9291, 26.3214, 1.56451, 27.0816, 8.58004, 14.5374, 1.31724, 21.4345, 11.1285, 27.8544, 22.3663, 12.1707, 9.73738, 1.84596, 25.8957, 17.4052, 16.265, 3.36231, 7.90197, 17.2585, 9.11259, 24.2177, 3.11867, 19.5245, 17.8361, 16.4669, 14.6245 ], 
          [ 11.6346, 17.1126, 22.9243, 6.33986, 18.9411, 17.2113, 2.28559, 1.91581, 2.77027, 20.7101, 2.05012, 19.9446, 16.2063, 28.3968, 28.8808, 10.4031, 8.3603, 3.75236, 14.6622, 19.0739, 6.01673, 29.1885, 2.0172, 1.67923, 19.7277, 27.9446, 14.8322, 10.3216, 22.6176, 8.54154 ], 
          [ 18.1875, 26.6375, 18.6299, 8.11449, 26.9785, 21.2596, 15.1833, 7.60419, 3.94367, 16.7323, 12.9329, 18.7103, 22.3946, 9.45725, 1.68207, 6.96801, 10.9948, 17.4453, 20.6246, 1.60206, 2.0963, 20.7863, 1.95951, 16.9825, 18.7501, 9.41905, 12.5297, 5.75957, 20.8324, 22.2025 ], 
          [ 7.63783, 4.57442, 8.37979, 2.2296, 8.27125, 17.8859, 15.742, 26.5792, 7.7775, 4.90508, 25.977, 22.9891, 25.1747, 8.25418, 14.8321, 6.73924, 3.36703, 14.497, 20.6651, 20.5608, 19.985, 2.9809, 19.3041, 15.6595, 14.6996, 16.7311, 18.6852, 27.3195, 6.00475, 7.75685 ], 
          [ 12.7898, 19.0329, 12.4462, 24.424, 17.4514, 18.5781, 20.9548, 27.5792, 13.7333, 8.00887, 25.2886, 22.2451, 7.31469, 2.2341, 20.2555, 7.16522, 12.1994, 24.5859, 13.7957, 3.6695, 21.6231, 9.78648, 19.3099, 21.3309, 4.92157, 22.7837, 27.5716, 1.04722, 24.2593, 16.0492 ], 
          [ 16.3587, 7.02161, 15.2023, 16.0543, 15.5071, 9.37803, 22.5162, 27.3557, 20.0724, 22.8236, 17.8638, 9.85121, 10.7831, 25.2885, 16.7639, 29.0255, 19.0735, 3.89001, 28.0308, 13.6289, 9.03685, 2.78638, 5.62363, 13.9857, 24.7308, 20.6047, 17.757, 27.3024, 20.4726, 25.709 ], 
          [ 10.3619, 4.21857, 9.29387, 10.0203, 16.2607, 6.70006, 26.8987, 23.7624, 22.09, 21.6247, 13.8009, 5.88514, 11.3495, 24.057, 14.204, 24.7586, 27.1702, 28.264, 8.76213, 8.55489, 18.2031, 23.3982, 28.2547, 11.4184, 11.1509, 22.2835, 5.44984, 8.68592, 10.9433, 15.0592 ], 
          [ 5.40576, 25.4229, 12.0269, 26.3529, 2.79325, 24.4705, 14.1476, 11.8739, 18.2813, 17.4861, 28.2023, 8.0746, 3.99696, 23.4324, 21.8899, 10.9326, 28.9632, 16.67, 14.0411, 9.65443, 26.1172, 28.7767, 16.4524, 18.673, 7.64478, 11.2056, 21.4044, 15.498, 16.8651, 22.4043 ], 
          [ 23.1944, 19.7597, 15.6987, 25.3124, 4.69074, 23.8104, 13.1657, 17.0828, 15.6053, 24.8002, 21.4705, 11.8445, 16.7276, 11.3472, 5.4123, 13.1822, 15.7999, 18.2376, 17.1361, 16.6103, 28.9228, 5.08202, 22.2276, 20.8089, 8.30874, 12.7755, 19.2034, 14.778, 25.536, 4.47941 ], 
          [ 26.2418, 16.9962, 1.60888, 26.6328, 27.57, 25.9429, 18.1352, 12.4233, 18.3141, 12.0936, 24.8136, 9.21593, 6.64783, 24.8432, 13.005, 10.8894, 13.3598, 27.1959, 4.38462, 6.29816, 24.8584, 2.21606, 26.9275, 21.9065, 28.887, 11.1463, 4.46518, 4.17974, 21.1462, 17.9879 ], 
          [ 28.1045, 27.0457, 23.6505, 22.0409, 10.9081, 25.5064, 24.1675, 27.1835, 3.76917, 8.12448, 29.3638, 20.8511, 3.01593, 5.9866, 27.8492, 3.31471, 10.2152, 10.0575, 22.5612, 28.094, 9.59397, 29.8557, 11.2469, 2.28947, 17.8122, 2.17537, 8.38409, 4.51075, 15.4388, 18.2768 ], 
          [ 15.5495, 12.0702, 4.48444, 8.97335, 7.65652, 28.417, 4.98174, 7.85152, 21.0591, 4.39024, 3.09747, 8.64965, 27.6255, 27.0358, 2.24212, 15.1389, 14.9972, 10.4158, 8.45803, 16.2867, 3.64923, 3.88996, 7.42653, 18.2528, 4.79131, 8.47274, 22.541, 13.9678, 5.7884, 7.27513 ], 
          [ 2.15673, 13.5661, 16.2126, 23.2489, 15.4161, 1.69388, 24.7129, 22.9578, 12.7418, 23.093, 16.8347, 29.4325, 20.772, 3.46083, 16.8247, 16.8688, 25.5432, 22.4104, 19.4951, 28.0029, 18.2622, 17.0896, 12.9861, 4.80243, 6.93543, 19.2768, 28.9739, 12.7692, 1.94267, 20.0032 ], 
          [ 29.4547, 29.7154, 10.1619, 26.5725, 18.221, 13.6536, 27.9309, 16.0038, 19.2886, 23.5644, 17.7342, 15.6688, 6.71193, 10.4275, 15.4565, 13.0842, 13.6187, 17.6643, 28.8581, 13.6588, 19.4639, 3.63729, 25.7941, 20.0001, 9.3616, 13.1817, 4.87551, 20.1468, 27.2075, 19.8442 ], 
          [ 18.9646, 1.75761, 19.6587, 9.13552, 10.4981, 4.78878, 3.21928, 4.37284, 20.1079, 9.14356, 17.2082, 5.74128, 13.6092, 28.5257, 29.5553, 13.7382, 5.96515, 4.59602, 24.0928, 18.8124, 3.77514, 17.8302, 3.3394, 21.4048, 2.58937, 18.6171, 18.771, 10.5808, 8.78985, 23.3899 ], 
          [ 24.4701, 4.22567, 14.8955, 1.86995, 23.1599, 20.3076, 12.4175, 15.5356, 26.3564, 28.2734, 18.8133, 4.95424, 7.39057, 7.77577, 22.6414, 8.56423, 3.04437, 24.7946, 10.3599, 5.55598, 1.995, 5.49412, 26.8021, 2.94193, 7.50948, 20.1848, 28.7733, 11.0975, 6.1407, 16.7752 ], 
          [ 24.2916, 23.2304, 28.3262, 28.7988, 8.75755, 16.0527, 26.1223, 29.8592, 11.5761, 1.0757, 4.13485, 8.85169, 20.5787, 17.5275, 20.9822, 1.2082, 12.0067, 28.765, 5.92138, 3.81876, 27.3015, 23.6361, 21.6226, 14.448, 28.2342, 25.4846, 22.6868, 9.9741, 14.5218, 20.4345 ], 
          [ 25.9076, 13.6169, 27.6507, 3.19226, 14.3981, 23.2911, 28.7581, 21.785, 18.5425, 25.2738, 25.3998, 28.1575, 29.1481, 13.9518, 2.61658, 25.8788, 7.73375, 9.02557, 6.89536, 13.3597, 8.38598, 10.0331, 26.8634, 13.0972, 9.97999, 26.4355, 26.7553, 26.4052, 12.4717, 21.0308 ], 
          [ 11.4708, 4.93058, 25.4821, 19.7058, 21.8099, 23.9745, 17.18, 23.0202, 5.75718, 19.0444, 12.6736, 19.3633, 4.99656, 3.94573, 3.24537, 28.9259, 17.3437, 24.6256, 15.2928, 13.8319, 26.3834, 2.86911, 9.77533, 22.3241, 25.6469, 21.7774, 15.1177, 12.9716, 16.5046, 8.85113 ], 
          [ 10.5015, 18.7553, 19.7882, 29.991, 27.7452, 17.7026, 27.5729, 20.6501, 29.6082, 19.5699, 3.64472, 10.878, 10.6776, 9.39626, 24.8923, 29.1028, 4.08547, 17.8965, 9.2729, 6.35385, 24.9463, 2.45184, 7.70607, 4.53034, 9.85838, 8.1097, 23.1657, 23.5251, 22.3652, 26.4476 ], 
          [ 18.2881, 16.9479, 18.0995, 29.2901, 28.7098, 2.03923, 17.6548, 11.5722, 11.8869, 9.04822, 8.39676, 3.63685, 17.9632, 15.7556, 4.43497, 17.6815, 15.2866, 11.6327, 8.49046, 5.85469, 28.9406, 26.6623, 6.86031, 13.7974, 16.1832, 15.2499, 21.0582, 18.5494, 16.4506, 9.48575 ], 
          [ 15.5008, 23.0477, 20.4687, 28.2061, 16.534, 10.4956, 20.7755, 22.9592, 26.4628, 17.1249, 19.1463, 4.25947, 14.436, 3.72364, 9.87593, 5.73636, 29.8082, 27.3354, 6.44141, 27.2211, 1.90281, 22.5999, 12.3834, 27.9304, 14.5683, 2.06922, 13.3215, 11.8766, 23.6283, 26.2432 ], 
          [ 13.8267, 26.5916, 15.9006, 5.44283, 12.7483, 25.4366, 11.0966, 9.68875, 22.0793, 15.1149, 7.21178, 19.0133, 15.9002, 8.12858, 12.3777, 12.9516, 22.7451, 8.15892, 8.09091, 18.1048, 12.9308, 4.58881, 1.53085, 4.04223, 8.69302, 20.4503, 24.3449, 29.0688, 12.4996, 23.5886 ], 
          [ 19.3955, 18.8653, 10.0213, 2.41647, 10.5611, 28.5917, 7.50541, 21.5696, 19.6065, 20.7816, 15.1823, 7.25235, 19.0243, 20.5623, 16.1543, 21.5416, 15.629, 9.38395, 16.44, 18.581, 26.018, 13.9198, 27.7685, 1.88781, 26.5781, 8.82717, 26.9536, 27.7594, 16.9978, 12.2692 ], 
          [ 19.7886, 11.4327, 12.2304, 25.1656, 24.665, 20.5173, 29.5051, 14.3058, 19.349, 10.1265, 24.1923, 11.9223, 23.3366, 13.6986, 8.6138, 19.5861, 1.52257, 24.163, 5.46909, 12.3156, 11.7485, 11.6114, 6.3696, 23.1821, 14.9559, 20.2588, 9.2714, 29.0915, 16.6709, 22.5527 ], 
          [ 5.10741, 27.5792, 24.1139, 20.1802, 16.6093, 11.7205, 11.4685, 2.9503, 11.2579, 9.06256, 13.2492, 3.29234, 1.97836, 26.346, 25.4633, 16.7813, 20.5169, 8.38982, 25.9803, 12.0485, 21.2485, 11.041, 16.0853, 14.8313, 16.8208, 18.2665, 14.669, 18.1792, 20.1722, 6.32514 ], 
          [ 5.18373, 18.155, 13.0743, 27.8208, 12.6141, 11.8184, 28.3746, 28.3414, 21.9922, 5.48791, 10.8858, 17.5562, 20.3264, 12.0254, 27.1846, 23.5614, 2.71487, 15.9025, 7.02996, 29.2206, 18.2907, 29.4215, 16.1752, 6.68019, 7.83598, 12.1734, 11.7633, 7.33281, 18.1767, 1.32779 ], 
          [ 29.5281, 17.542, 1.31331, 7.04038, 5.66517, 24.281, 4.0206, 22.8218, 4.9735, 16.8052, 3.96418, 12.4118, 13.6226, 7.4427, 7.32296, 9.30444, 25.9898, 10.7912, 13.8618, 14.4933, 13.2018, 3.37593, 27.5823, 7.76921, 1.22114, 5.75808, 12.8818, 27.0888, 18.8464, 5.46027 ], 
          [ 13.6515, 3.36805, 14.3499, 26.3414, 2.9541, 9.96175, 20.4969, 29.4351, 28.8159, 11.9674, 11.4356, 1.92368, 3.90387, 25.612, 14.9017, 27.1136, 4.82435, 4.81671, 9.01193, 25.0589, 20.9359, 5.33128, 13.3807, 19.5147, 16.1441, 2.68126, 18.4813, 6.25388, 16.5786, 26.5781 ], 
          [ 21.3142, 12.9099, 7.06935, 8.5539, 8.86134, 7.85045, 8.17572, 1.53319, 4.71713, 18.2969, 15.3253, 17.6096, 15.6118, 3.00989, 17.7533, 27.832, 2.01612, 26.4683, 18.5261, 2.52432, 25.3484, 25.5075, 15.1903, 17.6517, 8.99995, 8.72187, 27.7396, 5.56423, 27.282, 22.1616 ], 
          [ 7.51496, 12.8183, 21.7344, 15.8487, 15.7248, 17.0609, 29.4645, 8.67678, 2.10881, 21.0126, 6.11649, 21.7761, 22.3131, 16.0762, 10.617, 18.8661, 1.5119, 6.33014, 27.6288, 2.01072, 29.6565, 11.1375, 10.961, 3.07549, 6.93922, 28.1245, 15.9029, 4.00675, 5.94083, 28.3586 ], 
          [ 13.4445, 19.0354, 10.8461, 21.2652, 18.594, 6.83338, 5.03094, 21.52, 13.2847, 27.2185, 7.14689, 27.2143, 27.3035, 21.2164, 20.0989, 7.58365, 17.8891, 17.6168, 5.00719, 13.3638, 24.3705, 1.81466, 5.53157, 15.7207, 18.1237, 6.69851, 21.4482, 10.0767, 15.9527, 20.2293 ], 
          [ 13.5234, 26.5997, 22.3739, 27.7188, 6.86919, 9.58861, 14.7565, 12.4674, 3.69355, 25.6339, 6.24326, 24.4546, 22.9838, 2.86826, 27.8598, 18.7907, 23.7151, 4.21285, 25.0632, 18.0679, 1.64757, 3.25772, 14.5759, 11.983, 3.23775, 7.21998, 25.4494, 6.27487, 22.6635, 22.4379 ], 
          [ 5.73009, 24.7116, 20.3315, 24.9509, 10.0664, 20.4488, 17.6135, 19.0665, 4.02623, 16.8244, 15.6276, 14.8866, 19.0801, 28.8373, 21.6812, 2.39488, 16.8285, 21.4629, 3.96089, 21.9262, 2.27704, 22.2713, 5.35531, 15.3004, 23.2377, 9.804, 5.5082, 27.1222, 24.1869, 9.05335 ], 
          [ 8.15937, 26.6753, 4.89986, 26.5681, 18.2385, 13.9663, 8.89795, 27.2598, 13.4841, 1.4205, 7.73542, 1.14637, 19.9325, 26.4162, 10.5125, 1.77983, 11.2228, 21.3831, 27.1595, 12.9304, 27.7636, 13.0975, 29.9567, 21.9459, 1.41754, 24.1699, 10.6543, 15.391, 4.16401, 27.3999 ], 
          [ 8.08545, 26.7359, 21.6487, 28.8626, 19.1878, 8.68536, 6.00615, 28.8856, 6.79808, 23.2796, 18.9012, 11.6453, 17.2269, 13.4882, 27.528, 24.7479, 6.59131, 5.06663, 20.6065, 11.0708, 18.9747, 6.80189, 2.51223, 29.562, 26.4535, 17.8408, 17.1762, 6.67398, 14.7166, 15.4577 ], 
          [ 23.2652, 18.5137, 6.28772, 1.96379, 21.3147, 29.2963, 2.35801, 26.9814, 4.77515, 4.48162, 17.4749, 2.46862, 1.11839, 13.6264, 1.022, 16.2099, 28.4086, 27.6942, 3.77694, 2.79905, 5.16793, 3.45693, 1.30658, 15.0554, 27.0295, 12.3331, 22.8809, 28.9603, 23.3181, 8.38219 ], 
          [ 12.9468, 21.8098, 4.85791, 19.2806, 23.1773, 25.1769, 5.40372, 2.76419, 25.624, 23.2921, 22.7353, 27.9429, 26.3037, 28.3738, 8.33977, 14.4829, 26.4628, 4.72321, 10.1126, 5.59314, 12.9528, 25.8811, 29.618, 7.43504, 6.71114, 22.7769, 17.7338, 12.605, 15.6869, 19.6972 ]
        ], 
        [
          [ 18.3562, 24.9383, 5.83402, 11.882, 9.90809, 19.7066, 7.44393, 9.46117, 14.2773, 26.7804, 14.7937, 6.40241, 5.36879, 21.4422, 10.0721, 22.2212, 2.19826, 5.93228, 7.02571, 27.1255, 4.01968, 24.8223, 28.7682, 3.821, 26.9395, 11.985, 24.8142, 13.8002, 17.1198, 15.5292 ], 
          [ 7.56514, 2.21295, 18.0422, 22.185, 23.1877, 27.6541, 26.4117, 17.7481, 9.13248, 20.1761, 8.9035, 13.9515, 11.0956, 5.55769, 28.5878, 27.5679, 15.0917, 14.7616, 8.87438, 3.31917, 1.06084, 19.9888, 15.0236, 29.6396, 3.85372, 17.1644, 4.76718, 27.4965, 7.01702, 20.5837 ], 
          [ 9.34973, 29.2447, 9.07334, 25.7898, 11.1938, 6.26494, 14.5631, 23.3345, 28.8184, 9.05281, 5.40391, 8.37057, 28.1908, 6.0329, 13.3555, 1.60817, 3.87899, 20.9049, 13.4902, 28.9982, 1.6089, 10.9862, 22.9361, 6.64916, 23.458, 27.1737, 20.2338, 21.2395, 10.9025, 18.4118 ], 
          [ 5.12765, 20.097, 4.25838, 13.3847, 21.1996, 24.4395, 19.3737, 4.6516, 29.9265, 9.66261, 13.6418, 24.2398, 10.5978, 19.7712, 19.8759, 11.669, 2.90008, 13.6653, 11.0386, 5.2974, 20.8353, 28.9032, 24.0366, 7.02455, 29.1739, 27.1406, 21.9648, 11.2538, 3.65005, 24.7479 ], 
          [ 12.5069, 22.94, 14.1752, 11.1293, 29.3319, 1.80823, 25.8942, 5.99377, 26.1384, 12.9493, 29.557, 21.6554, 27.2176, 20.9586, 5.07829, 20.9883, 23.2178, 23.4959, 23.1875, 23.7405, 24.3094, 18.8634, 3.86394, 20.0461, 29.8431, 9.68602, 29.5821, 8.85456, 13.5531, 10.181 ], 
          [ 25.3361, 17.0053, 3.47461, 15.9135, 10.296, 28.4909, 1.27256, 5.02079, 27.7381, 4.06357, 5.01354, 26.6884, 10.6068, 28.1231, 29.3169, 28.4926, 6.87282, 22.2879, 17.8877, 18.6407, 1.47058, 13.9768, 6.10825, 13.2189, 3.68833, 4.85417, 28.0944, 25.9458, 5.00176, 11.5081 ], 
          [ 6.73073, 18.8493, 18.6762, 14.1406, 28.3117, 6.33197, 5.14449, 16.2953, 19.0665, 1.33559, 28.8736, 4.21804, 15.9311, 28.2394, 8.053, 1.58196, 2.80941, 11.6511, 28.8747, 19.2024, 23.3607, 13.8386, 7.77718, 26.1332, 21.1788, 20.6607, 2.07417, 15.9079, 28.1146, 12.7449 ], 
          [ 14.5944, 8.47643, 9.08163, 22.2174, 4.19018, 21.0625, 1.94899, 6.22283, 3.68958, 8.98269, 9.82723, 23.0731, 14.5026, 29.4724, 5.74276, 20.3959, 8.93427, 4.4698, 7.9389, 17.6468, 8.97805, 29.5707, 24.6458, 9.04071, 4.51293, 1.44663, 14.2279, 2.82914, 10.9169, 26.051 ], 
          [ 24.0815, 26.706, 18.2957, 4.37779, 5.69241, 14.9336, 5.59202, 18.3922, 19.1437, 24.243, 11.3333, 20.7979, 25.0174, 7.14807, 26.3398, 1.72643, 13.6849, 24.0722, 13.7465, 7.36039, 29.1734, 28.5763, 16.3802, 7.44173, 16.4392, 25.9927, 3.23049, 8.95709, 22.2911, 22.9783 ], 
          [ 28.7389, 10.2884, 27.8728, 2.94628, 28.1878, 3.96954, 1.27233, 9.81041, 18.3938, 18.148, 7.12348, 2.30952, 4.95036, 4.59084, 1.38272, 18.9363, 8.3347, 28.6225, 8.22744, 6.94031, 6.15214, 13.9192, 8.22331, 1.50783, 22.9734, 13.6654, 8.09407, 1.44638, 23.039, 7.94596 ], 
          [ 4.41769, 27.2125, 21.7602, 1.52805, 19.0037, 17.1892, 20.2041, 16.7409, 26.2176, 6.89466, 19.8072, 4.66859, 27.8766, 24.3817, 17.0471, 18.6651, 19.1542, 7.64013, 27.452, 9.6492, 25.6351, 13.4561, 1.78107, 26.1855, 6.96269, 9.6772, 12.8175, 15.566, 1.85728, 18.521 ], 
          [ 5.80522, 23.9624, 28.9021, 10.9165, 25.491, 14.5245, 25.787, 3.87724, 29.0117, 9.87705, 24.2831, 3.81086, 26.5108, 11.5971, 11.9585, 4.31669, 18.473, 8.28955, 9.49781, 9.51368, 29.3408, 28.2822, 13.0932, 11.3332, 12.5799, 28.6238, 25.0643, 1.25468, 22.3538, 22.7223 ], 
          [ 25.4347, 19.1951, 21.4093, 6.24325, 14.5176, 19.6493, 29.8832, 28.7497, 15.3759, 19.2303, 14.5908, 7.88584, 23.3151, 6.19359, 5.5859, 1.43181, 16.118, 21.9929, 8.80593, 21.5062, 14.6041, 8.89934, 7.56194, 14.3719, 22.4937, 2.90965, 10.4113, 15.0932, 14.8362, 15.8711 ], 
          [ 16.4078, 26.2545, 18.7721, 18.1428, 19.778, 27.3561, 22.1846, 27.5163, 26.5542, 3.11195, 20.021, 11.4114, 11.7016, 26.9837, 8.3883, 6.13777, 12.5692, 20.1083, 2.66403, 12.5417, 18.1514, 7.23765, 15.2692, 7.08552, 29.1034, 15.5387, 1.74666, 27.1807, 12.5583, 25.3932 ], 
          [ 9.81156, 10.0969, 25.1295, 17.9589, 4.27313, 9.85259, 16.3513, 5.17175, 8.16708, 5.74942, 6.22393, 6.39374, 2.61621, 18.1831, 10.6056, 8.41327, 25.1953, 12.2469, 29.6768, 20.9331, 13.9988, 6.41175, 7.53949, 16.0983, 19.5929, 14.8421, 15.8819, 21.9379, 12.8625, 22.9456 ], 
          [ 13.3331, 15.4334, 6.50412, 18.2528, 7.58807, 10.6099, 20.8691, 27.9601, 27.6985, 14.4683, 11.0555, 10.0112, 8.33245, 11.4183, 18.9424, 18.0641, 26.3157, 25.4066, 12.5678, 25.0022, 11.8346, 14.9456, 7.01274, 24.6617, 28.8924, 11.7582, 28.6897, 22.395, 5.72456, 26.9589 ], 
          [ 23.0354, 23.8883, 27.3723, 12.3471, 23.6908, 2.1958, 1.71121, 25.4863, 20.9853, 12.4512, 18.6547, 18.4206, 1.8768, 16.8014, 10.0928, 25.442, 11.8083, 7.3009, 29.636, 18.1478, 13.6358, 28.9461, 17.0933, 23.6888, 19.375, 19.1952, 14.9731, 16.2768, 4.09066, 12.9519 ], 
          [ 3.12441, 7.49907, 13.6317, 7.48414, 18.0627, 11.0172, 14.349, 21.2461, 28.5327, 16.2209, 2.37248, 8.04283, 28.3145, 27.4155, 9.08434, 5.82078, 11.1698, 1.9966, 2.16607, 24.6459, 20.2007, 21.9989, 19.9069, 19.6511, 15.5333, 2.67778, 28.8393, 23.1868, 12.9847, 7.19625 ], 
          [ 5.67799, 10.0266, 20.1164, 6.74248, 24.9898, 19.7301, 4.83471, 2.11857, 12.6924, 22.4838, 11.0248, 20.0563, 17.3911, 16.4747, 10.463, 2.14389, 13.5953, 26.1283, 27.4553, 12.6009, 14.6732, 29.6625, 28.3408, 4.46189, 19.1716, 17.0497, 8.81993, 28.5392, 22.8471, 27.0758 ], 
          [ 26.4166, 20.6013, 10.5634, 10.7641, 10.8919, 25.2246, 2.80211, 2.92233, 7.62244, 5.94156, 20.8878, 7.78565, 21.3998, 14.9238, 2.93204, 23.6366, 9.64943, 7.8949, 4.32973, 9.58282, 21.0632, 17.1199, 16.44, 19.9563, 26.5097, 4.82699, 29.8826, 22.6441, 29.8708, 2.78197 ], 
          [ 18.6978, 17.9555, 28.7302, 20.91, 28.2436, 19.461, 15.6667, 25.0367, 17.1116, 2.96516, 28.9443, 20.2724, 6.84973, 14.9106, 24.3971, 14.5007, 10.4007, 23.2168, 15.3435, 15.2349, 27.777, 4.13773, 21.5541, 16.3597, 19.9965, 6.7807, 21.6552, 21.5151, 16.0442, 11.1532 ], 
          [ 25.8766, 12.4285, 23.312, 7.49209, 28.7142, 18.7207, 24.2822, 18.087, 21.4753, 29.8924, 29.2892, 20.7724, 8.9132, 5.87886, 2.56436, 12.6162, 22.7504, 24.0446, 8.57009, 9.22387, 21.5122, 9.11673, 27.9166, 11.8916, 20.179, 15.5588, 13.7827, 22.8387, 20.4607, 10.5304 ], 
          [ 4.6583, 17.558, 6.39927, 15.5266, 23.7087, 21.9193, 18.528, 3.83931, 29.4155, 16.1198, 27.1687, 27.3276, 5.9819, 27.0337, 26.0789, 20.2147, 25.6755, 20.1509, 29.5112, 4.44791, 19.2435, 5.27528, 8.32773, 28.4566, 7.09934, 21.4947, 3.01906, 22.5664, 7.41748, 21.889 ], 
          [ 2.06355, 15.1823, 3.3225, 22.2845, 19.3664, 3.75797, 22.85, 14.3614, 26.0345, 13.9215, 26.7574, 3.71698, 12.0498, 18.7249, 3.39448, 21.7915, 2.59786, 14.5586, 1.81691, 26.6864, 10.0093, 14.4706, 23.8953, 20.9722, 14.6048, 24.1655, 6.54053, 16.0163, 11.639, 10.6044 ], 
          [ 17.825, 16.3114, 17.4242, 12.7724, 24.7801, 25.7215, 18.9786, 14.7869, 9.07153, 26.5604, 1.64803, 26.367, 8.70144, 22.7772, 11.5772, 6.1239, 21.8162, 18.2724, 25.0658, 5.09311, 27.8713, 21.6833, 13.7151, 21.9289, 24.5861, 23.1214, 1.77579, 25.336, 19.4754, 7.38632 ], 
          [ 13.3651, 5.37839, 12.1058, 13.4481, 26.0614, 1.99289, 21.9093, 20.0226, 28.7937, 19.108, 6.40646, 3.22827, 20.0118, 18.8739, 3.28592, 9.39038, 27.1485, 26.3642, 20.0197, 14.404, 21.0749, 20.8518, 24.7873, 6.21679, 18.253, 11.1026, 6.85666, 24.3185, 15.8813, 16.6288 ], 
          [ 11.896, 3.75458, 15.3888, 28.0441, 18.1757, 24.9267, 7.14506, 29.1996, 18.2429, 17.6727, 17.751, 13.2286, 10.1329, 6.39426, 29.7361, 1.34468, 28.2755, 1.38572, 27.7825, 3.28733, 12.1918, 11.4109, 4.64175, 14.3876, 19.4803, 23.786, 28.4436, 24.8479, 3.27304, 22.1488 ], 
          [ 28.9096, 26.9199, 12.4708, 9.9501, 23.3047, 13.482, 20.481, 1.33918, 18.7008, 24.5954, 18.5101, 27.1487, 10.8919, 27.2711, 21.5546, 20.5067, 4.4304, 5.70806, 22.4323, 16.716, 24.9022, 18.2109, 15.9809, 26.7388, 14.733, 6.7425, 17.6173, 24.4825, 17.8724, 23.8362 ], 
          [ 10.1582, 8.77398, 5.43242, 20.6371, 20.1349, 7.73539, 16.2741, 21.6457, 22.4649, 6.29683, 19.4861, 27.068, 7.05019, 10.1286, 18.3137, 17.2532, 28.3947, 1.33973, 27.3419, 25.2572, 3.58537, 16.106, 15.2962, 27.235, 8.05031, 11.3418, 16.5018, 15.8005, 10.178, 12.6853 ], 
          [ 20.5906, 18.2896, 3.58839, 8.43375, 26.9926, 18.3439, 10.0807, 25.4482, 5.39669, 5.74337, 17.7085, 11.1324, 23.3416, 17.5442, 28.3184, 7.95725, 24.4055, 14.5543, 12.0427, 29.1527, 27.3966, 27.3101, 22.8871, 26.9275, 25.5497, 16.7564, 1.40234, 11.1334, 27.3574, 27.5968 ], 
          [ 21.0194, 7.36808, 28.0717, 6.37558, 5.50525, 24.3123, 28.7591, 14.6691, 19.4529, 20.1038, 14.2777, 10.0971, 21.5999, 15.3559, 15.2499, 17.1475, 2.90094, 27.9165, 14.3072, 9.2706, 14.3759, 25.3017, 22.969, 25.2374, 18.122, 21.3451, 10.2293, 12.2872, 28.2697, 20.2947 ], 
          [ 1.83016, 19.1898, 19.7796, 28.855, 17.2805, 29.3763, 15.7161, 25.9489, 26.4294, 25.5922, 16.1811, 10.3342, 1.23554, 18.0375, 22.605, 25.7008, 20.2827, 12.5074, 4.85983, 27.6397, 26.0941, 8.26186, 27.0084, 14.8208, 26.2889, 28.1629, 22.931, 25.1531, 12.5467, 11.9947 ], 
          [ 12.3626, 1.48, 3.87642, 14.2208, 24.424, 19.79, 15.4134, 21.2493, 22.8246, 27.201, 11.7727, 26.8983, 17.3375, 9.43961, 18.6143, 26.9243, 14.3175, 6.53337, 13.2875, 29.5965, 3.74918, 1.61035, 14.9362, 11.8525, 22.2991, 19.4846, 12.1641, 17.2218, 10.2784, 21.3555 ], 
          [ 19.081, 12.0566, 2.66248, 26.4817, 12.9428, 25.7982, 8.54679, 8.1175, 4.35537, 25.8868, 27.1076, 19.5783, 13.4594, 5.79683, 27.5411, 18.7044, 22.6959, 5.68746, 7.25253, 22.3228, 17.3963, 9.60966, 23.4259, 11.0916, 12.6005, 21.3541, 8.27669, 17.227, 26.4887, 18.1925 ], 
          [ 26.5325, 4.33097, 18.0149, 12.5011, 29.6395, 12.8844, 21.7341, 15.4193, 28.658, 16.4924, 11.0099, 8.02876, 21.7005, 19.7055, 24.8115, 25.4044, 4.03062, 10.1601, 24.1481, 14.2689, 7.79898, 23.6026, 6.76588, 6.22586, 1.25799, 20.2517, 18.6705, 16.5049, 12.627, 22.7287 ], 
          [ 22.9059, 28.6373, 26.3574, 26.987, 18.0883, 15.9028, 2.38099, 14.8938, 9.291, 4.82096, 9.21747, 20.5439, 15.3465, 9.56756, 12.6984, 29.2812, 28.4644, 5.59307, 24.226, 24.9385, 29.3803, 28.3505, 21.5301, 23.3583, 23.8581, 10.2774, 8.37055, 15.6639, 1.72153, 15.109 ], 
          [ 25.8702, 2.50564, 3.64224, 9.20691, 11.76, 9.58095, 25.7699, 16.1126, 6.31491, 23.0732, 29.2604, 18.2603, 23.7521, 26.5961, 1.84767, 24.0782, 22.8572, 28.7453, 4.76603, 16.8564, 12.2339, 8.12011, 13.624, 17.7173, 2.80694, 18.6924, 20.9676, 11.2838, 9.28915, 4.11559 ], 
          [ 12.2062, 5.59066, 14.0431, 24.3719, 13.1579, 26.9593, 24.6078, 17.3966, 6.54278, 10.751, 24.0657, 27.4786, 1.10417, 19.8486, 12.9299, 12.0114, 4.16834, 29.6203, 17.6342, 1.91524, 12.3104, 26.2527, 8.08896, 14.8557, 16.0964, 9.88766, 4.36371, 1.28558, 25.9824, 24.4565 ], 
          [ 4.38402, 26.325, 27.7587, 15.4941, 26.351, 28.0198, 26.503, 24.431, 23.1047, 9.79409, 16.138, 14.6602, 17.8368, 7.79224, 4.90545, 10.1855, 3.09509, 16.7633, 16.7022, 25.7735, 6.42871, 23.0966, 5.69482, 24.4261, 6.80654, 24.2758, 8.62314, 20.6936, 26.4474, 5.95512 ], 
          [ 15.5042, 6.83486, 12.2812, 5.44286, 16.0032, 3.87552, 7.45814, 13.4281, 23.4317, 25.7375, 23.3996, 16.811, 27.015, 26.0872, 12.7615, 9.5397, 2.61677, 24.3549, 20.942, 21.8435, 22.9433, 28.4654, 10.4698, 16.4759, 18.2654, 20.8486, 11.9876, 19.8068, 16.8623, 18.4687 ], 
          [ 4.24402, 7.82193, 27.5145, 20.6173, 4.78062, 24.2609, 25.3788, 12.0041, 22.8774, 1.39366, 20.8678, 10.0546, 7.4403, 27.7675, 26.9573, 22.4481, 25.7697, 17.6157, 13.8429, 3.98043, 17.2484, 19.8348, 14.0633, 29.7957, 8.79171, 4.37732, 1.19255, 25.798, 27.743, 10.0319 ], 
          [ 22.1407, 5.35991, 13.6983, 9.51436, 16.4434, 1.15434, 1.93151, 11.6089, 27.5969, 13.4946, 25.7803, 8.67732, 3.29215, 20.5042, 23.5859, 13.3781, 5.43363, 23.5264, 22.0787, 15.0763, 12.3341, 2.75907, 11.9937, 15.5932, 6.81117, 1.75094, 14.9645, 4.33202, 11.6692, 20.4737 ], 
          [ 14.6815, 11.0376, 13.7078, 28.1202, 19.3006, 7.03608, 11.8496, 17.6087, 3.52326, 15.5188, 23.017, 27.6817, 1.39881, 8.28947, 21.6782, 20.9221, 17.2426, 22.0193, 17.2808, 18.9777, 10.7349, 9.70393, 22.08, 3.0185, 7.2486, 9.07261, 2.96063, 10.4448, 17.9028, 16.8987 ], 
          [ 16.7158, 6.48678, 16.0886, 28.0176, 14.4888, 19.9385, 2.48548, 22.7588, 17.4877, 8.36042, 7.28854, 3.75903, 25.6049, 22.775, 25.8677, 29.0544, 14.8237, 14.4454, 21.8168, 21.6112, 14.95, 8.41585, 12.4082, 29.5396, 8.50732, 11.2189, 26.4348, 29.5797, 29.496, 20.5274 ], 
          [ 3.97182, 9.13368, 21.7654, 4.43945, 6.29465, 13.5689, 19.7191, 29.8276, 17.7161, 27.8944, 7.37241, 4.83451, 16.8198, 13.7926, 28.3146, 27.4446, 2.0144, 23.2166, 9.93307, 17.4034, 16.5621, 7.46348, 24.466, 18.395, 25.9804, 3.34448, 14.9043, 1.26522, 4.83376, 14.6511 ], 
          [ 21.4123, 7.44567, 15.4035, 10.8211, 23.3109, 22.5356, 15.2871, 16.8774, 11.7982, 21.6771, 3.776, 7.62168, 23.9898, 28.0394, 23.0744, 4.61652, 9.41705, 29.2208, 11.4255, 27.0832, 25.1106, 8.99901, 17.0416, 1.88938, 14.5477, 27.4993, 28.0498, 9.74349, 7.39789, 22.7476 ], 
          [ 15.5787, 13.0767, 28.3588, 16.9291, 8.76593, 29.0931, 6.55003, 25.6884, 25.8604, 13.8249, 5.94607, 16.389, 18.5375, 11.3696, 7.12306, 16.3783, 17.8635, 14.9438, 4.94664, 23.6238, 2.72981, 7.72226, 1.44113, 26.7597, 15.3567, 18.9907, 28.3409, 12.0095, 10.8908, 27.263 ], 
          [ 14.0843, 24.3307, 8.56259, 11.8253, 25.8961, 13.6725, 12.5418, 19.4297, 20.7955, 27.1855, 29.8351, 17.3064, 3.21817, 29.4494, 12.3629, 20.4697, 8.32565, 20.8703, 23.0034, 19.0415, 2.30892, 6.83136, 6.01547, 9.51947, 29.8369, 1.17672, 1.58663, 26.8, 4.14868, 6.72045 ], 
          [ 15.3081, 14.3507, 3.62134, 29.3444, 23.8544, 10.4987, 17.1937, 2.40189, 4.32054, 1.15194, 17.4983, 17.2296, 18.9768, 26.2003, 12.2636, 6.49085, 10.0628, 3.82879, 15.9951, 19.6249, 29.5252, 28.306, 14.2906, 7.32024, 26.1546, 10.6857, 23.9269, 14.5555, 19.7545, 14.7223 ], 
          [ 15.375, 9.20647, 13.3572, 17.589, 4.31742, 2.37513, 17.5428, 29.6091, 18.6135, 26.49, 9.92927, 11.0703, 7.52602, 7.57796, 17.5682, 12.1938, 10.7647, 24.8789, 26.0591, 24.7236, 23.445, 2.68498, 3.67115, 22.3156, 8.50521, 19.1785, 1.99888, 2.27214, 1.13537, 26.1599 ], 
          [ 21.6436, 11.1801, 5.92522, 2.33576, 3.25314, 18.2238, 1.87262, 17.3761, 4.50872, 25.9775, 27.3928, 11.9626, 3.91888, 18.701, 24.6182, 28.6415, 17.9676, 13.0728, 9.06151, 6.54359, 18.8753, 23.6744, 2.85281, 26.3856, 26.1803, 8.04275, 1.33102, 10.6517, 12.4662, 28.9924 ], 
          [ 29.1004, 25.1405, 27.1913, 7.19688, 6.88045, 19.6095, 21.2475, 15.5623, 29.5718, 19.7761, 4.47885, 24.6103, 24.0416, 19.8401, 26.8293, 29.9524, 7.86351, 23.0195, 21.8442, 13.3661, 20.0216, 24.845, 18.4729, 7.49393, 9.54559, 9.06299, 6.26532, 21.1703, 28.8413, 20.4633 ], 
          [ 23.3669, 19.2744, 7.60394, 3.6541, 21.4082, 20.6426, 2.89217, 23.9809, 15.2517, 12.2656, 7.43672, 14.7907, 13.2083, 13.2625, 28.937, 23.275, 18.9566, 28.4456, 3.58657, 2.7091, 28.034, 25.4207, 25.1218, 29.8894, 3.10822, 5.34763, 26.1578, 11.5027, 1.83613, 22.1834 ], 
          [ 20.3434, 9.58273, 18.8469, 29.1084, 5.37516, 17.8756, 13.673, 9.67922, 25.1563, 16.4164, 9.80887, 18.2493, 15.28, 18.8958, 19.2977, 19.5499, 22.8703, 19.799, 4.54708, 3.23077, 27.8507, 24.3927, 18.4435, 22.8269, 1.41588, 21.1596, 23.364, 21.5029, 24.2147, 28.9014 ], 
          [ 4.5749, 16.8956, 7.61374, 22.7663, 3.58855, 25.6154, 18.5384, 17.2913, 1.59916, 21.5789, 7.57284, 20.713, 19.1051, 13.0384, 2.93186, 20.993, 7.4387, 9.80552, 19.0115, 23.5688, 22.8912, 19.0973, 17.4974, 17.7179, 7.99088, 24.3813, 11.5785, 5.97341, 2.14756, 13.4393 ], 
          [ 28.5503, 11.8926, 7.9839, 1.48931, 2.23794, 22.7885, 28.3654, 14.4331, 11.1782, 29.5942, 11.0201, 4.99484, 28.903, 8.32633, 18.3181, 3.31802, 13.2277, 25.7144, 5.97908, 5.79957, 4.97132, 20.8703, 16.5173, 27.8812, 26.2113, 5.40663, 9.53017, 24.2679, 25.9175, 12.5114 ], 
          [ 25.713, 4.20086, 1.91333, 6.48591, 24.9065, 25.8243, 11.4424, 23.0847, 21.5973, 28.6175, 26.8965, 9.66166, 9.48994, 22.4845, 16.7759, 2.68717, 3.30452, 26.0382, 7.73296, 29.6945, 6.12636, 6.91892, 3.74001, 8.74994, 8.33513, 29.5399, 7.1124, 19.7448, 16.99, 4.84547 ], 
          [ 28.4616, 23.0092, 26.5826, 16.6394, 13.6041, 5.98166, 27.8981, 4.6211, 8.06707, 4.22526, 10.8384, 7.98495, 8.8399, 27.4396, 20.7243, 28.8793, 29.0141, 14.0237, 25.325, 1.84819, 13.4249, 17.3894, 29.307, 3.54182, 28.0753, 22.2691, 18.4566, 1.63572, 21.1296, 16.2635 ], 
          [ 22.1347, 27.158, 21.1907, 27.772, 28.5518, 1.30361, 22.979, 19.4746, 17.1912, 2.23304, 28.3447, 14.4372, 2.49084, 10.3847, 18.5128, 4.48901, 22.5089, 7.48519, 6.83922, 6.95766, 23.3125, 17.1265, 3.23598, 27.3856, 9.00712, 26.0386, 29.3109, 7.94818, 15.4241, 3.38006 ], 
          [ 10.0918, 22.4141, 6.40317, 8.41923, 4.28357, 8.84181, 22.2838, 14.6823, 19.8984, 13.8225, 1.34674, 8.2579, 23.237, 27.4178, 2.07555, 3.00286, 23.7106, 1.32377, 9.01236, 6.63127, 27.9112, 13.1448, 6.43672, 23.1, 2.44797, 15.7605, 25.6616, 1.01202, 19.3573, 6.4725 ], 
          [ 11.3061, 24.2335, 5.61266, 25.1662, 26.0742, 2.26037, 3.70271, 2.49021, 18.8825, 4.58791, 18.074, 1.79824, 29.5306, 9.46204, 18.7929, 29.6623, 18.0781, 16.4882, 13.1168, 2.9028, 20.5391, 22.0413, 17.4545, 4.39437, 19.6009, 3.35179, 29.5387, 28.5521, 6.92911, 6.63709 ], 
          [ 14.8771, 25.0292, 26.3598, 27.5158, 24.1507, 4.92269, 25.4271, 23.5863, 13.1916, 2.64602, 21.859, 4.27586, 15.6278, 23.894, 3.62725, 13.7948, 15.2595, 13.2631, 20.636, 26.5213, 2.70409, 17.9753, 11.5474, 1.70149, 15.8013, 8.47133, 23.1459, 9.89816, 1.49785, 8.57461 ], 
          [ 14.4707, 15.4896, 4.50958, 14.1162, 7.93368, 24.6778, 23.234, 6.94639, 16.9501, 8.55613, 24.9016, 11.4303, 12.1751, 5.45625, 10.1831, 19.4729, 3.38747, 14.0372, 6.80935, 3.15655, 5.36456, 10.3317, 1.28265, 12.4744, 16.8845, 25.7302, 6.90553, 6.25442, 28.9336, 24.5669 ], 
          [ 26.5911, 28.2267, 16.6976, 15.5744, 19.9216, 14.5223, 12.5681, 10.7383, 7.77245, 29.8734, 13.3759, 9.82624, 18.8912, 6.23109, 21.448, 15.0223, 21.9886, 15.9029, 25.3975, 3.01665, 25.1273, 24.1612, 10.7138, 24.3203, 8.53014, 1.83905, 27.1251, 11.4463, 2.19492, 23.4342 ], 
          [ 25.196, 5.34578, 12.7187, 9.01983, 15.5698, 7.77753, 9.82281, 27.3642, 18.0042, 11.6294, 1.30595, 16.569, 27.2874, 3.85027, 26.8167, 12.2968, 8.05922, 1.46878, 1.34324, 15.4163, 3.13736, 22.9034, 24.3909, 22.928, 10.6081, 12.7196, 12.6574, 28.0306, 11.3182, 16.8503 ], 
          [ 3.15036, 6.79768, 12.8833, 21.9835, 23.8893, 26.026, 27.5895, 6.23436, 20.9135, 16.1575, 26.3347, 20.4318, 5.72127, 10.1894, 21.5306, 2.36519, 9.16034, 6.2616, 5.72579, 22.9393, 4.24583, 14.0709, 27.6062, 8.55587, 10.3415, 25.5502, 17.3048, 29.9481, 13.7051, 23.4843 ], 
          [ 18.1593, 9.02538, 1.20825, 18.4965, 19.9654, 18.1762, 19.2066, 13.1158, 1.28096, 6.72812, 25.0759, 29.7256, 22.1096, 2.94679, 26.0355, 3.72582, 16.7003, 25.4364, 24.1704, 21.5695, 15.2293, 15.1651, 17.4937, 19.5275, 1.26468, 1.67009, 21.2384, 12.3405, 20.8907, 29.8046 ], 
          [ 17.0346, 13.1781, 20.7471, 4.64386, 11.3965, 2.08342, 8.58606, 12.8592, 6.42289, 2.34363, 14.9134, 9.83844, 11.9, 13.2393, 4.13116, 18.7233, 23.866, 24.3108, 16.9631, 15.152, 13.3026, 23.7931, 15.1782, 24.7673, 12.6832, 28.8123, 23.4202, 2.78856, 4.87417, 6.49034 ], 
          [ 1.83449, 20.9012, 9.24645, 14.5235, 19.5949, 24.1683, 15.1824, 21.5674, 12.5616, 17.0426, 6.86227, 9.14517, 3.01056, 24.0095, 1.50471, 28.2833, 10.4161, 29.0652, 27.1167, 18.2454, 8.29363, 13.409, 17.6594, 3.83225, 27.0787, 14.5478, 21.3652, 28.0049, 15.7609, 9.68329 ], 
          [ 3.63533, 18.3476, 27.6469, 15.1865, 15.1079, 20.3747, 4.94749, 26.7287, 29.3913, 5.12655, 14.0672, 22.7283, 7.72161, 10.2364, 18.1302, 12.4222, 18.4267, 15.2747, 24.254, 27.7666, 22.5378, 21.9138, 4.66973, 12.0213, 14.219, 16.1285, 29.9458, 9.89052, 18.8804, 21.7688 ]
        ]
      ];
r = [
        [73390.6,74091.2,53419.7,68908.1,54994.7,61351.3,63476.8,67379.2,67354.3,52156.2,62741.7,57555.9,72877.5,67222.2,76668,59727.6,54757.1,74624.5,55581.4,72370.7,61224.8,75805.6,75724.1,78409.6,51625.3,74527.7,60919,65090.8,58106.4,56356.7 ], 
        [77329.7,76690.1,73793.5,58369.7,69676.8,79871.6,80799.1,67750.1,79982.8,52839.9,64068.2,57106.8,52076.4,69223.3,77390.3,64146.7,57813.3,66454.4,68796.7,60068.8,62282.8,76907.4,59189.6,61582.8,62964.7,61088.5,53015.9,52984.4,77588.9,66995.9 ]
     ];
d = [
        [64168.8,16454.3,42552.8,16311.1,23083.3,89962.6,29368.6,87907.8,35253.3,82629.7,82056.1,73266.2,33269.4,1199.91,58528.7,8547.46,13104.8,74702.3,18050.9,31382.3,77954.9,83474.7,34732.1,68598.4,23632.3,71230.2,52512.3,15618.2,11187.3,77604.3,31610.6,1852.17,64171.4,87780.5,57581.5,12880.4,43483.5,18343.8,17563.2,24270,19240.6,86155.7,40124.6,27723.8,34357.3,19132.5,11541.8,1052.25,85362.7,38801.1,22846.8,45220.8,68487.7,43058.3,7239.5,43627.4,89674.8,68866,3145.57,20538.8,21794.1,44642.9,29526.7,44040.8,2630.02,86800.7,40449.7,75890.8,11828,9049.26 ], 
        [47653.4,81369,43971.6,76919.3,84906,84873.5,37364.2,43114.9,48887.3,75470.2,64016.8,44217.6,2247.16,51418.5,59021.8,65723.6,62232.8,20208,60754.8,41853.5,37843.6,5826.69,6707.57,42455.9,62958.8,8715.57,7976.84,16809.2,63734.5,38590.1,48346.2,63511.9,64169.7,31878.6,7079.05,2432.14,46740.5,70296.2,12580.8,52180.5,81082.1,34930.1,83619.1,3154.43,19498.7,28469.9,87428,29539,66408.7,77538.8,53295.6,27254.7,86442.1,12658.7,7503.28,56245.5,13227.8,26131.3,75779.4,25384.8,34312.2,35677,22380.8,57666.1,48129.6,27073.4,5744.93,64077,26827.2,89172.7 ]
     ];
