/***************************************
* STOCHASTIC OPTIMITZATION
* OPL S2FVPP Data Generator
* by Jordi Mateo Fornes
* Model = S2FVPP; Stochastic (2S) MIP 0-1;
* Representation = Compact Representation;
****************************************/
I = 50;
P = 30;
C = 70;
G = 2;
p = [ 0.02, 0.02 ];
pc = 0.04;
ORCHARDS = { 1, 2, 3, 4, 5, 6, 7, 8, 9, 10, 11, 12, 13, 14, 15, 16, 17, 18, 19, 20, 21, 22, 23, 24, 25, 26, 27, 28, 29, 30 };
CUSTOMERS = { c1, c2, c3, c4, c5, c6, c7, c8, c9, c10, c11, c12, c13, c14, c15, c16, c17, c18, c19, c20, c21, c22, c23, c24, c25, c26, c27, c28, c29, c30, c31, c32, c33, c34, c35, c36, c37, c38, c39, c40, c41, c42, c43, c44, c45, c46, c47, c48, c49, c50, c51, c52, c53, c54, c55, c56, c57, c58, c59, c60, c61, c62, c63, c64, c65, c66, c67, c68, c69, c70 };
CGV = [ 15.075, 14.9031, 26.9731, 25.9945, 4.71777, 23.0418, 25.8037, 22.8487, 8.7723, 8.88741, 16.2434, 25.0695, 4.24681, 1.94114, 24.7818, 26.1864, 8.2733, 6.31399, 14.411, 16.6397, 6.97935, 11.36, 2.25969, 2.90389, 12.3891, 17.1504, 1.95159, 9.44976, 26.7828, 23.7265 ]; 
s = [ 0.175501, 0.126414, 2.3974, 0.976897, 0.389485, 0.254069, 0.785552, 1.7604, 2.9087, 1.72036, 2.5746, 0.21623, 2.37649, 2.55237, 1.68782, 0.161135, 0.617743, 1.34921, 2.79438, 1.77381, 1.9295, 0.415973, 2.55923, 1.6271, 2.98831, 1.48429, 2.59465, 2.61128, 1.89025, 29.9982 ]; 
CSV = [
        [
          [ 16.3156, 6.28748, 26.915, 12.096, 26.0972, 12.2893, 9.37525, 24.9098, 28.5991, 5.83651, 22.4269, 13.4289, 22.7782, 23.0906, 6.70178, 1.05966, 28.2203, 25.797, 18.6289, 3.90811, 10.4032, 28.8031, 14.5358, 7.54817, 10.9142, 8.11623, 13.3942, 17.6236, 14.895, 2.99983 ], 
          [ 27.6136, 21.894, 2.26062, 19.8049, 29.6672, 16.79, 6.39282, 25.4786, 24.2942, 24.4109, 3.66704, 25.9584, 3.87738, 23.4772, 5.04915, 1.22539, 6.22578, 8.93338, 19.0072, 18.8837, 7.64325, 18.2367, 24.4626, 16.9002, 14.3166, 9.53172, 24.5684, 15.1658, 11.3283, 18.489 ], 
          [ 19.3972, 21.0438, 8.04438, 13.0745, 26.2162, 4.52595, 18.9565, 14.1859, 9.45559, 1.66992, 24.7626, 16.7309, 9.1436, 29.8004, 21.2977, 12.031, 2.24565, 3.78764, 24.2043, 19.42, 3.07226, 28.3756, 27.6608, 28.2828, 13.9382, 2.5881, 1.82554, 12.0242, 14.0861, 5.87782 ], 
          [ 20.147, 14.3859, 25.6912, 18.5881, 15.963, 18.2968, 10.6398, 10.2727, 3.90192, 9.71988, 16.7309, 13.5133, 6.33694, 4.67203, 29.8296, 12.3473, 8.89339, 27.748, 13.6961, 4.57501, 1.90314, 13.0169, 2.03193, 21.6044, 25.3853, 3.49807, 3.24119, 19.755, 28.5341, 19.7381 ], 
          [ 7.87705, 6.89788, 19.3942, 1.04136, 24.6458, 18.2021, 2.57273, 12.4493, 11.3534, 16.0226, 16.7502, 14.0733, 8.01344, 3.84778, 6.58153, 24.9568, 24.0057, 8.25831, 29.4205, 18.7653, 13.8531, 19.0424, 24.7328, 18.9261, 1.36543, 22.2542, 20.6396, 12.4686, 27.5355, 14.0292 ], 
          [ 21.7876, 4.57523, 4.22381, 17.0423, 6.4021, 1.97579, 20.433, 28.0456, 23.5916, 18.4699, 24.1162, 10.1224, 22.9264, 4.15978, 11.5477, 7.96657, 13.0314, 22.7353, 15.2953, 11.341, 5.51093, 18.1833, 3.33675, 15.5933, 5.73173, 8.38216, 13.9247, 14.6184, 22.9431, 11.7935 ], 
          [ 23.5921, 3.84596, 18.9674, 22.745, 21.251, 16.4767, 27.11, 26.3257, 11.903, 1.63634, 5.50162, 11.8297, 9.62688, 15.2964, 11.5858, 20.6577, 1.62828, 10.2054, 15.2635, 4.08392, 18.5684, 14.6208, 24.8518, 2.97391, 7.48309, 17.8423, 4.17419, 15.3361, 24.3045, 1.51123 ], 
          [ 17.8669, 21.7301, 1.96313, 26.6483, 12.0676, 29.9954, 14.3135, 24.405, 11.6882, 23.9254, 3.56143, 2.98837, 6.59967, 9.7222, 21.8354, 12.6863, 12.9911, 21.0081, 19.1462, 22.7645, 3.41206, 14.3635, 2.56431, 25.4261, 6.89209, 26.0737, 5.07305, 25.7822, 12.1986, 12.5319 ], 
          [ 17.4472, 27.0995, 12.9453, 4.76317, 22.9295, 19.6618, 24.9197, 19.1142, 22.9124, 29.9922, 2.3856, 16.6173, 12.4642, 8.76756, 28.2942, 7.75196, 13.9971, 7.83191, 23.4045, 1.79594, 8.58801, 14.5462, 25.2829, 13.5393, 22.6928, 13.7779, 11.5028, 10.3109, 20.9312, 28.1645 ], 
          [ 8.75964, 20.8976, 7.48741, 29.4255, 14.7304, 2.8144, 27.747, 26.8591, 28.6144, 26.7989, 24.0346, 29.5967, 3.57062, 8.79393, 4.45885, 27.3782, 18.3252, 17.4606, 28.6564, 8.41662, 20.6186, 19.6572, 19.3317, 1.44631, 17.9452, 25.501, 18.345, 9.90275, 11.022, 5.78094 ], 
          [ 18.2107, 28.9594, 20.8582, 22.5053, 6.1743, 15.2043, 24.3926, 10.1601, 15.1881, 19.1569, 27.0925, 13.1323, 8.33674, 16.4055, 24.1119, 6.36902, 28.3334, 4.87077, 1.26161, 27.1661, 26.4185, 29.4602, 6.30948, 4.43244, 14.1716, 12.363, 22.1063, 24.7976, 12.4786, 17.0455 ], 
          [ 18.2339, 7.41583, 8.47269, 9.71197, 19.7348, 20.0976, 22.5543, 22.1369, 1.28391, 24.615, 7.43692, 28.6812, 8.0001, 4.06893, 17.4974, 2.601, 2.70263, 29.8733, 1.21268, 6.64154, 1.10713, 23.4949, 11.2512, 22.5895, 4.0052, 14.5141, 14.7136, 17.8839, 13.7837, 8.90008 ], 
          [ 20.1466, 23.6522, 20.6561, 28.7719, 25.7815, 1.51809, 18.5026, 9.1712, 12.7896, 8.81999, 25.6663, 13.0399, 27.0317, 29.0238, 7.45779, 24.3618, 25.9711, 9.53867, 4.76958, 5.48976, 11.3898, 11.6198, 4.98349, 26.6736, 26.616, 7.08892, 23.1605, 20.7099, 8.42184, 12.2522 ], 
          [ 23.2645, 11.9853, 20.2097, 2.45476, 2.02042, 21.9467, 19.1467, 1.67527, 15.3667, 28.1634, 24.4281, 24.5775, 15.8077, 1.87118, 16.9332, 11.7591, 28.4627, 20.3612, 8.24465, 19.572, 1.98896, 4.61773, 25.4483, 11.7442, 22.4423, 2.2654, 12.2647, 20.6342, 29.9726, 27.2703 ], 
          [ 15.7527, 23.0957, 27.0396, 26.5442, 2.00666, 3.15983, 29.1083, 14.8149, 11.1394, 24.4945, 9.73355, 10.7767, 10.2756, 14.6893, 22.8248, 27.7727, 2.34095, 26.1646, 21.0476, 27.6093, 22.239, 14.385, 27.4549, 5.70625, 15.7098, 1.27123, 4.42559, 19.6483, 3.11673, 2.1809 ], 
          [ 11.5035, 10.2433, 1.62248, 28.5002, 26.6292, 11.3636, 26.645, 22.8267, 25.6513, 19.6988, 28.5874, 5.72234, 9.059, 7.18576, 23.9029, 13.9149, 14.1756, 29.7853, 10.1708, 13.1978, 5.10823, 24.9046, 24.6046, 25.1367, 17.8501, 10.2372, 2.63655, 1.5187, 13.4266, 13.3402 ], 
          [ 7.69621, 28.4527, 24.1437, 15.2544, 18.0816, 17.9206, 28.9893, 6.89086, 22.983, 29.1815, 17.1451, 29.4833, 16.6542, 11.9054, 6.92687, 26.5711, 14.2756, 9.3635, 16.2448, 8.81341, 19.0563, 11.9742, 10.969, 14.8647, 22.8716, 15.8892, 28.9839, 16.489, 28.0845, 11.9998 ], 
          [ 12.8963, 16.1669, 6.83167, 9.18169, 14.6909, 29.3285, 28.3509, 2.47289, 28.6004, 17.5443, 29.5676, 28.585, 18.926, 9.54061, 13.839, 2.43616, 14.2819, 8.22707, 5.4024, 3.78645, 23.9149, 1.29192, 25.7269, 19.4889, 9.45132, 15.3321, 13.9381, 22.3078, 20.2868, 28.0183 ], 
          [ 10.2883, 2.76986, 6.71594, 4.83064, 3.63949, 24.2282, 4.28877, 8.73965, 23.4387, 5.93324, 15.5111, 16.1022, 27.4365, 2.48626, 10.989, 15.7499, 28.2962, 13.259, 15.3704, 26.1477, 14.5803, 13.0287, 1.6563, 24.9817, 25.7792, 2.24386, 2.28039, 15.4421, 6.43911, 11.111 ], 
          [ 2.45157, 14.4615, 21.6422, 6.84732, 5.79089, 22.5617, 26.007, 20.5953, 16.4589, 24.8548, 9.92504, 14.4372, 19.4528, 2.47769, 29.3089, 25.0075, 6.84296, 23.0571, 23.8378, 28.7099, 29.098, 28.5024, 13.0998, 26.2428, 15.922, 29.2566, 11.4183, 23.6342, 8.19974, 6.60257 ], 
          [ 15.2789, 18.2065, 10.7278, 20.9627, 21.7631, 23.9606, 16.9589, 19.5766, 25.7482, 16.6513, 16.7954, 18.5583, 16.8321, 26.6346, 10.0505, 27.3547, 15.8806, 2.71334, 5.10524, 8.58532, 18.4304, 10.4569, 14.0566, 17.1195, 1.68483, 13.9271, 27.9201, 10.246, 23.2566, 11.0494 ], 
          [ 18.2154, 12.7422, 25.5435, 29.764, 8.34658, 22.2343, 6.79754, 5.77467, 25.4749, 28.048, 22.2908, 18.7789, 2.3525, 26.2705, 20.7492, 22.7315, 18.315, 20.4737, 13.1902, 13.5208, 2.14799, 29.4238, 2.52966, 24.5343, 5.46031, 22.021, 1.51566, 3.05907, 14.3545, 27.3645 ], 
          [ 23.9364, 27.8354, 17.1165, 22.2261, 14.8187, 12.4387, 6.11824, 22.9513, 5.63744, 27.4104, 19.9591, 26.3077, 12.2912, 12.7513, 15.1944, 16.4937, 14.0045, 10.5727, 19.1534, 26.9293, 12.565, 8.33743, 1.03883, 6.65855, 23.5623, 8.39976, 2.70205, 24.9615, 7.92911, 18.2725 ], 
          [ 12.764, 27.447, 18.5465, 9.65466, 4.3256, 27.6729, 1.63526, 11.8627, 13.9084, 1.08939, 20.3979, 22.7446, 8.15944, 17.982, 23.9806, 18.3331, 21.4055, 3.16055, 28.2942, 12.1616, 8.88864, 10.1428, 25.3849, 16.6788, 13.8945, 25.6301, 18.4943, 27.5185, 16.8048, 11.1495 ], 
          [ 26.4816, 17.0558, 28.9807, 24.1837, 22.8243, 20.779, 14.5761, 5.23849, 11.5509, 11.7718, 13.1868, 25.2533, 5.98635, 19.9305, 10.3888, 5.22518, 12.8652, 27.9352, 3.76225, 18.1723, 28.6018, 14.5962, 23.1756, 28.6173, 4.54496, 28.0009, 22.7538, 1.25578, 18.6734, 25.7556 ], 
          [ 11.6476, 2.50365, 7.14597, 17.7257, 23.628, 27.4758, 7.12188, 27.8702, 5.28833, 1.06502, 1.44968, 27.4022, 15.7908, 23.3107, 26.1051, 7.24515, 24.8373, 17.6851, 10.9087, 10.2321, 9.02173, 19.4039, 3.36386, 24.7509, 25.2792, 14.5924, 20.7832, 12.746, 7.39604, 18.918 ], 
          [ 4.61864, 2.11243, 19.28, 5.09901, 14.0099, 28.9268, 25.3718, 21.8867, 8.4827, 5.62198, 24.5909, 4.37326, 4.93057, 9.93159, 17.4195, 13.7005, 4.78884, 11.0544, 18.5486, 9.06751, 24.0091, 12.9428, 8.27826, 8.76438, 9.94637, 4.63531, 6.6573, 22.1044, 19.9402, 7.51606 ], 
          [ 22.3253, 21.9149, 25.4444, 13.0466, 22.8067, 12.6565, 12.3234, 15.2615, 16.29, 6.25891, 13.6514, 17.252, 22.6479, 28.64, 25.4614, 6.05901, 12.461, 11.5783, 28.2031, 13.8756, 16.8217, 4.01664, 26.1807, 6.92911, 20.5148, 11.3763, 29.7509, 23.2847, 18.9967, 15.7079 ], 
          [ 2.61693, 10.793, 26.2431, 16.4574, 1.5098, 27.9053, 28.1256, 10.9171, 2.41974, 5.38556, 25.3712, 23.042, 5.82645, 17.4471, 28.2343, 5.72042, 1.24418, 29.0796, 16.3017, 5.00321, 24.7401, 4.35829, 12.1183, 26.2467, 22.0973, 24.74, 7.1014, 13.0216, 22.7468, 27.3992 ], 
          [ 29.5945, 28.9004, 9.55899, 20.3102, 14.5558, 18.0075, 3.13276, 23.8152, 9.76214, 5.94979, 3.0503, 8.43857, 5.38782, 6.32897, 25.9433, 4.12716, 26.129, 4.1727, 17.6755, 8.22702, 22.6266, 25.446, 3.21873, 17.6115, 12.9262, 29.8796, 6.22404, 7.72281, 1.95409, 21.5767 ], 
          [ 2.95557, 19.772, 27.8803, 14.2125, 8.46444, 28.4013, 3.02662, 28.8079, 16.5343, 9.58046, 27.4532, 14.6295, 20.3126, 3.28173, 25.667, 25.6046, 12.6345, 17.7179, 12.2291, 22.8414, 26.7956, 23.9349, 13.102, 10.1334, 12.6631, 27.0062, 22.7658, 5.38796, 21.1575, 24.1887 ], 
          [ 23.0821, 23.0205, 8.13235, 8.88979, 15.6782, 12.2981, 12.5289, 6.892, 8.0448, 14.2088, 9.1002, 24.1312, 19.7044, 23.009, 16.9094, 12.0439, 2.73992, 10.4188, 18.2068, 9.9642, 29.3944, 20.0589, 9.73846, 19.1535, 20.1094, 26.7943, 7.97981, 9.24873, 29.8326, 20.8814 ], 
          [ 2.08564, 19.1389, 26.3512, 29.6847, 22.3188, 7.62862, 12.0369, 28.9641, 13.6363, 27.0314, 9.11235, 23.1924, 20.8749, 26.1884, 13.2152, 3.61293, 21.9682, 28.1585, 12.2712, 21.5854, 15.5191, 17.5017, 3.94505, 20.0028, 27.9222, 25.5622, 20.9281, 12.3503, 22.6273, 17.5715 ], 
          [ 7.07816, 20.5768, 10.8204, 15.5886, 15.2361, 16.6988, 19.0334, 10.566, 7.58565, 6.12122, 11.5506, 23.5419, 18.6197, 25.2483, 27.4867, 15.9315, 1.2209, 19.2555, 9.9218, 29.1062, 17.171, 28.5905, 24.7968, 29.8427, 7.64376, 20.7608, 4.30323, 7.11054, 16.5602, 17.8145 ], 
          [ 13.513, 25.4033, 26.6825, 15.0709, 28.7296, 16.1951, 24.2815, 28.4244, 25.1426, 29.9951, 26.022, 18.6328, 18.6651, 3.4069, 16.0324, 22.0101, 21.6444, 18.5033, 7.36924, 5.48888, 12.7498, 8.25623, 5.33121, 3.46451, 24.444, 20.4339, 28.5352, 27.3862, 9.37403, 17.3142 ], 
          [ 11.0547, 9.51074, 8.11291, 18.9734, 11.3258, 27.7574, 24.9266, 25.7308, 10.472, 5.56261, 11.5978, 13.4323, 12.7186, 25.0393, 19.5828, 15.4613, 4.17406, 2.30654, 11.71, 11.3308, 21.3639, 22.375, 24.6725, 25.262, 13.8926, 18.6671, 24.3329, 12.6156, 22.2782, 3.16887 ], 
          [ 7.71443, 25.4975, 22.1832, 29.119, 9.97076, 26.3749, 5.92431, 12.0308, 6.89463, 18.1144, 4.20404, 15.0206, 10.03, 14.5118, 20.1503, 1.88869, 13.0032, 9.63975, 20.5378, 7.75895, 19.3882, 27.4813, 21.08, 22.0758, 9.82626, 19.5108, 25.1256, 1.84118, 7.24275, 11.4141 ], 
          [ 6.14457, 7.02262, 4.4832, 18.4504, 10.0177, 4.76955, 15.0593, 13.5576, 25.9853, 26.1287, 20.583, 13.8777, 29.225, 2.52586, 8.50099, 29.7663, 7.41941, 6.50871, 28.2304, 25.4699, 8.41962, 6.24967, 9.99303, 25.1191, 8.72431, 22.2858, 13.3357, 28.9447, 10.421, 13.133 ], 
          [ 13.4999, 13.8307, 8.44789, 5.09466, 8.87207, 6.58953, 27.248, 2.81413, 8.40983, 15.9207, 14.8136, 13.3456, 3.16813, 11.0785, 10.7726, 1.75882, 6.91682, 16.4967, 4.04984, 9.42636, 2.2155, 25.0239, 16.5466, 15.8764, 4.99619, 10.037, 27.4814, 22.6213, 20.7865, 16.0569 ], 
          [ 12.9345, 11.623, 6.34397, 15.8073, 12.921, 16.4977, 16.2129, 6.41504, 5.05458, 29.8286, 17.5391, 27.0544, 4.56326, 21.1749, 23.4999, 16.5229, 28.5658, 3.76091, 9.11152, 20.0168, 13.7558, 27.8384, 9.89786, 25.5981, 28.9974, 15.3798, 14.9089, 29.8777, 20.5956, 26.6447 ], 
          [ 20.5722, 17.4573, 12.3105, 21.0711, 7.96274, 28.7196, 26.0946, 23.1124, 21.7989, 27.788, 21.4882, 18.4839, 6.12977, 29.8853, 4.77604, 5.01117, 10.6245, 12.3094, 7.49825, 19.3398, 16.8071, 27.7032, 5.7696, 14.5298, 10.0873, 17.0058, 27.8331, 1.66678, 15.6106, 2.81664 ], 
          [ 1.97274, 3.67098, 26.6209, 16.3829, 28.1841, 25.6886, 5.94391, 6.04215, 21.6195, 22.3678, 20.6393, 23.1855, 17.0758, 20.0296, 13.2477, 4.35709, 1.38304, 13.7022, 24.256, 28.3959, 11.8791, 6.1511, 22.5726, 5.98351, 5.75124, 13.5561, 28.8943, 27.7519, 27.4207, 18.95 ], 
          [ 1.41266, 15.4149, 3.22878, 14.1257, 26.6257, 18.0439, 6.56597, 10.8105, 8.12872, 14.291, 26.4552, 20.559, 26.3837, 17.852, 25.2285, 29.2551, 24.5564, 6.67469, 28.7327, 9.22232, 4.58258, 8.79968, 16.757, 14.0894, 5.56008, 5.28113, 25.5328, 20.13, 16.8087, 10.3514 ], 
          [ 3.57279, 21.2118, 28.4331, 18.3964, 11.544, 12.0686, 1.98677, 12.805, 10.4365, 21.7781, 27.4102, 15.1691, 2.95687, 7.27595, 12.1706, 2.96084, 1.77526, 2.70111, 25.2892, 25.9368, 1.90055, 13.4785, 12.3756, 16.8236, 17.0168, 4.45311, 7.82365, 4.39147, 5.91603, 1.13584 ], 
          [ 5.02077, 3.40449, 1.3092, 4.06176, 2.7606, 19.1678, 20.846, 7.8136, 24.0074, 24.0423, 11.5375, 2.90316, 20.0867, 18.6471, 11.1221, 5.82742, 27.9582, 27.6997, 11.4466, 8.75211, 27.7472, 22.1701, 24.9326, 27.8626, 15.2522, 17.8578, 17.2336, 8.7643, 2.91766, 15.8368 ], 
          [ 19.6891, 15.7329, 20.692, 4.03574, 13.7627, 24.3774, 17.7941, 23.0987, 3.59006, 11.1166, 2.47125, 14.5491, 25.2469, 19.2224, 20.8849, 26.6378, 21.8669, 22.7435, 27.4157, 10.125, 27.1158, 10.0105, 9.87225, 18.1525, 17.5048, 10.6731, 2.15913, 25.155, 8.3734, 12.3876 ], 
          [ 25.4308, 25.6375, 5.37242, 19.2206, 12.6502, 5.41247, 12.5555, 29.5204, 14.4609, 24.4603, 27.1393, 16.2696, 8.92036, 19.0535, 8.02321, 10.9673, 26.4224, 2.43265, 8.06155, 28.8712, 9.94311, 6.97873, 3.01186, 22.267, 26.3454, 25.7422, 21.8765, 26.2116, 16.7209, 15.2239 ], 
          [ 1.70416, 4.35865, 6.15315, 10.8746, 24.7886, 28.425, 5.63012, 16.3892, 3.02528, 29.2659, 24.337, 2.62824, 25.6609, 24.6637, 13.6219, 23.1515, 4.05302, 27.4921, 10.0881, 25.3876, 14.3821, 28.5849, 18.8569, 27.2555, 6.50655, 19.4911, 23.0939, 22.6303, 15.0447, 29.5858 ], 
          [ 15.0424, 3.63395, 1.01804, 7.8882, 11.7851, 25.0852, 28.127, 20.0324, 25.8248, 4.86044, 4.27184, 25.2461, 21.1721, 29.8996, 22.1762, 17.2418, 28.161, 23.6018, 13.2197, 14.3072, 16.6784, 14.3523, 27.2368, 25.597, 18.7947, 17.6348, 23.204, 27.935, 5.19085, 16.2027 ], 
          [ 1.40613, 26.9299, 24.3749, 25.9293, 5.02546, 5.40926, 15.1402, 18.1778, 5.85624, 1.70253, 6.91106, 3.0346, 2.63348, 8.3146, 9.48155, 16.1008, 10.3537, 2.24282, 28.5908, 18.2736, 6.78118, 22.9601, 16.2443, 25.9365, 21.0468, 14.1991, 6.49015, 1.56945, 4.88088, 1.38816 ], 
          [ 8.63241, 22.8298, 29.9609, 26.3098, 16.6525, 24.9246, 6.48843, 16.1008, 10.223, 8.75265, 28.2402, 22.3096, 3.06311, 7.55298, 26.901, 5.46041, 25.5372, 24.9349, 29.1218, 10.0218, 7.1531, 7.37319, 22.7097, 26.8666, 24.3601, 11.3056, 25.5593, 14.8016, 27.2785, 9.86336 ], 
          [ 12.1068, 15.6242, 18.5217, 8.17615, 3.87671, 18.8738, 13.4859, 26.8777, 23.4478, 25.1484, 21.7289, 6.71215, 20.5588, 25.3538, 21.9819, 27.9286, 6.79796, 26.9444, 28.6206, 4.9829, 23.7322, 15.4148, 5.58822, 19.2247, 4.19504, 9.25324, 3.35339, 22.1793, 29.0961, 11.0373 ], 
          [ 11.5295, 27.5962, 13.6283, 11.9203, 5.32348, 16.2776, 27.3264, 19.6364, 1.23617, 21.4371, 10.108, 25.235, 13.9654, 8.46453, 7.45781, 14.8276, 28.5321, 10.146, 7.96998, 2.60356, 9.931, 14.7502, 14.9046, 5.53, 13.4652, 27.8443, 26.5179, 18.5195, 18.4798, 3.48863 ], 
          [ 21.6311, 2.07995, 26.165, 23.2859, 12.1658, 27.3162, 14.7735, 26.6529, 21.8385, 17.717, 10.0567, 1.42108, 27.7695, 26.9307, 3.57983, 17.8344, 15.0794, 2.92743, 26.4634, 6.69675, 11.3439, 22.7428, 5.92105, 6.92642, 13.9177, 26.4053, 23.7994, 5.90827, 9.86765, 9.40947 ], 
          [ 23.7857, 27.6859, 12.3832, 8.21498, 6.03816, 28.1081, 7.48472, 21.1302, 2.0823, 12.2365, 3.30963, 6.00754, 16.3987, 18.3408, 19.9554, 18.8844, 13.4613, 10.2851, 4.1645, 3.19189, 4.30385, 16.2951, 28.4464, 10.5669, 11.2902, 27.9996, 8.8797, 7.29748, 16.1231, 22.2545 ], 
          [ 11.0875, 22.2196, 3.2185, 2.35563, 29.4815, 23.9001, 26.095, 1.58583, 7.71555, 20.8292, 20.569, 21.5126, 19.2209, 17.7514, 16.9374, 12.9425, 16.7564, 3.85706, 4.99383, 19.3045, 19.4245, 1.50174, 19.341, 13.1158, 5.31151, 19.4418, 12.4198, 6.44951, 13.6835, 12.2209 ], 
          [ 14.8231, 5.76899, 16.4262, 21.5632, 1.64709, 12.9884, 26.6413, 17.7773, 28.3856, 3.49998, 8.14856, 25.9114, 17.9251, 10.7843, 17.575, 24.3249, 8.4747, 14.0388, 11.7655, 22.2254, 1.68892, 22.7614, 6.66551, 9.52297, 1.21697, 14.743, 8.38667, 3.07669, 10.4989, 5.7428 ], 
          [ 24.1144, 19.8875, 28.6353, 23.1345, 7.62883, 1.43242, 7.40887, 21.1313, 18.1906, 16.0162, 12.8491, 26.4633, 19.2154, 1.98897, 9.86837, 7.85969, 5.21274, 24.3893, 9.22869, 9.42622, 13.4895, 8.66742, 13.1155, 11.6649, 15.2443, 3.62296, 5.6933, 7.97999, 4.68133, 21.3884 ], 
          [ 14.3681, 11.5949, 12.6019, 26.6257, 25.4509, 21.9562, 15.939, 6.88365, 12.4191, 3.96332, 21.3303, 27.4031, 19.5444, 3.79673, 21.2984, 10.8549, 25.6381, 14.6876, 24.597, 5.75315, 28.1537, 18.8698, 27.1247, 25.0307, 3.32998, 28.7083, 21.3397, 9.08395, 17.677, 7.1115 ], 
          [ 8.44182, 17.6124, 5.82575, 11.8412, 6.55858, 28.8554, 16.0263, 14.2311, 11.3561, 7.72416, 23.0583, 7.28127, 22.7702, 16.2999, 13.4529, 13.9899, 2.83073, 11.3581, 20.6281, 27.9831, 25.9915, 2.15547, 2.7155, 20.2292, 1.56159, 26.3627, 5.88598, 2.63783, 11.4367, 4.16885 ], 
          [ 7.64935, 10.1278, 8.81422, 17.1528, 4.1133, 2.94417, 29.2539, 26.8516, 20.3109, 17.8784, 13.2542, 4.14438, 1.22433, 19.0567, 7.53487, 13.2563, 18.2822, 16.7256, 26.7828, 7.65172, 27.3356, 27.1393, 13.1862, 26.9129, 9.78571, 17.3027, 13.5433, 24.4123, 13.2159, 17.3615 ], 
          [ 16.9537, 11.1978, 14.0469, 20.0022, 25.4235, 9.61156, 11.9564, 23.9069, 11.4224, 21.6297, 27.472, 16.5253, 14.0169, 9.30392, 25.7535, 13.0058, 3.46854, 8.89474, 24.2311, 3.18964, 15.6915, 22.902, 7.20737, 6.71065, 13.0618, 21.9157, 27.2602, 29.7252, 6.75396, 17.1144 ], 
          [ 1.71455, 5.1422, 13.1103, 16.1959, 19.0723, 27.3446, 29.2789, 13.0446, 5.49392, 26.4264, 17.1089, 8.76894, 10.4207, 16.1807, 16.0835, 17.1949, 5.35196, 3.88313, 4.70438, 22.7041, 15.4439, 16.3113, 4.39458, 29.1779, 5.59965, 29.2185, 19.6236, 8.49634, 7.68529, 28.3854 ], 
          [ 19.3198, 7.38636, 25.9121, 4.3673, 19.8206, 10.2769, 15.3253, 4.85591, 15.4627, 22.2285, 12.5599, 14.6165, 4.7377, 9.67736, 19.936, 23.9134, 2.43282, 3.80166, 8.56113, 20.6445, 18.1801, 13.3085, 24.9633, 21.7873, 21.2884, 3.9339, 22.2912, 28.1573, 17.1064, 6.00473 ], 
          [ 6.25548, 3.43419, 2.73886, 3.20426, 13.7078, 13.1494, 17.5538, 18.3832, 29.7025, 25.1274, 18.0925, 21.9141, 1.51298, 8.79753, 13.5858, 23.0975, 6.18815, 28.2607, 4.86789, 2.4369, 27.8844, 28.6712, 11.5866, 6.34338, 15.4812, 24.5867, 21.4971, 2.70523, 13.9366, 11.6666 ], 
          [ 8.22235, 27.8174, 12.2186, 17.2009, 16.0701, 19.81, 12.5095, 6.26299, 24.0832, 7.70055, 20.4032, 20.3337, 18.9953, 23.141, 26.9843, 17.9811, 22.132, 8.68438, 12.9052, 14.9762, 5.16734, 15.4917, 19.0647, 2.97797, 26.9502, 26.4868, 16.5454, 26.0276, 12.0719, 23.4173 ], 
          [ 13.3429, 1.23745, 23.353, 3.86941, 18.4546, 6.3487, 2.92112, 3.71529, 21.8341, 5.52507, 6.03094, 6.09043, 17.5252, 1.53181, 17.3954, 26.8631, 15.2115, 22.7362, 5.61486, 4.1645, 14.3182, 15.2335, 13.3957, 17.27, 23.1061, 3.25734, 7.69667, 23.0709, 9.35104, 15.5594 ], 
          [ 14.7684, 19.4226, 14.791, 29.4403, 20.3435, 1.38843, 17.1708, 5.65017, 15.344, 15.7225, 29.704, 10.4979, 8.53518, 18.8213, 29.1968, 2.72295, 11.4908, 10.6791, 17.4737, 13.4561, 11.0876, 14.2005, 27.0139, 2.14831, 8.43238, 15.0044, 14.1316, 10.5617, 20.1547, 19.0491 ], 
          [ 4.19618, 20.4629, 15.8372, 20.3652, 22.315, 13.2637, 15.0366, 14.1435, 28.4018, 20.879, 28.7234, 7.28298, 19.3905, 14.7775, 13.4277, 26.0059, 12.968, 23.2257, 20.7134, 14.2285, 18.2876, 14.5907, 21.064, 22.2097, 21.6489, 12.9268, 22.9248, 17.032, 22.9816, 23.8346 ], 
          [ 5.88705, 19.8447, 18.6765, 27.4099, 6.03654, 23.132, 22.7383, 15.3376, 26.5617, 18.963, 20.6607, 3.40494, 13.4183, 25.1215, 12.841, 16.8113, 26.1706, 13.2225, 5.37748, 23.0808, 28.8198, 2.48153, 5.82007, 27.6151, 28.2325, 18.2061, 1.42009, 15.6664, 13.9746, 29.1456 ]
        ], 
        [
          [ 18.3024, 6.75875, 6.55062, 23.7067, 8.4619, 19.54, 1.71782, 1.66484, 8.56689, 16.3589, 10.3901, 7.90768, 13.6487, 4.20959, 20.4577, 4.3341, 23.7151, 29.655, 14.1164, 8.45545, 14.0523, 27.8297, 15.9292, 7.39328, 19.1799, 10.1871, 18.6486, 3.00241, 11.148, 17.5885 ], 
          [ 4.86223, 8.07692, 27.9023, 18.7043, 29.0513, 3.35761, 11.9996, 27.7836, 10.1635, 8.45416, 9.00204, 8.28077, 21.9645, 25.6891, 4.14365, 25.9139, 19.1626, 12.7039, 3.7888, 14.6275, 14.6713, 8.37818, 28.8435, 24.5017, 8.35473, 16.8493, 2.26422, 8.90638, 16.9637, 23.0574 ], 
          [ 27.0448, 7.82259, 15.3328, 14.7315, 14.1964, 21.2485, 8.94538, 9.72527, 28.3829, 29.1587, 15.2026, 13.1281, 8.16116, 27.4368, 14.9037, 4.7691, 10.8516, 2.50489, 1.8464, 16.2058, 8.28111, 26.2139, 24.2694, 11.8323, 27.7647, 27.1039, 15.5777, 18.4599, 8.62882, 19.3064 ], 
          [ 21.3545, 10.837, 15.3826, 28.4785, 19.6548, 21.2675, 1.08308, 25.6065, 4.8281, 13.0802, 10.7753, 21.8761, 28.0592, 15.2843, 21.9318, 23.4761, 4.64824, 28.6984, 12.1916, 21.3006, 18.5411, 12.1217, 6.48231, 14.7617, 18.9412, 15.5576, 6.58986, 11.1897, 26.7273, 27.5269 ], 
          [ 10.7315, 9.13162, 3.81848, 2.8498, 21.9891, 15.4742, 16.7209, 13.3098, 3.61433, 9.73808, 13.0553, 5.68443, 24.6604, 11.0131, 26.9763, 20.0342, 26.9701, 10.6685, 1.40355, 2.95175, 17.7778, 4.27827, 15.6923, 12.8559, 26.0367, 21.5115, 10.8933, 13.3274, 26.7231, 23.7889 ], 
          [ 26.1897, 15.3471, 25.7871, 25.1819, 6.57868, 29.1955, 12.0539, 10.3105, 10.1765, 28.3326, 12.3116, 29.4042, 10.5993, 19.7044, 7.95747, 22.8663, 17.7112, 19.3561, 12.9459, 10.3699, 29.1914, 22.3334, 14.0107, 29.3918, 20.8625, 28.3588, 20.7536, 4.90555, 11.1771, 7.78257 ], 
          [ 17.7398, 4.72367, 9.46254, 28.2912, 12.4814, 25.6221, 12.5399, 8.16313, 16.9289, 25.8902, 19.365, 25.5123, 23.5534, 15.6067, 9.21365, 27.3683, 25.9414, 18.8625, 17.1776, 3.25319, 6.55775, 8.75855, 19.7555, 20.8283, 4.57515, 16.5856, 7.72092, 15.1318, 19.2772, 22.4943 ], 
          [ 8.10273, 14.3528, 13.6316, 16.1982, 7.24566, 25.5271, 7.14604, 15.3717, 16.7415, 21.6768, 8.6218, 11.27, 1.32192, 21.459, 2.03836, 21.368, 1.509, 21.2271, 9.46609, 27.3958, 27.9436, 1.85639, 5.15701, 20.2101, 27.6605, 16.0922, 15.9959, 19.0213, 28.0722, 6.27893 ], 
          [ 22.2665, 7.25213, 18.8653, 18.7283, 24.2145, 1.68744, 20.9333, 1.58545, 16.3668, 10.5258, 25.3235, 27.9469, 26.7748, 20.7703, 16.4846, 1.0125, 10.3623, 10.3268, 6.55759, 16.8884, 23.7728, 11.9178, 29.4974, 12.3087, 20.491, 6.22911, 13.3465, 28.0458, 3.44752, 1.26311 ], 
          [ 2.44814, 11.7727, 17.7569, 13.9553, 7.90523, 13.5797, 1.62142, 23.0845, 7.78118, 14.3233, 15.193, 25.7556, 1.53911, 2.7377, 18.0671, 5.59673, 16.2848, 14.3785, 19.5287, 3.59515, 11.3382, 15.3977, 25.3258, 29.6795, 7.89748, 13.6038, 28.6259, 26.5328, 8.9432, 4.13552 ], 
          [ 3.84561, 20.619, 16.5732, 27.4331, 15.3027, 21.8224, 11.2603, 14.7051, 25.4341, 16.8533, 5.42511, 4.6674, 10.7114, 4.66941, 6.35584, 12.2059, 1.78944, 8.92596, 9.98259, 19.5086, 4.51507, 3.36328, 15.3795, 6.91024, 29.2417, 6.73242, 3.08877, 16.3838, 21.724, 5.80848 ], 
          [ 21.9465, 15.3592, 8.43691, 12.8688, 1.02261, 14.2581, 17.5264, 18.6117, 2.18505, 27.9108, 2.59786, 21.3514, 25.5251, 23.1921, 9.25305, 3.3605, 18.5642, 23.4797, 11.4927, 11.575, 21.0078, 28.1649, 13.6278, 24.7861, 27.7626, 19.6237, 16.6681, 2.92518, 22.9556, 5.64074 ], 
          [ 6.36143, 16.2669, 11.0157, 1.41542, 13.5002, 15.5509, 3.67003, 12.7334, 14.2409, 4.67329, 25.1497, 29.722, 2.9396, 18.7066, 20.269, 7.77879, 6.00463, 11.5224, 9.48302, 27.5185, 12.279, 19.2328, 3.51807, 18.4931, 18.0831, 10.6681, 28.3059, 23.7241, 17.7854, 10.3992 ], 
          [ 14.1577, 4.93093, 8.00778, 11.186, 5.27655, 28.6164, 19.5314, 16.995, 2.85624, 22.5891, 23.4915, 21.6438, 1.66503, 18.5775, 15.6048, 23.6714, 7.79903, 22.0096, 8.68897, 11.7113, 5.36085, 15.1695, 6.15761, 3.58991, 29.8284, 21.6076, 27.2555, 26.2998, 4.8637, 21.3842 ], 
          [ 19.6137, 16.8828, 16.1493, 7.11856, 23.4316, 3.35969, 6.26256, 23.0296, 17.1129, 6.4778, 20.8226, 15.1637, 9.09327, 3.77832, 25.5607, 15.6082, 21.1548, 16.8406, 12.1401, 10.5187, 27.6984, 11.1881, 10.7265, 3.41093, 19.7929, 12.9881, 15.317, 29.2449, 17.2152, 14.5134 ], 
          [ 20.5615, 18.9496, 2.70231, 6.28883, 22.5616, 27.6961, 21.0198, 22.1578, 25.2434, 23.1313, 20.5588, 26.5323, 4.15208, 21.5034, 11.093, 17.6944, 1.2981, 28.3352, 26.076, 6.63512, 24.0597, 14.7448, 15.5274, 5.46824, 10.0725, 9.87061, 11.6397, 18.6741, 2.61363, 22.051 ], 
          [ 1.14218, 6.61949, 12.4942, 1.59216, 9.89393, 1.45834, 11.3086, 6.38338, 2.56295, 28.9331, 5.55975, 10.2231, 2.52869, 8.64648, 14.7197, 26.4394, 13.933, 7.4682, 10.3152, 7.51033, 2.29178, 23.4156, 9.59143, 28.815, 27.6488, 13.4081, 25.3287, 25.985, 15.6599, 16.0353 ], 
          [ 2.56286, 10.5867, 14.7226, 29.5922, 2.2237, 5.04, 25.0594, 21.9386, 10.1388, 6.82875, 20.4255, 25.82, 1.72343, 9.42441, 5.06883, 23.5456, 8.01237, 6.04138, 19.6577, 2.14778, 1.83694, 19.5088, 20.8341, 14.5393, 20.0877, 27.6251, 25.5432, 16.444, 15.8417, 13.9569 ], 
          [ 19.6034, 12.5767, 2.97418, 7.15763, 7.89826, 20.0352, 27.7701, 18.0509, 19.873, 7.93194, 29.4436, 21.6731, 28.4196, 21.4668, 8.54953, 2.13144, 1.02254, 12.344, 19.4365, 23.9912, 9.08723, 22.7206, 2.46961, 3.93951, 17.8713, 26.8371, 4.19783, 13.763, 24.6307, 23.8032 ], 
          [ 3.60968, 20.1895, 23.0781, 17.8693, 6.61142, 18.8055, 28.5679, 7.56345, 29.0091, 27.1292, 1.28834, 22.7324, 25.6419, 21.9578, 23.5005, 7.98065, 10.5094, 25.2756, 27.8042, 8.43207, 25.5344, 26.1893, 23.9639, 24.3411, 11.7701, 21.5404, 12.1554, 22.2745, 14.6787, 25.6462 ], 
          [ 17.5023, 19.9523, 4.11349, 2.38278, 25.2196, 23.2501, 25.6171, 1.26648, 22.8046, 17.1544, 8.28835, 18.5258, 4.82554, 15.5874, 26.2852, 8.87307, 12.6256, 20.5768, 6.05418, 15.9554, 26.8463, 22.1721, 13.0194, 2.8412, 24.7385, 27.768, 6.68995, 11.8313, 18.0655, 22.2282 ], 
          [ 12.6132, 12.1553, 15.6348, 19.8969, 29.3791, 17.9327, 8.95853, 18.4658, 10.7515, 25.8341, 25.7221, 9.80045, 12.1985, 18.8819, 16.9048, 2.07621, 25.6968, 17.3432, 14.3716, 21.8766, 24.7738, 20.438, 5.49198, 11.6981, 4.64319, 9.04551, 16.8467, 28.0827, 2.38068, 21.9268 ], 
          [ 8.02067, 4.82214, 5.95442, 25.9378, 12.8498, 23.5682, 6.66709, 21.9876, 7.23613, 28.1506, 16.772, 23.899, 15.0667, 26.3723, 1.35748, 22.1746, 16.2164, 19.4182, 25.2798, 17.0594, 3.04512, 13.9021, 14.4569, 28.4288, 7.1507, 24.6382, 27.0075, 2.87281, 15.1268, 9.5114 ], 
          [ 29.2901, 22.1991, 2.57512, 28.125, 29.2204, 13.7529, 23.7984, 3.93355, 20.355, 4.52242, 28.4736, 14.599, 14.704, 11.3215, 17.046, 21.9926, 11.4192, 13.5056, 7.56023, 22.1104, 4.12759, 13.7684, 1.77538, 25.6831, 22.2695, 23.6068, 29.7683, 19.3809, 23.3536, 14.8283 ], 
          [ 7.68794, 14.4435, 20.1598, 9.26754, 17.9568, 3.27277, 19.3046, 8.33732, 24.3409, 15.3704, 4.60093, 2.12431, 5.67082, 10.1754, 3.50742, 3.89513, 24.0042, 16.2565, 28.8623, 7.71198, 18.3989, 17.2103, 18.9711, 3.17321, 22.3057, 23.9774, 14.0198, 14.7545, 7.93827, 24.1289 ], 
          [ 25.4032, 7.58037, 13.6366, 8.58463, 5.99641, 18.3443, 25.7131, 8.31214, 6.92331, 28.5097, 2.86713, 22.3896, 14.1226, 28.0403, 9.19737, 15.5075, 15.557, 29.2375, 6.16943, 18.2758, 10.0877, 21.0683, 19.9306, 16.7572, 1.18789, 3.69704, 25.0315, 13.3746, 9.20565, 17.9114 ], 
          [ 24.0456, 4.81522, 2.75957, 28.6223, 16.7709, 13.2781, 1.37488, 26.5704, 22.8496, 3.10869, 2.54579, 29.5033, 3.33513, 22.6053, 27.6986, 26.1227, 23.1583, 9.28439, 2.72129, 19.0171, 21.9402, 25.4955, 3.74642, 17.5388, 19.816, 28.1507, 21.7895, 27.6738, 28.4234, 2.28148 ], 
          [ 20.8623, 9.91341, 12.1151, 2.73978, 25.2906, 2.15219, 6.08218, 25.96, 10.5163, 2.17189, 9.49542, 17.4613, 20.1986, 11.6966, 25.9702, 24.5496, 2.06749, 28.0243, 13.6502, 18.0866, 29.8698, 17.2349, 8.3063, 24.1149, 22.789, 21.4814, 5.69864, 27.3827, 13.166, 6.3767 ], 
          [ 22.4899, 20.3405, 15.429, 1.43703, 5.3731, 10.4099, 11.2285, 2.84244, 9.86474, 10.4541, 2.01376, 29.588, 27.5456, 4.53081, 1.67981, 20.1799, 25.1427, 6.21951, 1.9571, 5.05606, 2.93884, 17.8632, 27.1866, 12.1464, 1.35031, 13.3588, 19.869, 2.90056, 24.9879, 1.39861 ], 
          [ 22.8546, 2.07569, 25.632, 15.9892, 20.0721, 29.2969, 10.7315, 28.8641, 20.5723, 4.92863, 9.8267, 29.2114, 24.4786, 7.48801, 22.8228, 16.6539, 29.1883, 24.3376, 17.5424, 4.52403, 15.1931, 28.0571, 24.4732, 23.4462, 10.2207, 8.18302, 19.2365, 17.5465, 20.9621, 27.6502 ], 
          [ 29.7951, 28.0075, 26.2741, 8.51535, 27.8913, 23.6118, 23.1934, 8.55912, 1.46746, 6.05401, 18.1442, 20.1002, 9.45428, 24.083, 20.1293, 20.4994, 22.8519, 13.0248, 17.9196, 15.2542, 20.089, 2.90425, 24.4437, 23.3901, 13.3974, 23.5298, 19.6229, 21.7367, 27.6761, 13.7346 ], 
          [ 16.0818, 29.2262, 29.2661, 28.5935, 26.5934, 27.7331, 26.97, 21.6088, 19.4367, 4.26068, 23.201, 5.18575, 20.8489, 17.673, 16.4975, 11.6697, 2.57951, 21.0426, 21.7941, 5.03831, 6.95216, 24.0376, 2.21105, 8.60455, 10.4857, 6.86939, 20.2089, 21.0581, 1.40767, 14.2599 ], 
          [ 29.475, 8.16409, 2.69817, 18.4933, 20.7766, 14.0727, 21.0661, 3.76965, 2.52587, 1.57213, 14.3555, 9.79273, 18.5917, 26.4353, 7.99155, 4.20755, 20.5505, 19.0337, 28.6323, 5.04629, 22.32, 1.18056, 5.86318, 5.24484, 10.7157, 6.26478, 27.7975, 6.22171, 7.52146, 7.7033 ], 
          [ 1.23978, 2.69251, 15.8038, 12.0021, 5.33327, 5.69951, 10.1547, 14.2704, 4.97071, 14.2758, 5.60797, 2.39029, 5.0619, 29.7688, 11.1107, 17.7025, 9.58481, 3.72709, 28.6694, 19.5574, 11.0276, 9.64518, 9.11541, 24.1164, 26.5567, 17.5413, 3.71405, 24.9719, 4.85356, 8.94752 ], 
          [ 17.8351, 29.0257, 29.8207, 3.64176, 10.1645, 6.19609, 27.267, 27.7211, 21.0244, 8.00873, 12.5311, 22.0559, 19.3761, 12.0776, 17.7111, 17.4936, 14.2224, 4.03325, 9.56701, 6.72799, 21.8926, 16.3304, 23.5003, 22.7718, 2.15849, 15.7137, 23.1331, 22.8979, 24.5618, 29.3631 ], 
          [ 6.75882, 1.58127, 22.9532, 25.1628, 1.61193, 19.0813, 20.9179, 12.6682, 5.58404, 7.30242, 29.8159, 25.7446, 16.8363, 7.30357, 22.5169, 20.2124, 26.2252, 22.871, 15.7246, 25.2423, 3.84801, 17.0503, 29.5044, 6.32057, 26.8967, 17.2238, 26.6741, 12.3957, 21.4219, 6.18206 ], 
          [ 25.218, 16.6965, 23.845, 6.46379, 25.6416, 21.9312, 13.3291, 10.0046, 23.3654, 25.1562, 21.4219, 28.8774, 13.3279, 3.42677, 16.9846, 7.8522, 12.8027, 10.6179, 9.7453, 29.1974, 25.1256, 11.6267, 8.82332, 6.77367, 13.3267, 23.3996, 14.956, 28.3715, 5.06494, 21.0634 ], 
          [ 1.59221, 24.2851, 2.66572, 9.50489, 9.49186, 10.4, 24.323, 25.0796, 29.1959, 11.5661, 2.18751, 17.8713, 5.42007, 29.6458, 9.94909, 25.2407, 10.6178, 4.12809, 1.20555, 11.8441, 6.58797, 16.7836, 14.3936, 25.073, 23.5792, 13.3603, 9.71453, 28.4799, 24.3812, 29.0448 ], 
          [ 4.52197, 27.4908, 4.469, 1.72426, 2.50162, 24.2607, 8.55085, 9.74622, 28.6583, 21.3314, 21.9683, 10.9081, 13.1355, 6.23636, 10.5263, 8.79539, 7.54702, 20.511, 7.54254, 17.5566, 9.24666, 5.94466, 8.52834, 13.9727, 7.18557, 15.918, 25.1577, 12.2037, 1.73787, 18.2566 ], 
          [ 2.6579, 3.42733, 25.7264, 24.4879, 13.026, 21.9029, 7.03177, 8.16779, 17.0595, 1.98649, 28.797, 19.6919, 5.67919, 1.74432, 23.563, 26.2758, 26.335, 3.33571, 23.7932, 11.8164, 18.5558, 3.59654, 6.163, 24.5693, 12.7525, 27.7993, 24.1467, 12.566, 26.9966, 1.02658 ], 
          [ 19.3294, 11.3372, 28.8229, 20.9318, 23.0831, 14.7162, 15.0338, 5.41086, 18.7156, 9.54247, 10.503, 19.3088, 11.3505, 18.388, 9.64985, 8.2481, 12.7265, 8.43527, 27.1172, 26.5344, 17.84, 16.3691, 2.90656, 1.86356, 10.0221, 11.554, 7.70733, 8.02386, 20.6454, 19.3393 ], 
          [ 8.19138, 19.9314, 1.93304, 10.3727, 2.76081, 10.0447, 13.9688, 22.1343, 3.3176, 24.7718, 19.8958, 20.2458, 1.71762, 13.5593, 24.6912, 19.1276, 2.27209, 3.01042, 19.4809, 23.1342, 23.9692, 1.76331, 24.2678, 14.2124, 14.6285, 5.96244, 11.2117, 29.1589, 17.4825, 14.2121 ], 
          [ 25.7881, 19.7533, 9.74113, 7.11124, 22.5742, 14.5982, 22.7408, 5.641, 22.2469, 1.44493, 2.12243, 13.3104, 3.00792, 21.8312, 9.6777, 3.57029, 1.69245, 4.3352, 25.9204, 15.0454, 8.69548, 18.1861, 28.3102, 26.9179, 6.51648, 28.6999, 8.4961, 17.9777, 19.1803, 19.6463 ], 
          [ 25.6989, 17.4164, 26.8909, 3.28279, 11.6922, 6.9755, 13.9769, 5.49693, 7.9907, 5.41614, 15.433, 12.756, 13.4952, 15.8365, 12.653, 26.8543, 19.4095, 27.738, 6.85661, 7.11063, 17.8593, 10.6361, 2.7042, 15.1169, 27.2052, 10.3554, 17.7901, 3.03119, 15.1424, 2.01389 ], 
          [ 16.7772, 29.8177, 5.69509, 1.30378, 8.19245, 12.4518, 1.71677, 24.7403, 27.637, 29.8077, 10.5907, 8.23859, 29.1016, 5.69653, 14.9794, 14.6568, 24.0564, 28.6527, 4.43591, 20.2966, 2.95746, 3.18785, 20.987, 20.6868, 24.4663, 24.5386, 27.9729, 25.1854, 17.7621, 26.5061 ], 
          [ 22.2354, 28.464, 9.09982, 16.6976, 23.1428, 19.9044, 2.01044, 13.7964, 18.8495, 1.09286, 4.98071, 14.5093, 14.8469, 11.5267, 24.4726, 18.2676, 2.74432, 18.3425, 17.2561, 4.87527, 19.0408, 23.6674, 20.8282, 13.1069, 12.9121, 4.59631, 9.49144, 20.0999, 16.2858, 19.8649 ], 
          [ 18.8343, 1.58111, 13.4815, 23.5151, 21.044, 10.1736, 25.9909, 5.02435, 8.78757, 22.1853, 15.5206, 13.5649, 8.31941, 29.4091, 6.60977, 25.2332, 7.36899, 1.88364, 12.3679, 23.3928, 5.62787, 15.5974, 11.81, 16.9317, 1.61683, 24.6414, 4.93697, 16.9769, 13.6557, 7.97783 ], 
          [ 6.51396, 22.2926, 16.4615, 14.9751, 28.1675, 11.478, 27.6041, 23.6511, 2.47673, 26.9359, 14.2257, 3.32727, 14.2707, 23.9804, 13.4025, 21.7258, 22.0606, 21.204, 2.26472, 14.9629, 14.8611, 12.6415, 3.08351, 23.4556, 9.9213, 27.9274, 2.30573, 15.085, 22.0309, 2.48031 ], 
          [ 14.5913, 20.5729, 17.7418, 13.1173, 3.52189, 29.5424, 25.5586, 4.27263, 6.00314, 8.21283, 18.7249, 27.5367, 4.4369, 6.98758, 4.37663, 1.43696, 10.7507, 15.2714, 26.8904, 15.7903, 2.21714, 1.62952, 3.02623, 6.79639, 12.2826, 15.6813, 22.1721, 1.48406, 3.2173, 27.4685 ], 
          [ 11.0515, 18.0057, 16.4312, 3.16708, 24.9173, 8.69909, 28.2955, 1.46451, 7.82979, 27.6656, 19.0843, 24.5833, 21.0809, 28.8239, 24.3571, 7.17118, 15.4199, 20.9875, 6.05829, 5.69129, 4.19743, 8.46129, 23.7442, 18.9265, 4.59156, 11.4582, 19.5361, 15.9155, 21.0936, 1.63067 ], 
          [ 2.99354, 11.3254, 21.7154, 23.4942, 15.8445, 4.81492, 26.633, 24.2073, 6.14514, 12.2419, 14.9009, 24.0341, 29.0529, 17.6511, 10.186, 26.1681, 21.5737, 15.717, 5.89415, 18.8804, 11.6558, 20.3383, 20.8557, 2.60305, 28.8584, 29.6041, 17.6744, 23.149, 13.9618, 2.17972 ], 
          [ 1.44312, 15.9997, 8.61544, 11.813, 28.7461, 24.138, 22.6325, 6.1317, 11.5168, 8.69683, 20.4088, 25.6195, 11.5455, 25.7188, 15.5611, 14.1709, 23.5722, 4.39591, 27.0671, 15.6874, 13.2513, 20.246, 29.7081, 16.0619, 27.7904, 16.2322, 29.1631, 1.93159, 19.8369, 6.82939 ], 
          [ 29.3125, 3.41087, 10.9952, 16.055, 13.7767, 25.1211, 24.1983, 4.50992, 18.8391, 21.867, 6.90457, 18.0866, 26.4626, 23.4558, 8.51267, 24.5745, 9.96966, 23.8422, 8.72224, 19.7687, 3.38094, 28.1322, 17.0936, 6.48751, 7.84678, 1.71033, 29.8345, 10.8679, 7.68901, 14.5478 ], 
          [ 29.9777, 16.6278, 18.3161, 5.27961, 9.44956, 5.54523, 26.5771, 5.225, 19.2215, 10.1916, 5.31596, 27.5061, 16.7981, 6.44528, 9.83933, 13.4927, 5.12017, 12.7007, 7.68893, 19.7439, 26.5689, 11.4618, 7.6996, 28.7583, 28.2123, 13.9516, 18.7039, 23.8956, 6.01254, 12.978 ], 
          [ 27.9841, 8.28276, 20.5218, 3.38787, 18.5579, 4.20865, 16.2805, 9.68884, 19.6545, 27.7707, 29.4671, 29.8219, 17.2537, 3.55624, 11.2386, 5.96715, 25.4159, 6.48967, 3.16205, 28.2627, 4.97193, 6.05875, 20.2996, 22.0989, 4.38915, 15.2335, 23.2728, 7.57195, 25.6863, 26.0947 ], 
          [ 18.4397, 12.7546, 2.16283, 19.8337, 5.3066, 12.9999, 8.93965, 24.2399, 17.5903, 19.2547, 24.0647, 18.8218, 15.696, 9.33803, 22.2471, 25.8621, 12.627, 1.29253, 9.26248, 12.1617, 9.74958, 21.3401, 26.0109, 8.7363, 22.8655, 3.08551, 18.5358, 26.9696, 9.40897, 23.2419 ], 
          [ 12.7664, 13.7753, 29.9243, 29.2337, 25.4999, 24.9183, 11.3542, 5.32144, 11.9562, 4.50815, 18.2789, 14.8109, 29.9998, 12.1288, 23.6884, 17.5204, 1.44289, 28.8267, 29.9809, 12.9599, 7.24991, 5.68719, 28.5306, 18.7184, 9.73873, 10.2364, 29.8062, 17.375, 20.7814, 9.50063 ], 
          [ 10.6017, 2.37404, 21.4146, 17.6847, 28.9626, 19.2913, 16.0116, 22.8007, 14.6567, 20.8169, 2.26503, 13.5789, 19.812, 4.73755, 21.7678, 11.7956, 27.2078, 17.2608, 4.48151, 23.0039, 9.08401, 23.4058, 18.5022, 9.41221, 1.39733, 9.12202, 27.0326, 24.973, 22.8706, 12.6045 ], 
          [ 21.2247, 20.87, 28.6403, 9.01574, 5.12798, 5.49022, 7.33333, 25.125, 1.52505, 1.74724, 21.1476, 3.18236, 8.48946, 3.89537, 20.4792, 27.2798, 14.8029, 3.84307, 18.7066, 25.3528, 7.38494, 16.3432, 18.2867, 26.276, 1.46544, 18.437, 29.4787, 6.99487, 7.58264, 27.8725 ], 
          [ 28.3011, 9.45086, 29.1695, 17.3872, 17.162, 5.55913, 7.10561, 10.2698, 16.0882, 8.92889, 21.2381, 20.7541, 18.3246, 21.4834, 8.59488, 19.5154, 28.9455, 24.9606, 23.4444, 22.026, 20.8456, 29.2186, 13.8532, 9.57814, 23.1651, 23.6725, 20.384, 5.9851, 26.7822, 7.04432 ], 
          [ 28.3435, 21.9693, 15.6596, 10.1077, 28.9831, 27.7399, 26.9017, 26.819, 8.03312, 8.01214, 24.0537, 12.1894, 25.5879, 13.3058, 6.16222, 1.69021, 10.8097, 15.7664, 2.75499, 7.22077, 11.664, 5.88717, 7.02394, 9.1098, 23.84, 24.1151, 17.1992, 17.2472, 16.1998, 13.3611 ], 
          [ 16.6749, 13.3835, 14.8785, 20.4129, 27.807, 28.1241, 5.34514, 22.4964, 6.82523, 5.68422, 17.5626, 10.9295, 3.67561, 1.7175, 7.5339, 21.5914, 2.48324, 2.21361, 1.25489, 16.6724, 29.7667, 28.7152, 18.5183, 1.55217, 5.03915, 24.0155, 10.4947, 10.0168, 19.3923, 2.92678 ], 
          [ 13.1976, 25.3168, 10.7702, 20.6413, 17.5953, 29.4496, 29.6407, 14.3631, 18.4574, 16.8802, 27.2582, 14.8264, 11.443, 27.1039, 27.9948, 8.54487, 12.7997, 24.0443, 2.32955, 20.2975, 20.6804, 26.8944, 28.1225, 7.87673, 11.1141, 21.3092, 22.2462, 15.2994, 13.7953, 7.28237 ], 
          [ 28.2811, 23.9093, 24.871, 26.0603, 12.5967, 7.07438, 1.66606, 11.693, 25.9792, 5.00005, 14.9685, 29.5495, 24.5543, 7.89684, 8.99491, 9.85016, 22.4147, 4.456, 11.1633, 28.1649, 25.0861, 3.15365, 26.51, 20.0666, 18.6898, 26.3124, 2.87211, 10.3573, 19.7292, 10.619 ], 
          [ 19.1116, 24.0489, 29.6367, 2.43906, 16.9058, 10.7584, 3.995, 9.09241, 18.8546, 5.10367, 9.31801, 21.3972, 25.1664, 1.23004, 10.2517, 19.6268, 11.4689, 4.98715, 21.8667, 12.8435, 26.9825, 16.726, 2.09755, 17.477, 6.19956, 26.9722, 22.9865, 22.9902, 4.62844, 21.5421 ], 
          [ 1.43326, 3.02069, 12.8937, 4.01619, 6.94138, 25.5108, 11.5115, 10.1606, 7.86678, 13.3844, 22.5383, 2.92107, 7.57068, 9.0762, 27.6181, 13.7729, 4.40687, 25.7936, 11.1622, 19.3783, 1.77401, 18.0991, 14.7363, 25.6284, 4.7459, 9.72897, 19.7105, 16.3053, 8.26904, 17.4062 ], 
          [ 26.2871, 6.42339, 4.5856, 28.51, 22.0728, 26.2516, 1.76619, 12.6566, 1.91659, 25.614, 17.9241, 28.1102, 16.9906, 1.52844, 28.9264, 27.7537, 4.42204, 14.9402, 29.5415, 24.5564, 9.35619, 18.4309, 12.7043, 25.8657, 1.12419, 8.74574, 11.6412, 14.8479, 5.80062, 22.3396 ], 
          [ 12.7028, 22.118, 28.7418, 20.1986, 6.14299, 11.051, 17.8302, 16.2646, 17.9854, 28.4645, 7.82929, 6.91496, 16.4717, 23.5519, 29.0777, 2.27829, 17.3546, 15.0534, 22.0776, 3.19541, 10.5895, 6.896, 24.0809, 5.35657, 5.05234, 29.2281, 17.4328, 11.2822, 15.9528, 6.00701 ], 
          [ 25.9888, 25.0773, 20.665, 8.5228, 12.078, 13.777, 10.8227, 28.9936, 1.27153, 4.72971, 11.4375, 4.10503, 17.3807, 17.6207, 11.6469, 25.9477, 15.6641, 6.53145, 4.13738, 11.3537, 24.1773, 3.76637, 9.52571, 12.3335, 8.83207, 10.7247, 22.4335, 25.9092, 25.1499, 13.015 ], 
          [ 15.0282, 11.0346, 24.0961, 26.2645, 20.8399, 17.7614, 14.6618, 13.5009, 6.31114, 18.8766, 29.5257, 20.5664, 21.5714, 23.6691, 10.3782, 6.25847, 13.3689, 18.3128, 24.7411, 13.2773, 27.0931, 5.26498, 8.58114, 13.7545, 22.4616, 21.1235, 1.75698, 28.3833, 20.0484, 6.61798 ]
        ]
      ];
r = [
        [69982.1,67443.9,51162.5,80310.6,50281.3,55499.9,81405.6,71164,79076.6,59450.7,50994.2,53682.7,62897.6,55760,60430.9,66289.9,57686.2,61558.5,71152.5,69316.1,72724.4,76576.8,75084.4,55729.2,80916.9,55665.9,72644.4,71122.3,67748.6,62145.8 ], 
        [62255.3,72103.6,77811.7,68879.7,72058.1,64841.1,71723.6,55472.7,58154.6,75070.2,76207.9,56856.9,54869.6,72424,76990.2,79921.4,67293.6,77668.4,75642.2,50439.2,53343.2,57243.1,68282.5,55931.6,62712,50256,53129.3,77069.9,55988.2,59258.7 ]
     ];
d = [
        [44221.6,70573.2,10857.3,61255.2,15408.4,12703.2,47396.3,62400,5084.67,63300.3,57137.2,14495.7,65760.8,23551.9,86628.6,68014,3486.45,21258.3,10202,51470.3,20861.6,73419.8,77354.8,81546.7,18015.3,25770.4,57446.7,15402.9,83638.9,8876.82,49256.3,43654.7,46292.5,1586.72,3043.02,2342.01,14474.4,66457.2,1850.16,35722.6,33125.8,50228.5,50168,66973.5,49029.9,46201.9,77672.1,77390,22535.4,30957.2,89212,35082.2,40329.3,70152.9,82885.2,2237.97,65189.7,76625.2,27878.9,4071.19,20693.9,85563.8,85784.8,82523.5,65738.6,53702.8,85846.5,63216,22503.5,87256.7 ], 
        [3138.1,13197.1,54410.4,68693.9,64686.2,72499.2,36317.2,50052.7,47539.3,46642.9,14156.8,31801.4,82105.6,39569.9,43456.3,71314.3,38650.7,12130.4,61299.7,86215.3,3626.82,48785.4,62076.4,36528.4,47176.5,61967.7,20749.1,35799.6,53766.9,8844.41,7329.05,78034.1,80430.9,5089.4,57557.7,70082.4,47187.5,43398.3,87690.3,27033.1,27031.5,63406.5,50828.9,48643.9,53196,28186.5,25876.6,36229.9,85290.4,84546,71263.3,76338.3,51964.5,55245.7,13990.4,39230.3,58651.3,5756.73,72407.5,28271,70947.8,86167.3,65715.9,14979.1,39656.3,67164.2,29211.1,73341.3,20202.7,56374.2 ]
     ];
