/***************************************
* STOCHASTIC OPTIMITZATION
* OPL S2FVPP Data Generator
* by Jordi Mateo Fornes
* Model = S2FVPP; Stochastic (2S) MIP 0-1;
* Representation = Compact Representation;
****************************************/
I = 50;
P = 30;
C = 70;
G = 2;
p = [ 0.02, 0.02 ];
pc = 0.04;
ORCHARDS = { 1, 2, 3, 4, 5, 6, 7, 8, 9, 10, 11, 12, 13, 14, 15, 16, 17, 18, 19, 20, 21, 22, 23, 24, 25, 26, 27, 28, 29, 30 };
CUSTOMERS = { c1, c2, c3, c4, c5, c6, c7, c8, c9, c10, c11, c12, c13, c14, c15, c16, c17, c18, c19, c20, c21, c22, c23, c24, c25, c26, c27, c28, c29, c30, c31, c32, c33, c34, c35, c36, c37, c38, c39, c40, c41, c42, c43, c44, c45, c46, c47, c48, c49, c50, c51, c52, c53, c54, c55, c56, c57, c58, c59, c60, c61, c62, c63, c64, c65, c66, c67, c68, c69, c70 };
CGV = [ 15.075, 14.9031, 26.9731, 25.9945, 4.71777, 23.0418, 25.8037, 22.8487, 8.7723, 8.88741, 16.2434, 25.0695, 4.24681, 1.94114, 24.7818, 26.1864, 8.2733, 6.31399, 14.411, 16.6397, 6.97935, 11.36, 2.25969, 2.90389, 12.3891, 17.1504, 1.95159, 9.44976, 26.7828, 23.7265 ]; 
s = [ 0.175501, 0.126414, 2.3974, 0.976897, 0.389485, 0.254069, 0.785552, 1.7604, 2.9087, 1.72036, 2.5746, 0.21623, 2.37649, 2.55237, 1.68782, 0.161135, 0.617743, 1.34921, 2.79438, 1.77381, 1.9295, 0.415973, 2.55923, 1.6271, 2.98831, 1.48429, 2.59465, 2.61128, 1.89025, 29.9982 ]; 
CSV = [
        [
          [ 23.4691, 23.7576, 23.6085, 27.5979, 20.1312, 27.9123, 8.64881, 14.8403, 28.3939, 28.5901, 6.49455, 9.29181, 29.9825, 24.003, 11.6236, 11.674, 25.0376, 9.38692, 10.4061, 15.9219, 2.34843, 17.7383, 2.92548, 10.8988, 20.3375, 24.4266, 18.0384, 10.5007, 15.7664, 19.1519 ], 
          [ 24.2393, 11.7014, 17.7487, 14.4171, 12.8389, 14.6625, 1.96875, 25.8361, 22.8879, 21.37, 4.3944, 16.9348, 23.7048, 2.56124, 10.5237, 17.7371, 14.851, 24.3216, 20.0602, 29.7495, 28.6105, 26.9928, 9.10012, 21.552, 15.1525, 28.2883, 25.7001, 3.45984, 4.76688, 20.4803 ], 
          [ 12.816, 28.7694, 25.1429, 10.2292, 6.40697, 15.1251, 12.6988, 26.1173, 28.8557, 10.5762, 1.73957, 1.13533, 25.3389, 28.8014, 29.4908, 27.0496, 27.146, 25.9985, 25.7224, 1.35685, 8.24838, 13.0007, 22.7082, 13.903, 10.0979, 13.1213, 10.3721, 14.3266, 26.076, 2.31703 ], 
          [ 17.8894, 19.6545, 29.2022, 13.9513, 12.9769, 10.6774, 27.6553, 7.9393, 15.5461, 8.10061, 4.28261, 13.7452, 4.40203, 15.9445, 13.9029, 8.37513, 6.14042, 12.3136, 26.3386, 12.7048, 25.4016, 16.7188, 4.06602, 23.7827, 9.40165, 22.3392, 7.43729, 10.5465, 6.64455, 20.3992 ], 
          [ 12.8639, 15.3166, 13.2305, 7.71949, 16.6693, 20.4487, 16.582, 25.024, 13.1131, 15.6211, 27.1573, 21.8233, 22.1551, 9.97473, 21.091, 9.45387, 12.1599, 20.9661, 6.21072, 8.60892, 19.332, 28.3211, 8.76398, 15.7809, 26.5173, 3.61538, 22.4554, 17.6934, 17.7414, 23.7035 ], 
          [ 28.5721, 6.19232, 21.0547, 29.3364, 16.7553, 15.5295, 16.1027, 29.4471, 6.61879, 7.72471, 11.81, 20.2228, 27.3708, 3.78235, 7.89505, 4.78161, 3.0859, 21.5197, 10.2845, 20.2661, 22.9787, 20.3498, 21.1584, 20.6261, 21.3131, 23.4992, 24.7694, 10.4994, 21.3789, 7.01835 ], 
          [ 28.5713, 7.36469, 26.6222, 11.2793, 2.39948, 10.8675, 27.628, 28.7667, 14.1923, 14.3591, 19.3924, 16.0779, 21.0297, 7.92028, 25.5648, 25.1982, 10.4974, 26.6316, 28.9942, 16.5431, 1.92079, 13.8523, 14.9596, 5.26263, 3.43667, 25.2265, 25.8707, 20.6056, 7.6592, 17.7654 ], 
          [ 17.9895, 21.0671, 12.1889, 24.6713, 28.007, 19.1643, 23.7254, 15.3125, 17.5327, 11.3412, 20.2978, 28.9012, 9.74193, 20.5568, 14.0519, 13.3865, 11.6605, 29.9822, 15.1272, 5.15284, 23.8737, 2.2964, 26.6659, 15.0102, 1.29432, 11.7676, 8.41013, 21.284, 26.9052, 11.2404 ], 
          [ 15.2051, 3.33996, 15.1249, 2.69817, 9.71019, 20.3085, 21.2303, 16.324, 18.4561, 28.7204, 5.75849, 4.90549, 26.693, 18.9263, 7.68298, 3.43683, 19.9941, 10.9645, 13.9922, 19.057, 7.83443, 20.4192, 15.3067, 14.0892, 19.1419, 23.6575, 11.3871, 4.65443, 5.25945, 7.29601 ], 
          [ 27.4016, 22.0252, 6.63436, 15.305, 28.8166, 29.2193, 2.54782, 24.9409, 9.71135, 15.9723, 16.0541, 10.3643, 10.3255, 9.5793, 19.1917, 6.03677, 27.0801, 15.9832, 3.38851, 23.3028, 14.687, 21.5195, 2.84929, 25.532, 26.2609, 26.7046, 3.05262, 21.7266, 9.8119, 5.90068 ], 
          [ 17.892, 6.22236, 5.71037, 2.15002, 26.2421, 7.61005, 9.57887, 17.6393, 7.20605, 28.378, 9.67011, 19.9042, 12.6204, 4.56416, 12.1249, 2.64294, 7.26407, 3.25502, 21.6198, 15.8347, 14.7389, 4.76764, 2.01386, 18.7176, 5.38376, 7.36094, 12.0749, 5.88958, 27.5874, 21.8477 ], 
          [ 2.3831, 14.9816, 18.2754, 23.9251, 24.5174, 14.7848, 2.02949, 9.27516, 3.67856, 9.34984, 15.5876, 25.6131, 6.02605, 18.1419, 22.0098, 2.61479, 24.699, 10.7832, 22.7276, 8.71712, 21.16, 12.2089, 21.3383, 29.649, 10.7853, 13.2413, 1.90741, 21.9348, 17.5275, 7.91177 ], 
          [ 14.6724, 6.08304, 15.2072, 6.35602, 4.32282, 17.2875, 9.83957, 6.6067, 23.5182, 15.3612, 14.0438, 16.6298, 8.67995, 23.8884, 26.2122, 26.682, 16.9711, 11.2455, 7.99354, 23.4, 13.7279, 19.7026, 7.75018, 20.5118, 19.7281, 20.9815, 11.9738, 14.4595, 12.6988, 18.7648 ], 
          [ 28.2856, 4.08225, 15.5481, 15.4918, 26.2295, 12.4791, 15.0393, 21.5316, 28.6989, 23.3173, 22.3391, 9.76592, 24.5431, 2.20489, 5.09912, 3.38627, 26.2802, 20.2051, 24.8281, 22.9251, 2.68282, 12.9969, 29.1189, 22.1773, 15.2596, 29.8714, 23.4411, 3.58916, 11.7663, 5.07808 ], 
          [ 24.0897, 27.0352, 28.6881, 28.782, 10.5844, 5.53589, 18.3393, 19.9416, 9.50651, 25.5842, 23.2373, 22.4821, 7.8784, 12.0634, 22.382, 18.8521, 28.0592, 4.82387, 2.05042, 23.2822, 17.8092, 14.9821, 11.0738, 15.2178, 18.7731, 15.119, 15.6071, 2.54812, 29.8053, 13.5598 ], 
          [ 29.0903, 21.2892, 22.973, 18.0431, 23.6018, 5.01084, 16.1661, 13.5222, 24.9396, 17.3803, 5.43, 13.7046, 13.3809, 12.9108, 29.7861, 12.3178, 12.7281, 22.8956, 8.10872, 8.04897, 24.4329, 13.8023, 23.0133, 28.1605, 26.1623, 17.5714, 2.24201, 25.0722, 18.2917, 5.24373 ], 
          [ 22.605, 1.37262, 15.7408, 12.326, 2.64127, 16.3879, 26.2194, 28.1199, 19.8583, 11.0304, 8.29387, 27.3395, 1.80623, 13.5753, 28.8209, 27.6551, 5.31196, 7.9729, 12.3224, 26.0922, 26.2928, 28.4372, 26.006, 6.96543, 1.25724, 23.888, 16.351, 27.3224, 25.7712, 26.0652 ], 
          [ 17.1997, 6.54859, 23.1645, 23.2158, 9.55956, 10.634, 17.3105, 10.8478, 19.5484, 11.0198, 5.46179, 28.7623, 23.3566, 16.2666, 2.66414, 25.0778, 20.7153, 13.4117, 26.6795, 6.97504, 17.1616, 13.3694, 9.28243, 23.8665, 22.5559, 24.4024, 3.40202, 9.52978, 20.9111, 14.2234 ], 
          [ 13.2643, 26.3021, 6.92471, 27.9048, 6.93673, 26.6802, 12.8231, 15.7263, 7.27381, 27.2105, 24.6897, 7.71986, 12.1855, 19.7546, 26.0991, 16.86, 5.46745, 8.6903, 19.19, 12.2939, 23.036, 20.0162, 6.60156, 11.0671, 3.4187, 17.501, 27.6059, 12.5199, 23.5287, 24.9815 ], 
          [ 22.7029, 16.6213, 16.3961, 25.177, 9.06058, 2.51238, 27.7714, 25.4689, 29.1873, 19.587, 5.15639, 7.58385, 1.85258, 5.37998, 27.2058, 8.01166, 26.4374, 21.8971, 25.6586, 15.9714, 25.9859, 21.6823, 26.4852, 22.9116, 22.6236, 13.374, 22.7572, 26.0764, 4.76666, 17.2325 ], 
          [ 1.76201, 26.7914, 21.8589, 8.9223, 18.1959, 13.4739, 16.6085, 5.46509, 22.382, 2.48972, 2.18318, 22.9526, 10.6614, 11.483, 6.8785, 19.3386, 5.82045, 11.0171, 11.9613, 7.80323, 1.37411, 1.12131, 14.6074, 4.28262, 25.6172, 14.0901, 18.8251, 2.07482, 29.2999, 18.3585 ], 
          [ 9.7053, 23.8237, 15.7622, 16.5678, 13.5639, 27.0597, 5.08527, 25.8505, 28.1078, 22.1922, 5.02914, 5.49008, 25.2387, 18.8841, 12.2401, 23.3061, 10.3025, 4.62498, 14.8728, 15.0281, 17.4554, 4.01135, 2.1869, 24.2827, 12.3877, 6.7098, 8.24865, 13.7384, 11.4954, 28.4928 ], 
          [ 5.11758, 26.0321, 15.2069, 16.3971, 19.9761, 21.647, 17.7696, 13.6202, 8.02782, 14.7719, 10.4906, 13.1298, 15.4188, 11.4398, 2.93652, 9.35233, 18.8208, 2.50513, 18.3469, 6.65204, 4.81725, 12.4931, 18.4445, 22.9565, 4.12378, 9.75857, 8.52339, 20.5876, 7.36239, 27.7407 ], 
          [ 18.1138, 6.52863, 25.282, 7.50235, 15.7778, 13.7313, 29.0842, 3.95604, 20.5681, 27.403, 21.4003, 16.0264, 10.1272, 6.42619, 29.0148, 15.0239, 18.3738, 4.87644, 2.71648, 11.778, 20.3354, 20.2221, 5.8316, 26.6024, 29.7965, 19.1584, 27.4738, 23.6769, 12.8334, 10.4183 ], 
          [ 15.2998, 18.9056, 17.0599, 7.59575, 17.8176, 12.7833, 6.38944, 27.3094, 29.5269, 27.9053, 7.76178, 23.2576, 21.6004, 7.03589, 8.40499, 17.2332, 4.21282, 14.4158, 20.7038, 8.8554, 29.1451, 22.7988, 2.05028, 21.1875, 25.0354, 25.3403, 27.2848, 7.583, 10.2368, 6.18865 ], 
          [ 10.5579, 2.33789, 9.75546, 24.3246, 28.3221, 10.5365, 17.7595, 4.3015, 8.3992, 25.3488, 6.355, 2.67101, 25.9602, 27.6717, 16.2414, 1.39754, 20.3065, 23.8224, 27.8654, 9.22083, 26.9574, 12.9838, 24.2021, 22.3621, 3.86153, 16.7114, 23.391, 14.4105, 14.8713, 8.73585 ], 
          [ 2.66371, 9.90977, 25.9519, 7.49562, 19.2426, 5.8751, 9.74073, 14.3265, 14.1603, 3.23386, 17.9151, 4.33768, 14.1673, 9.13932, 26.8589, 21.2944, 15.5038, 22.1628, 28.6608, 15.0504, 25.0989, 4.30459, 25.9369, 3.04819, 4.54616, 23.9414, 14.6092, 1.50173, 5.72547, 17.1832 ], 
          [ 27.0976, 18.3178, 23.8042, 9.71109, 24.7634, 26.4934, 23.3968, 19.3961, 19.3674, 8.41335, 17.4746, 25.9238, 9.75663, 23.9037, 23.4207, 26.0747, 22.6436, 5.14867, 15.902, 3.92079, 21.628, 7.85344, 26.43, 14.0609, 20.2924, 11.1522, 25.953, 26.2946, 10.973, 26.8241 ], 
          [ 29.152, 7.98383, 18.5928, 13.2461, 6.47589, 1.26647, 20.8596, 27.962, 2.65873, 18.9186, 22.3703, 15.054, 23.8806, 21.5815, 8.45201, 19.7185, 25.6269, 3.04841, 27.1391, 26.9049, 21.5781, 22.5676, 23.3735, 10.3285, 8.17095, 10.837, 23.6722, 18.916, 28.4908, 11.917 ], 
          [ 15.9311, 10.1797, 26.0862, 2.89089, 8.23255, 12.5586, 5.03138, 24.0196, 13.8216, 3.99679, 28.4634, 4.84842, 16.2498, 1.91017, 11.8366, 24.5984, 4.53862, 25.1675, 18.5014, 15.1503, 17.2366, 3.96498, 24.4213, 6.98977, 19.1123, 13.9828, 24.7885, 7.77161, 22.6464, 14.2795 ], 
          [ 17.8575, 13.886, 24.3227, 11.5981, 23.0983, 20.9291, 12.5199, 14.6903, 25.1071, 5.4194, 24.4427, 23.1689, 21.9682, 27.7104, 18.8082, 28.286, 7.31751, 3.00461, 22.3159, 7.34876, 4.55338, 2.43637, 25.2849, 25.7466, 16.4668, 24.5723, 11.3941, 20.6384, 7.45288, 28.1291 ], 
          [ 9.23071, 2.55605, 14.133, 12.749, 12.7351, 17.7039, 28.0529, 16.301, 6.70904, 29.6933, 18.2441, 25.037, 25.8314, 23.0557, 6.15534, 4.2495, 17.7749, 1.89656, 19.0499, 2.30266, 24.4408, 12.5465, 16.2999, 20.2403, 10.4856, 27.5661, 17.8926, 29.3308, 15.2496, 16.1376 ], 
          [ 1.70841, 11.0848, 12.941, 28.5492, 21.9222, 19.822, 22.4465, 27.8078, 25.2027, 15.3206, 6.44978, 15.5197, 4.46816, 14.1145, 7.72013, 10.5247, 27.6739, 11.9894, 11.3617, 12.2388, 23.9601, 22.8405, 27.1986, 7.02647, 1.63948, 19.3754, 22.396, 11.2871, 4.93459, 22.7374 ], 
          [ 9.43214, 26.7231, 16.0735, 9.07915, 25.1973, 21.4669, 14.7909, 4.64402, 27.661, 27.4393, 14.6598, 21.0106, 19.2397, 4.65643, 14.2173, 20.8435, 13.6049, 10.8863, 24.7967, 27.6065, 24.9548, 29.2276, 10.1316, 6.38328, 6.812, 23.8182, 22.3176, 13.6031, 2.8576, 20.1453 ], 
          [ 23.5551, 7.22316, 15.7952, 25.8777, 28.5567, 21.7692, 26.4998, 12.2609, 9.42797, 22.5307, 26.27, 24.4183, 13.382, 24.6856, 17.3444, 21.2624, 14.6039, 2.06289, 23.4587, 20.7723, 25.105, 19.9096, 23.1484, 23.8594, 26.0503, 19.3674, 7.33019, 24.0658, 17.7268, 6.07993 ], 
          [ 16.8486, 22.3473, 24.7992, 22.4894, 13.7905, 7.50096, 27.8465, 15.2417, 24.3114, 27.4077, 15.091, 2.11617, 1.9752, 8.94526, 24.0528, 16.5176, 20.7929, 28.0753, 9.96433, 25.3567, 10.9603, 28.0109, 12.9742, 28.4901, 24.1087, 4.65566, 5.49806, 10.6441, 13.2696, 3.31155 ], 
          [ 1.68822, 13.2502, 25.5539, 15.8942, 13.5298, 2.85152, 2.17172, 22.992, 29.915, 25.4093, 6.1481, 24.6713, 13.6903, 27.4546, 4.6319, 16.8584, 10.0709, 8.95046, 3.49698, 10.4641, 17.6172, 17.4292, 20.7701, 23.4359, 22.8596, 7.87711, 1.95391, 11.5307, 27.9809, 20.5178 ], 
          [ 3.64335, 14.8285, 18.1821, 11.8812, 12.7133, 12.7061, 2.83794, 4.18432, 19.4787, 22.0194, 5.56858, 24.7099, 25.6008, 16.2593, 20.2801, 20.6035, 11.0177, 7.32894, 20.809, 14.6163, 11.1194, 13.8238, 2.72842, 18.0474, 16.707, 17.6535, 25.8563, 16.8226, 18.5337, 1.05597 ], 
          [ 15.5672, 23.8196, 28.9691, 15.8952, 2.45781, 29.5459, 17.7606, 10.8003, 20.6561, 1.58617, 21.4837, 6.79716, 22.1458, 16.9083, 26.9159, 21.8814, 21.4818, 21.7039, 9.62587, 3.08259, 28.8171, 26.3413, 27.2232, 15.0573, 18.08, 1.25399, 13.8251, 19.0456, 24.8549, 12.857 ], 
          [ 23.6908, 22.0952, 1.27022, 10.6951, 4.00563, 16.3587, 20.6272, 28.2962, 18.5341, 6.08556, 4.04837, 26.4544, 21.6407, 27.816, 18.3808, 28.0905, 25.6562, 20.8755, 24.1913, 14.7654, 3.82355, 14.4852, 10.3018, 2.09801, 19.5783, 14.4672, 5.12179, 1.82875, 13.8537, 4.94659 ], 
          [ 20.7571, 4.72134, 5.25518, 29.6306, 18.2326, 29.5621, 18.6466, 12.009, 19.8059, 15.6986, 9.95961, 5.31218, 9.84, 24.6722, 7.39257, 5.75343, 28.8007, 3.52194, 2.30054, 8.26825, 17.304, 18.3368, 12.6071, 10.4433, 24.9738, 9.31192, 8.05462, 17.1201, 7.99729, 29.5924 ], 
          [ 17.435, 14.5034, 8.13849, 29.0497, 26.7365, 15.4687, 2.35909, 28.6224, 28.6774, 14.1087, 22.4216, 6.21481, 10.3683, 8.1251, 24.1163, 28.5887, 10.8288, 12.6004, 22.3982, 25.9167, 3.29402, 20.8567, 15.8955, 20.4097, 28.1539, 6.92001, 11.5941, 26.8209, 24.0114, 25.6919 ], 
          [ 15.1042, 4.62274, 10.9113, 22.2966, 18.4032, 25.6247, 12.5972, 29.7401, 15.9548, 4.15155, 14.9533, 3.16498, 15.1039, 11.1667, 13.2367, 13.2552, 18.8837, 16.3111, 6.26591, 22.4589, 28.933, 28.0445, 26.1327, 9.03518, 8.45846, 2.82758, 26.7918, 27.196, 14.5376, 9.04543 ], 
          [ 7.83763, 16.363, 23.81, 20.6023, 6.29415, 15.0055, 27.7207, 22.8221, 5.37832, 24.5683, 20.1006, 20.9392, 12.6219, 16.8528, 8.08632, 24.993, 13.7943, 6.39081, 3.17732, 27.2193, 4.23554, 20.0285, 15.991, 11.4564, 12.8282, 25.9357, 9.31483, 2.44969, 26.8327, 22.9654 ], 
          [ 24.3947, 14.6276, 12.5478, 26.3694, 12.7365, 11.4202, 21.9256, 14.2919, 16.3519, 12.8096, 23.1302, 20.5008, 17.8682, 13.3054, 1.90827, 18.4837, 28.1572, 25.0793, 10.0556, 18.9492, 14.7192, 2.237, 14.5599, 12.7428, 16.7536, 7.60604, 12.0514, 15.5075, 29.051, 29.9325 ], 
          [ 20.9604, 1.10812, 22.5014, 2.19528, 13.0548, 1.3061, 1.76248, 25.5871, 7.90757, 28.233, 23.6984, 8.82934, 20.2985, 14.2294, 5.2669, 23.0527, 23.8661, 25.4476, 11.6058, 25.177, 25.6697, 18.9037, 1.64583, 9.4042, 11.7192, 25.1338, 2.57773, 8.15684, 13.3744, 2.18321 ], 
          [ 11.9117, 5.65436, 24.026, 8.12774, 25.5489, 21.6573, 29.7618, 21.9759, 9.74272, 6.86208, 17.7993, 8.16096, 10.1145, 18.029, 29.737, 12.8237, 8.7108, 20.463, 17.2578, 8.42446, 3.92923, 21.2689, 20.7613, 25.0394, 13.2582, 8.89363, 10.436, 3.35523, 25.2079, 12.8915 ], 
          [ 20.7806, 4.82358, 23.1271, 16.7301, 8.85539, 28.9536, 2.68978, 5.48823, 16.0777, 4.21634, 2.12744, 11.0436, 15.5176, 19.3013, 5.68313, 11.5981, 11.6445, 27.1878, 17.7363, 3.0836, 7.84349, 25.43, 26.7999, 28.1011, 25.4293, 16.749, 6.80511, 2.28063, 5.205, 15.0506 ], 
          [ 6.22559, 29.5756, 1.87084, 28.5219, 8.92175, 7.62985, 18.2972, 6.37196, 8.99142, 23.4131, 16.5928, 2.5529, 29.7935, 15.1547, 10.8245, 1.21328, 16.5772, 9.96426, 22.7975, 1.08595, 13.7585, 13.8557, 7.79662, 11.7361, 3.98725, 14.0749, 21.1875, 19.3103, 13.9896, 4.47156 ], 
          [ 8.76122, 25.2695, 12.3906, 2.32953, 1.2853, 9.7949, 20.3569, 25.8329, 5.4472, 1.60446, 14.1942, 4.02894, 9.60908, 15.3445, 16.2917, 8.51354, 19.3445, 29.6261, 21.7035, 24.8078, 15.9208, 3.56955, 7.21829, 20.8017, 17.9264, 11.3604, 15.5734, 12.6101, 23.0895, 7.76229 ], 
          [ 19.5332, 2.54354, 5.22422, 24.0978, 1.2473, 2.72637, 28.9643, 23.4147, 3.22702, 10.0884, 29.9191, 8.20642, 14.2496, 8.59974, 25.9527, 18.7994, 3.20641, 1.70141, 1.23412, 26.2062, 4.89206, 4.93461, 4.97434, 19.1745, 14.706, 8.77027, 8.44589, 17.9711, 1.23714, 6.49057 ], 
          [ 10.469, 6.06922, 5.81393, 8.42766, 11.7704, 3.35034, 11.3936, 14.1636, 22.6087, 1.44802, 27.6268, 12.2619, 16.3159, 28.8042, 22.2085, 17.3489, 5.76254, 9.70382, 23.5123, 1.08895, 16.2102, 6.3694, 22.4889, 29.1501, 28.5694, 16.2697, 5.71995, 26.4347, 10.2962, 19.7914 ], 
          [ 8.5546, 28.2088, 5.32272, 17.6414, 24.0028, 27.1413, 20.9901, 8.59402, 15.8462, 11.7959, 13.6043, 6.03446, 15.5457, 9.64243, 12.8844, 25.8516, 3.22802, 19.2587, 20.0354, 12.1916, 11.1159, 11.1051, 21.3268, 10.9528, 16.185, 26.8356, 23.0701, 6.40671, 17.9045, 2.9171 ], 
          [ 5.39682, 4.37638, 1.88309, 2.34615, 24.0268, 28.875, 2.81667, 6.46228, 6.27266, 8.80496, 15.7269, 23.6294, 2.39662, 3.10818, 26.1242, 2.55161, 28.6486, 13.0417, 4.62356, 21.9784, 27.5839, 26.9605, 6.11719, 18.6895, 18.6558, 10.5128, 2.875, 18.3379, 18.8583, 18.5986 ], 
          [ 12.4014, 28.0213, 17.0189, 25.6849, 23.3685, 28.2611, 10.3864, 16.3224, 10.5618, 17.5992, 9.2148, 26.101, 6.30762, 13.4727, 29.3858, 2.83273, 14.8031, 22.1978, 23.2101, 17.1046, 10.4892, 23.0367, 14.7379, 23.2366, 7.87091, 3.52311, 5.78492, 20.8027, 20.606, 25.6901 ], 
          [ 10.4972, 19.2155, 15.3515, 3.48702, 25.4935, 17.208, 8.65584, 10.944, 12.1196, 18.8761, 22.5212, 7.37662, 28.1045, 28.7539, 5.16628, 11.4015, 28.5145, 2.17414, 22.885, 22.4455, 2.725, 29.846, 16.3767, 5.14211, 6.57054, 23.8017, 12.1467, 17.2295, 15.7381, 13.3988 ], 
          [ 18.2132, 9.87928, 7.27201, 15.4134, 7.89132, 13.8322, 13.5309, 17.6137, 27.3898, 1.02005, 18.02, 22.8765, 29.8995, 3.447, 15.1867, 25.4061, 13.0772, 25.9752, 7.2213, 8.69526, 26.4275, 15.7263, 5.69628, 10.1848, 6.6797, 15.0774, 10.2358, 7.4443, 20.1804, 9.38034 ], 
          [ 8.2556, 10.9415, 12.2674, 29.287, 2.94869, 29.7336, 7.60948, 1.50746, 5.67813, 7.85321, 7.91384, 24.9648, 17.181, 5.57447, 9.27635, 14.031, 10.6764, 20.3048, 11.7377, 17.6104, 7.58678, 18.7016, 10.8998, 8.67131, 25.1165, 5.47285, 19.8887, 14.1598, 27.0899, 1.58128 ], 
          [ 3.66343, 3.65949, 21.0621, 17.7359, 12.4905, 8.13725, 11.6985, 14.1278, 8.9858, 12.4994, 28.6258, 14.1528, 21.7595, 8.55068, 2.19945, 21.5254, 7.92481, 20.5771, 10.5458, 20.4246, 22.5744, 27.733, 6.93541, 14.9333, 29.9136, 7.4402, 1.81733, 2.40845, 10.3563, 28.8908 ], 
          [ 14.8748, 16.0593, 28.1059, 23.0344, 18.5272, 23.3444, 13.9413, 24.8022, 17.6093, 13.9978, 21.9741, 26.033, 8.50008, 6.00173, 14.9755, 9.41775, 4.85419, 9.505, 15.6334, 10.5249, 3.61993, 21.7205, 26.9661, 22.5837, 7.9895, 16.9688, 29.4767, 24.0887, 19.1441, 7.71583 ], 
          [ 4.51965, 11.3407, 15.6627, 3.64925, 27.5786, 27.3964, 28.5727, 22.6985, 13.4085, 17.5737, 23.2145, 26.5043, 26.0041, 24.0031, 28.8261, 11.4835, 1.25992, 25.8694, 18.8565, 25.703, 7.67582, 20.7889, 16.7808, 10.146, 4.36221, 19.463, 5.64776, 3.4276, 11.7501, 13.8823 ], 
          [ 6.70021, 8.86727, 21.1394, 14.9882, 21.938, 5.68605, 3.43323, 26.8966, 2.09694, 9.54708, 13.1536, 29.5106, 12.9049, 2.37733, 3.11705, 28.5622, 21.2916, 16.5168, 24.7021, 22.7473, 19.8303, 19.7205, 6.53649, 2.92836, 24.3822, 19.6057, 18.6483, 27.5308, 1.35627, 2.32873 ], 
          [ 20.3921, 2.05153, 1.4106, 2.79928, 5.34682, 28.9684, 2.71469, 27.0005, 9.61582, 5.73198, 12.2242, 21.9831, 15.7509, 4.6473, 5.44814, 9.04205, 14.4909, 5.22149, 7.94196, 10.5334, 12.9502, 4.86123, 9.75076, 24.4716, 4.84371, 4.11665, 22.6357, 28.1735, 17.2829, 26.77 ], 
          [ 11.4048, 17.4171, 27.2815, 18.2759, 10.0614, 14.5921, 12.8853, 28.0839, 8.68094, 17.6897, 22.3124, 14.3857, 18.2161, 5.49901, 29.3087, 11.4699, 16.7528, 11.1724, 13.8606, 22.186, 26.3771, 17.6519, 7.65293, 16.574, 28.4216, 27.3403, 26.5033, 11.2603, 24.2901, 8.65313 ], 
          [ 7.7233, 29.8251, 1.70924, 27.1757, 4.80189, 19.0401, 3.90628, 21.0355, 28.508, 2.71349, 21.2691, 17.9674, 9.35604, 25.2807, 4.9913, 11.4258, 24.5507, 25.4076, 21.7227, 5.06722, 10.3153, 8.55728, 6.38557, 19.8333, 14.0494, 20.4179, 20.9146, 17.3294, 19.5102, 1.48455 ], 
          [ 6.50249, 16.1188, 12.5464, 22.8522, 7.23193, 12.5651, 1.8459, 11.666, 29.7905, 29.4283, 2.72725, 10.0481, 8.68083, 21.9287, 5.35875, 26.4094, 11.0507, 11.8826, 19.0073, 25.6703, 19.5527, 17.1655, 27.124, 1.1737, 8.57851, 27.5902, 7.43513, 3.32388, 23.6753, 27.4084 ], 
          [ 5.15549, 19.7581, 7.65831, 10.6499, 2.29197, 16.7872, 14.9297, 25.0195, 11.9684, 28.4011, 16.8606, 6.91211, 24.1622, 8.36048, 24.8239, 13.5927, 29.2806, 25.7498, 19.2297, 5.26016, 21.4582, 24.7076, 9.19766, 25.139, 3.62491, 27.5518, 9.80433, 3.32765, 18.5346, 19.0256 ], 
          [ 29.7891, 22.9583, 8.70535, 2.27576, 22.8446, 25.597, 3.19425, 14.1547, 20.4238, 14.022, 29.3388, 18.7301, 2.54121, 25.9755, 16.2985, 18.1138, 15.524, 25.1228, 3.18166, 21.5937, 3.18352, 4.7075, 6.36858, 23.7374, 13.3876, 12.2283, 14.3144, 21.2914, 16.9684, 14.5101 ], 
          [ 3.27309, 14.5242, 15.9341, 18.184, 19.9328, 27.496, 7.57639, 22.7505, 28.4072, 17.7216, 27.2146, 9.85539, 19.1729, 10.6108, 29.8987, 12.7475, 26.599, 4.82529, 15.8974, 26.178, 16.5075, 25.937, 23.6979, 16.4898, 18.8939, 14.8139, 27.5528, 13.3466, 27.0271, 7.69755 ], 
          [ 25.4347, 21.8803, 11.1476, 16.8824, 20.7638, 1.3028, 14.2651, 7.48765, 17.6263, 16.3675, 14.4235, 7.48332, 15.4513, 23.3864, 29.9511, 22.7127, 3.02964, 13.0883, 14.6823, 8.89279, 13.5442, 28.8625, 4.85277, 20.4705, 29.0575, 17.0867, 2.30393, 21.2976, 15.0055, 12.613 ]
        ], 
        [
          [ 15.7864, 18.7979, 20.8749, 19.2849, 19.6944, 16.2249, 18.8514, 23.4412, 16.7956, 19.0048, 12.1226, 26.3208, 10.5059, 21.9935, 11.5006, 13.1921, 24.1016, 20.2887, 24.344, 18.9243, 29.6147, 8.67533, 14.9794, 5.27406, 28.3714, 6.88551, 28.5643, 4.44825, 24.5107, 15.0192 ], 
          [ 24.0382, 7.00218, 20.2367, 3.2383, 9.79401, 6.48393, 20.156, 19.6343, 29.4472, 16.6756, 8.12438, 12.6049, 29.8783, 16.1293, 8.86948, 20.1378, 18.765, 6.26808, 20.727, 15.0027, 12.0992, 16.0801, 15.3517, 2.6127, 6.11249, 24.6215, 19.5606, 26.3111, 11.8456, 19.8491 ], 
          [ 7.34127, 25.0585, 2.40685, 17.9426, 24.1846, 22.3015, 11.6223, 27.2289, 14.4511, 16.4744, 26.8886, 8.3974, 11.0978, 9.28237, 13.6428, 10.3511, 11.4775, 27.5638, 1.60099, 21.6093, 15.2833, 1.83205, 11.7516, 29.8948, 11.8274, 27.1532, 6.57452, 17.2932, 3.35232, 7.27022 ], 
          [ 15.7504, 1.34755, 20.3328, 27.8493, 10.2627, 6.71734, 20.3459, 27.696, 22.3506, 19.6682, 22.2502, 23.2274, 22.7758, 15.2264, 8.29295, 4.66345, 29.9836, 25.4517, 1.83064, 27.9324, 21.0015, 25.885, 3.43854, 22.0918, 16.6912, 18.9704, 4.47538, 7.77715, 9.46419, 20.7549 ], 
          [ 18.3814, 12.8661, 11.7042, 7.76664, 18.5132, 1.11834, 21.7399, 10.4018, 4.98831, 17.203, 24.8557, 23.3398, 14.8123, 7.23216, 13.8879, 18.3851, 17.4827, 25.5581, 7.17061, 5.00527, 27.5648, 2.44719, 1.14558, 21.2663, 16.5764, 3.81496, 18.8974, 16.5439, 19.7207, 29.8152 ], 
          [ 20.6177, 8.7262, 5.74703, 23.01, 26.1259, 3.31402, 23.2387, 17.0493, 1.10968, 5.94607, 13.5369, 16.9941, 17.6005, 5.69416, 15.5545, 10.2669, 20.5085, 5.2473, 15.1182, 25.0744, 25.7656, 21.3545, 11.5627, 19.4635, 24.7901, 26.9121, 12.7624, 6.73361, 25.0311, 3.1543 ], 
          [ 22.3457, 21.213, 5.69968, 7.60295, 4.47614, 5.03267, 14.0836, 21.5724, 3.80408, 24.7657, 24.2709, 14.8897, 29.795, 5.31223, 9.16421, 21.7851, 5.7517, 22.2234, 7.03234, 19.8724, 5.05125, 15.8612, 16.3839, 4.62966, 22.0529, 17.1867, 20.1305, 29.5265, 24.8806, 21.5055 ], 
          [ 25.6573, 4.80877, 28.2421, 7.81651, 17.9036, 25.5119, 12.7289, 19.9035, 8.62656, 20.0567, 13.4362, 1.53997, 18.9592, 3.41818, 25.4382, 23.2329, 19.31, 11.9973, 25.8441, 27.8806, 13.5542, 17.4962, 16.8089, 28.9683, 8.64281, 10.4714, 27.3384, 27.9552, 2.81407, 17.8034 ], 
          [ 8.03073, 9.12158, 3.63574, 8.39096, 4.33002, 23.6639, 22.3777, 7.68172, 6.23717, 24.6722, 11.4639, 21.4083, 2.88784, 26.3008, 23.0847, 10.7477, 14.7194, 7.00156, 16.0207, 7.51932, 3.53418, 22.7617, 4.76709, 25.1795, 3.03171, 23.3707, 13.9414, 23.5259, 5.91906, 15.6255 ], 
          [ 5.44148, 7.30067, 27.2047, 15.3098, 18.3834, 15.7016, 6.21807, 27.3346, 27.9514, 13.9719, 15.6197, 17.9205, 3.18062, 1.25718, 12.7825, 13.6851, 7.49673, 3.91156, 25.8456, 3.8376, 17.2093, 10.6272, 4.11165, 29.7802, 27.6959, 24.8915, 4.03745, 20.6475, 9.00111, 17.4369 ], 
          [ 28.0079, 21.8665, 15.4914, 10.1244, 27.8483, 6.78119, 9.63666, 27.3945, 1.43274, 18.3603, 10.2846, 11.9711, 5.32868, 10.7434, 8.79965, 25.5909, 29.3375, 18.8798, 8.62359, 5.00196, 8.94103, 15.8852, 13.4068, 15.2292, 26.9726, 29.5229, 19.0394, 24.3276, 16.1649, 4.2575 ], 
          [ 1.64813, 24.824, 11.8183, 22.9334, 10.4073, 28.7682, 2.30423, 7.53263, 19.1865, 12.3175, 28.9515, 12.6152, 7.50844, 29.6747, 29.427, 2.53484, 7.85378, 10.3264, 21.4066, 19.7025, 29.0719, 6.30253, 9.16432, 19.7532, 12.4643, 13.337, 9.60603, 27.8093, 10.7047, 12.8396 ], 
          [ 29.5141, 14.0406, 26.5408, 20.4312, 14.7325, 29.9726, 28.5903, 16.8381, 18.5618, 12.7172, 10.3867, 4.89605, 11.578, 17.5983, 17.6252, 4.38589, 25.705, 25.4721, 5.21087, 20.2676, 20.1858, 15.7518, 5.97331, 12.1362, 16.1401, 18.8193, 13.4761, 29.9835, 13.9843, 25.2105 ], 
          [ 21.2575, 13.8863, 25.3471, 9.25571, 19.6279, 21.677, 29.9447, 14.342, 7.49552, 22.5745, 5.57034, 4.62493, 5.33944, 2.17538, 14.8694, 11.0848, 23.7298, 15.8285, 16.6057, 4.31717, 7.31622, 9.95245, 21.3189, 12.6514, 18.1489, 27.2849, 25.2391, 1.72186, 5.48071, 27.9512 ], 
          [ 5.47264, 8.56816, 25.6673, 23.0766, 26.5578, 5.40531, 18.0909, 16.0254, 6.20301, 14.095, 14.5343, 2.26828, 9.07368, 21.2661, 21.1446, 25.8454, 22.2174, 10.9077, 21.6869, 22.5453, 25.9392, 25.7751, 17.6479, 8.528, 2.73914, 22.7882, 15.1615, 18.9533, 23.5535, 9.98238 ], 
          [ 13.8369, 19.7032, 20.4472, 26.7773, 2.38597, 29.4629, 5.02977, 16.7003, 18.6136, 22.9459, 10.8613, 13.3492, 15.4393, 15.4242, 4.11492, 12.4252, 26.6533, 20.3329, 27.4303, 9.7297, 1.8138, 10.9076, 28.6057, 26.1174, 18.8317, 3.14667, 25.4977, 4.20621, 12.3162, 1.50348 ], 
          [ 10.2517, 10.294, 16.9776, 6.8907, 11.7223, 24.7217, 12.5367, 1.73259, 11.0679, 12.138, 27.7005, 27.9412, 20.0947, 17.6372, 10.3378, 22.1038, 29.9547, 12.998, 28.7088, 13.7009, 3.33858, 20.174, 13.6627, 25.8968, 15.061, 15.0212, 16.3524, 13.0159, 14.3993, 16.6916 ], 
          [ 20.8304, 20.4402, 23.694, 17.4693, 21.0729, 2.48579, 22.6647, 17.0077, 10.7201, 9.01406, 23.1056, 9.38027, 7.62144, 24.582, 23.1763, 8.68489, 5.81983, 3.29402, 20.0756, 12.4083, 28.657, 4.46002, 7.51142, 5.54023, 12.8598, 22.431, 29.0406, 15.1806, 13.3689, 9.65122 ], 
          [ 19.5106, 12.8579, 11.6426, 25.1534, 21.3871, 13.7367, 14.1901, 28.8756, 24.5744, 23.8137, 13.7851, 21.0843, 29.0941, 23.697, 19.8956, 20.6965, 6.93937, 26.2785, 15.512, 19.912, 20.915, 18.9273, 5.90843, 19.8937, 18.7066, 13.5715, 1.83197, 23.8766, 12.8969, 4.2881 ], 
          [ 4.45372, 2.84836, 24.5344, 15.9707, 14.0962, 25.3803, 13.6254, 26.7972, 21.4832, 3.19446, 4.52263, 22.4647, 9.83184, 20.3016, 16.8616, 21.4646, 3.76622, 2.9714, 23.4744, 22.2085, 1.22791, 1.18936, 19.0654, 2.96035, 8.8353, 21.4933, 29.1423, 15.2201, 24.2305, 18.9937 ], 
          [ 1.18293, 26.4674, 20.924, 5.00201, 14.1862, 29.084, 6.10494, 24.4669, 24.7486, 19.2821, 28.5334, 5.68742, 22.9699, 7.41429, 8.63571, 23.9781, 19.7218, 9.77783, 24.9876, 13.8382, 19.3758, 6.13464, 5.08007, 29.1423, 23.1468, 27.1275, 15.1738, 2.70375, 16.568, 2.67189 ], 
          [ 12.0478, 4.83389, 7.40849, 6.06856, 24.0273, 29.212, 16.5759, 3.00361, 5.19886, 19.6579, 23.9197, 11.9583, 15.7884, 5.02427, 27.9975, 6.97845, 16.1972, 17.5466, 7.18429, 4.53854, 14.4149, 20.5371, 3.24624, 2.9601, 5.54756, 21.0842, 8.22767, 27.7543, 18.1423, 1.58187 ], 
          [ 20.9915, 2.44179, 16.7954, 6.94393, 23.0843, 17.298, 28.8434, 24.5371, 13.0835, 2.82209, 26.6098, 28.9295, 2.76662, 19.3239, 16.3313, 3.47008, 23.5265, 1.6541, 29.798, 6.30326, 24.2636, 6.92655, 1.9787, 7.29962, 27.1304, 12.0082, 25.2256, 17.9787, 15.0471, 15.5903 ], 
          [ 14.6486, 3.68721, 13.3724, 18.7382, 25.8749, 10.7843, 9.26083, 25.5836, 15.2066, 13.4623, 24.2688, 8.65409, 8.88701, 9.33419, 29.6411, 25.1576, 7.64424, 3.26484, 2.93348, 16.4957, 21.3649, 12.417, 6.87826, 2.05705, 11.887, 22.7282, 1.98829, 14.2195, 13.196, 10.8011 ], 
          [ 1.37235, 14.6856, 23.5659, 24.1027, 9.1306, 2.52954, 28.063, 23.477, 14.2376, 19.3477, 21.0803, 27.6052, 20.1368, 3.729, 28.4722, 17.8438, 12.8051, 26.9632, 18.7006, 1.99161, 19.1216, 18.639, 4.40751, 20.2487, 13.6044, 14.7106, 17.2412, 18.7597, 27.7165, 13.6666 ], 
          [ 26.62, 25.1853, 15.9395, 17.1376, 5.83534, 22.0214, 27.2756, 24.7803, 17.6216, 21.4776, 8.89981, 15.7857, 12.6731, 25.2786, 19.1749, 6.58362, 4.83307, 2.67068, 20.9751, 13.1719, 7.50696, 10.7439, 26.925, 22.4979, 19.1347, 9.90943, 17.1876, 13.4237, 19.1311, 19.88 ], 
          [ 9.27627, 12.7419, 29.6935, 6.8477, 3.56955, 11.0329, 5.10255, 24.2762, 2.04748, 13.6795, 27.6731, 24.0921, 23.1236, 19.7564, 4.48197, 25.1406, 22.0805, 16.5282, 21.69, 20.2989, 16.5184, 4.60349, 19.6072, 22.855, 18.8012, 13.7435, 1.44706, 28.0606, 15.4559, 15.8623 ], 
          [ 15.5556, 9.20642, 2.03494, 1.9241, 6.69098, 19.6055, 28.4264, 29.0313, 11.4015, 10.5846, 29.1113, 27.7378, 19.9595, 11.9214, 28.4052, 9.44953, 28.3929, 1.02717, 24.3873, 8.16216, 23.047, 8.49364, 25.9815, 23.0306, 24.3083, 29.8855, 4.97574, 9.78645, 18.3075, 20.2185 ], 
          [ 2.40431, 20.3437, 25.5081, 22.3799, 10.1518, 1.45193, 12.1646, 20.1541, 23.2271, 14.9286, 16.3444, 1.0552, 2.03547, 12.8331, 23.7305, 4.02957, 21.9378, 6.85705, 14.5234, 6.15707, 7.46578, 21.6392, 1.04468, 3.49068, 29.3236, 29.3622, 15.5367, 10.0329, 29.9702, 15.1271 ], 
          [ 15.9425, 24.7392, 22.7865, 15.0341, 24.309, 5.44353, 8.9714, 22.4272, 24.1944, 19.0351, 21.0794, 12.6137, 16.3222, 23.7462, 28.2926, 22.2471, 1.02418, 3.41698, 14.7936, 14.8235, 2.88269, 27.4353, 29.5586, 7.21643, 24.1831, 17.6213, 4.9988, 11.3036, 22.331, 26.231 ], 
          [ 9.85226, 8.66021, 21.6699, 11.5186, 12.8856, 18.8692, 13.0824, 24.7899, 14.9673, 20.7492, 18.3634, 10.951, 1.71261, 3.13772, 23.2774, 12.0514, 28.0553, 12.6261, 5.45393, 21.6623, 14.8012, 18.369, 25.8363, 2.94689, 5.28348, 6.63579, 12.9865, 24.1579, 14.3789, 19.9327 ], 
          [ 26.772, 1.66798, 20.0521, 28.896, 17.085, 7.57322, 12.6061, 25.2192, 12.7677, 9.19059, 7.0603, 8.65767, 17.0768, 15.1862, 15.1621, 2.49972, 12.6512, 11.8214, 5.26343, 21.1504, 21.6805, 25.0787, 1.12322, 24.7908, 14.7404, 18.7154, 20.8835, 3.56411, 9.66618, 12.8671 ], 
          [ 21.3534, 11.4485, 26.8069, 12.6957, 16.0074, 16.8103, 23.7885, 4.18813, 22.9342, 7.62202, 1.44627, 16.3785, 4.9004, 1.87569, 2.67887, 27.4467, 8.27538, 8.01469, 16.1498, 10.7267, 10.2673, 27.5737, 16.0559, 4.79662, 29.1355, 19.0785, 24.0173, 23.3151, 7.19145, 22.0721 ], 
          [ 28.9853, 29.7218, 10.2983, 2.07541, 24.34, 19.5526, 25.2645, 11.0387, 10.2542, 26.9913, 17.0484, 19.8, 9.4284, 9.10691, 25.1414, 4.69719, 15.8387, 6.50139, 6.19365, 25.4191, 5.15951, 4.34496, 3.15816, 15.4253, 8.27052, 14.2205, 27.6324, 22.38, 4.33064, 16.7537 ], 
          [ 7.16702, 16.8409, 1.1357, 27.5218, 13.9516, 10.1268, 11.0016, 18.4302, 12.7274, 13.193, 6.8881, 17.8582, 2.63594, 10.0918, 22.5855, 2.83462, 24.513, 17.3024, 12.7702, 1.89628, 12.6534, 26.9961, 13.0197, 20.5601, 15.7099, 7.81556, 10.446, 1.53768, 2.06803, 29.4798 ], 
          [ 25.5471, 8.79779, 27.8184, 26.166, 3.37546, 9.98577, 25.6216, 10.4032, 24.1667, 23.8065, 22.7024, 8.47833, 10.3912, 28.0719, 23.0321, 11.3317, 2.43765, 24.8024, 9.64012, 9.98695, 16.4376, 28.7111, 27.3309, 16.0393, 26.1267, 27.7761, 11.4197, 18.8627, 7.85304, 22.4282 ], 
          [ 19.5823, 1.41349, 5.72071, 13.1735, 11.0416, 28.1673, 15.8286, 23.0493, 23.3637, 3.05749, 15.5761, 26.7356, 18.6884, 11.2653, 24.9561, 15.0026, 4.6423, 28.4961, 15.5524, 9.1305, 9.25784, 25.1123, 16.6141, 19.3725, 1.80764, 15.5503, 22.0286, 23.4729, 28.0949, 28.6722 ], 
          [ 1.37641, 28.8213, 28.5026, 8.32557, 16.6383, 7.34207, 1.40135, 9.92973, 29.4932, 9.72837, 9.85564, 28.7445, 14.6462, 28.8082, 11.1097, 18.979, 27.4711, 17.0444, 23.1335, 18.494, 2.57779, 18.7534, 24.9585, 3.49803, 16.424, 3.27589, 18.9532, 15.9151, 14.1281, 22.2097 ], 
          [ 2.65665, 25.7189, 25.8555, 6.83335, 8.44273, 28.9254, 17.0421, 15.5951, 4.72435, 10.2514, 6.55358, 9.47928, 17.7129, 27.2188, 19.3783, 28.0979, 26.6134, 12.0246, 26.0546, 21.6086, 25.1427, 5.52003, 4.35248, 15.7897, 13.3548, 18.8753, 7.5434, 15.4409, 2.01306, 24.0829 ], 
          [ 21.8438, 13.8139, 9.7895, 27.2136, 28.2037, 14.3786, 28.7999, 15.8814, 16.4165, 12.5232, 29.9176, 14.315, 23.9053, 16.3579, 18.3278, 13.4258, 26.3147, 27.0804, 9.13705, 11.1416, 15.8999, 5.22367, 23.1866, 14.1611, 16.4989, 14.7088, 8.10475, 12.3958, 2.03595, 11.3312 ], 
          [ 4.48382, 10.8598, 7.29365, 8.32411, 8.59164, 9.88076, 1.42561, 6.32416, 26.6409, 17.2581, 21.7699, 18.3242, 10.785, 21.7556, 15.3151, 28.7617, 2.41539, 7.13123, 1.87727, 2.83793, 26.7798, 5.20096, 19.4082, 9.25364, 28.6452, 26.7599, 29.5956, 4.85792, 23.1052, 19.3169 ], 
          [ 7.26084, 6.63625, 23.8156, 4.48729, 18.9298, 16.0805, 24.0353, 4.38826, 29.5441, 9.37984, 15.0335, 5.48956, 9.14442, 1.67829, 5.52275, 25.8297, 27.3725, 26.5452, 6.61668, 10.2169, 20.9638, 21.646, 7.15324, 13.5547, 12.1897, 25.1001, 5.18277, 13.857, 7.77764, 28.1438 ], 
          [ 25.3113, 17.3964, 27.1342, 7.8346, 13.2265, 1.15679, 25.3417, 27.6777, 28.1388, 13.0808, 18.493, 15.5494, 22.6838, 24.2922, 9.40589, 23.1697, 20.0293, 15.1207, 24.8105, 18.3296, 20.2744, 21.6234, 14.9439, 14.8275, 13.9657, 12.4672, 15.5227, 1.5131, 8.83662, 18.3546 ], 
          [ 16.2275, 15.4969, 8.61276, 12.0641, 8.88949, 10.1335, 20.9364, 22.8062, 29.2907, 17.9096, 8.44383, 15.5547, 7.25624, 20.8261, 10.4691, 21.3059, 8.16735, 1.74543, 3.68166, 17.0259, 13.0363, 26.7287, 7.71378, 28.1804, 6.35875, 6.28345, 11.5292, 1.94525, 21.5473, 5.92219 ], 
          [ 7.33733, 27.2835, 25.1736, 21.9777, 29.3197, 9.4299, 5.20546, 5.24455, 29.0764, 18.8719, 26.1955, 7.43755, 11.2189, 13.1867, 5.8137, 9.90161, 26.3684, 24.8617, 29.6183, 29.3313, 27.5239, 21.8301, 1.30556, 25.1649, 17.5777, 13.1635, 16.8144, 11.9369, 10.6748, 15.4793 ], 
          [ 15.159, 21.6366, 20.1211, 17.0368, 29.2583, 13.6821, 27.5798, 28.5013, 12.3306, 9.96285, 8.46158, 1.78582, 6.01757, 6.64448, 9.46519, 6.62942, 11.5846, 4.38967, 11.4284, 11.9196, 29.0805, 11.1424, 5.11719, 23.5471, 11.1351, 19.3168, 27.0413, 22.7163, 7.02119, 9.83524 ], 
          [ 3.92274, 10.4551, 12.3779, 11.9258, 1.61014, 8.94697, 27.0677, 17.4342, 18.6448, 25.8608, 22.2209, 14.265, 3.07427, 22.6947, 6.89945, 27.48, 3.27149, 17.7515, 2.11639, 14.7772, 12.1158, 5.89177, 8.69209, 12.8767, 3.34549, 26.7553, 25.4935, 15.4944, 28.9275, 20.813 ], 
          [ 1.80392, 4.02112, 16.4013, 28.7534, 2.81363, 27.9922, 25.3979, 12.9494, 18.5306, 13.1133, 19.4585, 21.5895, 18.992, 15.0231, 18.8712, 21.1431, 8.82506, 17.7652, 18.3341, 12.1025, 8.98956, 29.4552, 26.7221, 22.3984, 21.8428, 4.8804, 27.3497, 10.4974, 13.3382, 17.6607 ], 
          [ 6.24176, 1.87066, 20.7737, 27.8411, 21.927, 1.25072, 20.2453, 29.2675, 28.8749, 5.75035, 13.8883, 2.52821, 15.3436, 16.9714, 17.6367, 14.0876, 5.05069, 13.0051, 11.1054, 12.7725, 8.19008, 19.4215, 28.7659, 19.0694, 19.0011, 13.6094, 21.4092, 23.0754, 26.7066, 26.9015 ], 
          [ 29.3108, 4.79482, 8.54527, 18.9732, 3.55311, 9.37295, 25.7917, 27.7572, 22.6966, 25.8405, 16.5158, 7.97337, 15.4869, 4.0911, 3.17125, 18.8652, 7.03402, 22.7566, 12.4776, 13.3626, 18.2055, 13.1682, 24.5542, 19.9574, 23.3382, 27.9422, 5.60636, 23.2999, 18.2055, 3.69932 ], 
          [ 9.36024, 20.74, 24.5206, 26.915, 26.3511, 6.60195, 9.3647, 23.8105, 19.8416, 1.17958, 23.6518, 23.5886, 18.9166, 5.29971, 5.7129, 16.7055, 18.799, 17.5573, 9.85864, 18.5631, 17.6621, 29.3354, 8.74887, 11.1184, 25.9943, 8.49412, 16.1601, 6.83012, 8.10008, 21.9554 ], 
          [ 9.75888, 11.881, 16.8679, 3.41604, 2.02469, 10.8191, 2.54179, 25.9188, 22.4149, 19.9902, 18.8121, 4.96324, 8.14403, 10.7176, 8.77447, 8.67226, 21.7199, 1.92272, 6.69084, 22.1064, 23.4406, 8.49201, 12.9934, 29.4645, 12.6919, 4.77117, 2.85205, 8.58573, 10.2173, 2.38462 ], 
          [ 26.8674, 8.34131, 14.6827, 28.7372, 17.392, 9.56101, 27.9073, 24.0767, 22.0015, 18.2614, 28.9247, 25.9689, 14.042, 27.947, 9.52443, 21.6346, 1.13549, 25.0197, 1.65605, 13.9287, 7.06582, 25.5087, 15.7672, 29.2365, 23.0917, 27.2098, 16.8922, 6.33652, 8.68769, 13.3831 ], 
          [ 29.0626, 16.7649, 4.00598, 24.3973, 10.6182, 3.09603, 26.2719, 15.0552, 28.9824, 11.4967, 19.7007, 3.89602, 1.24798, 24.3317, 1.97558, 27.4951, 19.7053, 11.9887, 13.9701, 15.9168, 22.0217, 19.7446, 2.39374, 29.6503, 21.8118, 19.2824, 14.6523, 12.8432, 2.02185, 23.997 ], 
          [ 6.43827, 2.40254, 17.6771, 15.667, 28.4859, 2.1133, 6.23937, 18.8835, 7.34369, 11.0738, 27.438, 19.5366, 21.9575, 22.5259, 11.5169, 8.65062, 19.255, 9.10588, 1.78132, 16.3213, 14.9533, 22.1818, 10.6156, 21.6681, 4.36245, 29.4428, 13.7911, 5.69985, 5.13198, 15.9782 ], 
          [ 10.7744, 15.1281, 13.5284, 27.624, 2.63753, 4.32983, 5.8327, 5.42115, 14.1387, 19.8619, 28.2801, 11.6455, 11.9084, 8.0731, 14.4644, 13.1997, 11.4816, 6.68779, 15.3168, 1.07923, 18.2411, 17.1633, 25.4749, 27.8012, 2.77548, 26.7757, 9.80618, 26.5378, 26.1331, 20.9537 ], 
          [ 22.9954, 13.1525, 23.1987, 7.13076, 18.7382, 4.26191, 2.49696, 4.92106, 3.24766, 25.4442, 5.37004, 6.76989, 24.7059, 18.8412, 6.61022, 1.17667, 5.34131, 27.0683, 11.0936, 21.1348, 20.7424, 14.6126, 7.81363, 2.80265, 19.863, 10.5605, 4.58693, 11.04, 20.9833, 27.737 ], 
          [ 17.3127, 19.5618, 29.0344, 15.5705, 11.8666, 12.0917, 11.4306, 19.7256, 12.6292, 1.74691, 5.82731, 22.0788, 28.1413, 29.6574, 7.91233, 3.84228, 5.97135, 27.9047, 28.4037, 2.42609, 11.3078, 9.8436, 19.1857, 19.693, 16.849, 24.8731, 2.81234, 6.31293, 23.7802, 6.642 ], 
          [ 2.80024, 27.6545, 15.0381, 6.41202, 14.1529, 4.40383, 8.81476, 25.7385, 5.36879, 21.5783, 1.77472, 23.3421, 19.8715, 18.8376, 29.8352, 28.8301, 21.8308, 28.3721, 10.7878, 24.3504, 24.9164, 9.95845, 8.95806, 15.6641, 20.293, 3.61149, 24.4228, 24.5199, 28.2326, 21.8738 ], 
          [ 26.5933, 19.3545, 1.56989, 24.972, 24.7513, 10.3341, 9.43069, 4.29982, 13.8699, 19.605, 17.8649, 18.481, 5.12875, 2.94714, 14.9004, 27.2387, 2.60294, 28.4111, 20.7273, 21.1816, 18.8205, 23.8939, 13.5551, 18.8767, 9.31705, 5.70083, 25.5347, 2.21055, 27.7787, 15.855 ], 
          [ 1.64239, 1.37414, 21.2874, 28.3593, 19.9629, 22.2747, 5.62096, 1.01406, 2.99831, 26.2445, 6.70201, 3.9446, 22.7339, 15.1192, 3.78416, 9.46763, 24.7889, 16.2421, 11.463, 9.06758, 26.669, 9.79098, 8.67876, 1.21042, 23.522, 25.0145, 12.7638, 13.0521, 17.2991, 4.30115 ], 
          [ 16.254, 1.50694, 13.8521, 11.1567, 1.97301, 24.4342, 23.831, 12.5682, 13.3519, 3.46689, 13.7604, 25.0578, 14.0043, 9.66265, 20.3485, 28.4391, 29.6534, 25.069, 23.587, 5.52937, 5.87819, 27.6613, 3.24383, 5.47563, 5.72378, 19.2021, 24.5933, 7.13375, 9.05572, 15.5209 ], 
          [ 16.801, 9.36215, 4.03977, 20.6021, 12.7366, 16.7707, 6.7246, 26.1019, 7.75346, 17.2259, 6.29367, 17.7066, 8.40137, 15.8416, 20.2815, 26.171, 6.31479, 1.92549, 22.6598, 6.33761, 20.6185, 16.3215, 19.5964, 28.4049, 12.9691, 19.1571, 14.3162, 6.54694, 27.6673, 7.50206 ], 
          [ 7.71843, 15.4765, 19.0095, 29.2543, 28.2788, 23.864, 17.0004, 16.3126, 22.0978, 3.90209, 23.1976, 22.7884, 25.9931, 11.0414, 18.5241, 17.7494, 26.3876, 1.43721, 4.2021, 28.3198, 2.96807, 26.4736, 26.7726, 22.563, 28.0337, 13.1693, 29.5607, 21.1112, 20.2091, 11.5014 ], 
          [ 26.5324, 14.9791, 28.9652, 2.09989, 7.62525, 29.0907, 24.6714, 27.5572, 27.5288, 7.81281, 28.3648, 12.1774, 14.7029, 5.46855, 1.15992, 4.19368, 6.18419, 20.3119, 16.6236, 17.2179, 22.9085, 6.59727, 27.869, 16.5942, 24.5934, 20.7792, 11.5047, 7.93734, 20.5612, 8.8137 ], 
          [ 8.17877, 22.4273, 19.4156, 24.8043, 8.53576, 24.9223, 1.07554, 15.2075, 18.5475, 15.8513, 26.6608, 16.466, 7.78113, 8.34235, 15.0745, 3.01165, 3.49863, 19.5215, 29.8573, 2.04316, 29.615, 2.43884, 29.7881, 2.53017, 29.583, 4.03278, 8.31749, 11.4051, 7.44134, 22.8733 ], 
          [ 14.0916, 29.1134, 9.43759, 21.5792, 8.84488, 22.4721, 4.44447, 10.2056, 15.5186, 8.26552, 21.6925, 9.96646, 27.6716, 4.38111, 1.72069, 15.7733, 24.9421, 20.7442, 4.81215, 26.376, 26.8551, 28.4363, 26.0715, 24.4065, 16.3775, 28.8014, 27.4143, 1.7808, 24.3592, 26.5542 ], 
          [ 15.12, 21.4118, 15.4129, 17.5467, 2.81373, 14.4158, 5.23406, 27.8655, 26.7154, 4.84977, 29.9163, 10.122, 15.5137, 15.862, 14.7181, 18.0316, 27.1037, 17.4498, 25.3271, 28.7688, 22.0054, 23.2928, 4.38043, 17.2434, 19.6069, 18.3381, 21.442, 7.77677, 11.0859, 8.06677 ], 
          [ 10.361, 9.05576, 24.5807, 14.3007, 8.41014, 3.96456, 16.4843, 17.5588, 27.2672, 3.44569, 4.13014, 12.8487, 15.1299, 3.43039, 11.891, 14.2094, 21.7564, 27.4553, 15.619, 14.4356, 9.75501, 21.0794, 29.0269, 27.9782, 26.0948, 18.282, 28.2019, 26.9604, 2.32341, 13.6524 ], 
          [ 18.5809, 15.7897, 17.0886, 10.8798, 8.21341, 4.89122, 24.1276, 16.7398, 6.67837, 14.6183, 22.8487, 7.61839, 6.02102, 7.10069, 1.70156, 15.1455, 29.2618, 1.97336, 18.459, 25.6201, 10.5254, 6.49149, 8.05029, 24.3278, 10.7012, 8.88719, 8.53603, 17.9302, 5.28717, 1.94951 ]
        ]
      ];
r = [
        [56071.2,51347.1,68399.4,68462.3,70684.5,77124.1,53656.2,69714.2,67919.2,52494.2,74940.5,78606.4,70852.6,51791.9,68739.9,51703.1,64242.7,73369.1,54135.9,68774,67461.9,61275.3,75037.4,57393.1,76844.4,64798.1,68166.3,61674.8,62655.6,72901.6 ], 
        [73592.9,78311.7,63147.2,74856.3,72301.9,68080.2,74497,66163.8,70738.1,68047.9,67086.9,53377.6,71336.4,75989,81341.5,50995,51495.1,60707.6,65590.1,51491.5,55086.2,54403.2,65863.9,56345,69667.2,57740.1,76794.9,81385,81647.8,81789.2 ]
     ];
d = [
        [17816.5,62039.4,35339.2,4043.48,73561.1,86530.3,8093.35,73639.5,65292.3,17837.9,36041.7,48233.3,88312.2,66225.3,37088.8,49862,12704.7,87557.1,63265.9,12324.2,21204.4,88779.2,76100.3,46874.6,30712.1,64219.3,17063.6,6677.77,13738.1,60803.3,34426.5,51023.5,68372.6,47530.7,86512.1,6219.72,71346.5,17622.5,4632.1,46092,47322.9,86768.3,27657.5,4383.82,84787.1,39389.1,21380.2,85438.9,40599.2,64470.6,46317.9,24630.1,53246.8,67377.1,12382.6,9556.03,54744.1,1121.2,12699.1,38687.5,54489.7,35599.4,82982.9,83135.8,71214.3,50582,5035.73,46993,2171.46,22520.9 ], 
        [59724.7,45713.9,49684.8,40279,11610.8,18193.2,86987.9,62795.3,89338.9,68509.4,3664.12,44960.7,13084.6,82454.3,30645.9,73431.2,72327.3,2237.47,48106.5,36078.8,49962.6,73312,27187.8,66000.8,42847.5,63449.7,59481.3,15151.5,14500.5,61393.5,16435.5,9756.43,70821.7,23115.8,83283.4,8054.24,5108.5,32404.6,9490.55,37967.7,18778,37987,60400.1,61001.4,3268.47,1645.45,46198.6,40221.5,30300.7,44706.6,64757.2,71492.7,89161.2,18517.3,39238.5,56814.5,46780.9,4439.98,76828.7,42438.8,23571.1,15296.8,67521.9,23824.2,13371.3,10477.6,15972.6,59437.8,21223.7,61257.1 ]
     ];
