/***************************************
* STOCHASTIC OPTIMITZATION
* OPL S2FVPP Data Generator
* by Jordi Mateo Fornes
* Model = S2FVPP; Stochastic (2S) MIP 0-1;
* Representation = Compact Representation;
****************************************/
I = 50;
P = 30;
C = 70;
G = 2;
p = [ 0.02, 0.02 ];
pc = 0.04;
ORCHARDS = { 1, 2, 3, 4, 5, 6, 7, 8, 9, 10, 11, 12, 13, 14, 15, 16, 17, 18, 19, 20, 21, 22, 23, 24, 25, 26, 27, 28, 29, 30 };
CUSTOMERS = { c1, c2, c3, c4, c5, c6, c7, c8, c9, c10, c11, c12, c13, c14, c15, c16, c17, c18, c19, c20, c21, c22, c23, c24, c25, c26, c27, c28, c29, c30, c31, c32, c33, c34, c35, c36, c37, c38, c39, c40, c41, c42, c43, c44, c45, c46, c47, c48, c49, c50, c51, c52, c53, c54, c55, c56, c57, c58, c59, c60, c61, c62, c63, c64, c65, c66, c67, c68, c69, c70 };
CGV = [ 15.075, 14.9031, 26.9731, 25.9945, 4.71777, 23.0418, 25.8037, 22.8487, 8.7723, 8.88741, 16.2434, 25.0695, 4.24681, 1.94114, 24.7818, 26.1864, 8.2733, 6.31399, 14.411, 16.6397, 6.97935, 11.36, 2.25969, 2.90389, 12.3891, 17.1504, 1.95159, 9.44976, 26.7828, 23.7265 ]; 
s = [ 0.175501, 0.126414, 2.3974, 0.976897, 0.389485, 0.254069, 0.785552, 1.7604, 2.9087, 1.72036, 2.5746, 0.21623, 2.37649, 2.55237, 1.68782, 0.161135, 0.617743, 1.34921, 2.79438, 1.77381, 1.9295, 0.415973, 2.55923, 1.6271, 2.98831, 1.48429, 2.59465, 2.61128, 1.89025, 29.9982 ]; 
CSV = [
        [
          [ 8.27589, 12.1463, 19.5324, 4.14952, 7.78972, 19.6421, 24.7114, 4.85799, 14.9209, 29.4796, 17.5367, 27.1506, 15.6078, 13.3185, 14.3835, 6.44314, 22.3093, 28.9223, 24.2716, 8.64811, 21.0864, 21.7287, 16.1374, 17.3576, 27.4774, 22.6546, 5.84555, 22.4592, 25.9161, 16.5635 ], 
          [ 4.77755, 18.6405, 15.935, 7.40044, 24.67, 18.6379, 8.85899, 8.86377, 14.4101, 15.5505, 7.96783, 20.531, 8.93212, 29.4368, 21.1635, 20.8423, 7.02703, 4.50562, 7.4927, 18.9872, 6.69535, 25.6451, 6.90223, 14.5243, 10.5865, 19.8388, 18.4734, 17.1845, 26.0599, 9.97567 ], 
          [ 11.2999, 3.46478, 1.08487, 14.1433, 29.4422, 9.47895, 7.63326, 16.6878, 27.7646, 16.2615, 27.0645, 21.9485, 15.4433, 17.3812, 24.8157, 2.35946, 19.1701, 11.8161, 8.13325, 29.2026, 11.3617, 15.6951, 5.34677, 20.4983, 17.5932, 23.1432, 28.2751, 17.4394, 19.243, 9.20649 ], 
          [ 28.5449, 3.33486, 28.771, 3.43218, 27.9209, 2.25543, 1.09087, 22.3621, 19.5273, 2.43653, 26.3464, 26.3055, 21.5824, 28.412, 10.7003, 21.1022, 17.283, 9.94324, 26.4283, 10.9354, 20.5632, 22.418, 24.2944, 27.2105, 21.258, 5.63697, 27.9598, 10.2871, 11.631, 19.2226 ], 
          [ 7.94723, 6.45976, 29.8378, 11.3666, 1.03913, 3.42022, 14.4559, 5.2801, 4.56127, 29.7832, 10.8886, 16.0044, 20.1889, 14.2256, 2.42097, 15.5058, 3.64745, 15.4539, 27.7863, 8.00206, 1.26095, 6.54322, 1.84218, 18.4288, 29.1803, 16.7051, 23.1875, 29.49, 14.9638, 26.1087 ], 
          [ 12.6128, 6.6621, 23.6394, 18.4582, 25.2512, 17.3823, 11.2037, 29.2708, 4.16827, 17.7238, 28.6423, 14.6026, 14.2114, 3.67926, 24.8727, 16.9202, 23.9949, 27.2631, 19.5147, 16.8398, 29.2458, 29.5905, 10.8748, 26.2375, 24.828, 7.83358, 19.2846, 28.7276, 3.55325, 19.9233 ], 
          [ 7.22193, 12.5584, 17.4448, 14.0645, 10.8353, 23.7716, 20.1095, 21.9157, 11.3614, 7.36355, 23.6866, 8.18171, 7.54496, 5.04331, 8.11713, 9.63021, 12.9068, 14.0775, 3.98162, 14.4589, 11.5817, 15.1046, 7.79809, 14.3353, 29.7157, 23.2497, 25.0271, 14.1932, 7.68311, 29.0995 ], 
          [ 22.0864, 15.3099, 1.26994, 21.8547, 17.7965, 14.8881, 27.5795, 4.38794, 18.9202, 3.0382, 18.936, 9.96012, 15.9744, 7.36424, 17.093, 8.35767, 12.8464, 8.30633, 26.3166, 14.3354, 23.8484, 8.39767, 3.51599, 1.11579, 5.19416, 12.085, 27.7044, 11.4249, 27.5082, 4.74721 ], 
          [ 20.5487, 24.5914, 26.9836, 19.813, 6.94904, 18.957, 3.95168, 4.52084, 7.1351, 3.97667, 27.0401, 15.4119, 11.9734, 28.413, 13.1731, 5.27172, 10.1402, 8.1842, 23.7387, 12.2447, 3.28593, 11.6982, 3.88125, 15.6496, 8.75562, 21.6066, 24.4336, 8.4687, 11.242, 29.5232 ], 
          [ 9.83013, 26.9416, 24.0355, 18.6217, 17.1988, 3.37375, 29.6317, 21.6724, 10.1153, 28.0482, 17.3443, 28.1567, 9.87225, 10.5233, 19.9031, 26.9735, 20.785, 28.9428, 7.24725, 10.3824, 23.7081, 25.191, 1.49557, 8.38781, 16.6849, 3.8506, 3.62816, 17.8514, 28.2534, 21.7073 ], 
          [ 8.10175, 1.39782, 16.7307, 20.0656, 22.3286, 6.75157, 4.10942, 6.12079, 9.3531, 12.9266, 29.2857, 12.9147, 28.4991, 22.0046, 7.8415, 26.0916, 16.6139, 21.9341, 23.4407, 20.2225, 3.7663, 1.45378, 19.4813, 3.60342, 13.8582, 20.9115, 21.5562, 22.852, 14.2586, 28.4961 ], 
          [ 4.27011, 11.8206, 1.568, 26.5245, 3.27894, 18.9955, 2.1359, 27.5803, 24.6871, 2.72484, 23.5438, 16.2453, 11.2922, 11.3294, 11.4775, 7.32152, 9.17906, 4.21301, 6.22525, 19.0677, 21.5543, 24.077, 9.97465, 10.4745, 3.19229, 1.37676, 24.3629, 20.6986, 28.0813, 22.2745 ], 
          [ 25.7742, 16.4733, 3.59388, 2.26654, 10.3877, 22.9447, 19.9238, 28.8036, 19.8521, 4.89969, 24.4888, 6.516, 29.829, 28.3636, 22.7576, 5.15035, 28.4865, 7.00512, 4.84541, 26.7842, 3.59592, 19.231, 5.54243, 14.2014, 7.6694, 17.6289, 14.303, 23.1641, 13.0154, 17.3772 ], 
          [ 23.4038, 20.0555, 1.52612, 6.86533, 5.70031, 16.7421, 28.7948, 7.07805, 5.9697, 10.2003, 7.39816, 26.0907, 15.3941, 29.4325, 3.26112, 1.93095, 26.5811, 23.8211, 4.8299, 17.2027, 13.4044, 12.3572, 10.4485, 7.24471, 11.9118, 17.4094, 23.1027, 22.5491, 13.2654, 22.1382 ], 
          [ 11.7662, 5.84543, 15.6981, 6.89664, 27.8734, 15.9163, 2.44485, 14.6759, 19.9733, 24.106, 1.25813, 28.5596, 5.61308, 12.196, 16.6212, 5.60902, 7.07021, 7.9903, 25.7634, 4.76001, 29.3334, 6.24629, 26.6286, 4.87968, 14.5483, 17.218, 8.37503, 1.8885, 1.97472, 28.2301 ], 
          [ 28.2347, 2.17288, 5.83126, 15.1321, 8.72261, 2.1329, 10.2685, 29.2392, 19.262, 27.8558, 15.0093, 24.4733, 4.26537, 18.3576, 24.9023, 14.0181, 5.08836, 2.22869, 2.66252, 9.75646, 28.5264, 2.2712, 28.0291, 29.5709, 19.5994, 16.0309, 22.6912, 25.2449, 15.9288, 21.0692 ], 
          [ 9.03629, 22.6817, 1.44751, 1.10657, 24.3173, 27.5709, 6.96131, 21.1562, 1.94974, 15.6025, 6.72483, 5.45429, 26.6773, 6.81735, 12.3059, 19.1263, 7.16429, 14.0085, 28.2716, 4.24941, 21.535, 29.3773, 26.7652, 9.42627, 10.0623, 20.2108, 3.85354, 20.0336, 14.5344, 20.3833 ], 
          [ 19.4468, 15.3983, 3.15805, 3.85166, 17.464, 20.6271, 5.48024, 19.7728, 23.7389, 25.4902, 15.2932, 11.8728, 15.4211, 8.47234, 9.25722, 10.7779, 9.29042, 19.2997, 24.4111, 27.8729, 21.6764, 14.8292, 3.53111, 15.67, 21.4841, 18.4843, 27.2188, 11.7346, 5.03118, 5.21586 ], 
          [ 2.26884, 22.139, 13.2845, 17.2287, 16.1648, 20.2079, 23.3761, 25.1753, 23.2245, 6.68781, 18.5163, 9.11185, 19.1616, 4.46614, 18.9136, 9.02044, 4.4267, 21.3192, 4.53526, 26.0104, 19.0866, 24.8254, 18.273, 6.90407, 12.6751, 11.3497, 24.5035, 9.49455, 24.4448, 27.6256 ], 
          [ 22.9028, 4.38215, 19.0337, 8.19947, 6.10161, 5.16826, 19.8858, 26.709, 13.8393, 18.7444, 29.0329, 11.3946, 11.6987, 10.7135, 18.8217, 18.3222, 28.6299, 1.28793, 1.7087, 26.0377, 21.8779, 21.2777, 18.1953, 22.8834, 28.661, 11.1534, 21.3292, 27.6618, 26.267, 9.09228 ], 
          [ 10.0678, 4.59554, 9.31848, 2.69197, 21.5239, 6.03133, 4.25192, 17.2143, 2.75146, 2.29584, 25.0897, 21.4619, 14.9667, 28.4005, 18.7063, 3.60795, 17.3261, 23.9155, 26.6428, 29.7539, 22.5867, 4.67157, 24.1505, 27.4554, 11.663, 11.2196, 1.51389, 20.0098, 8.82828, 11.7033 ], 
          [ 11.0263, 16.7744, 16.3887, 21.247, 5.71657, 11.2635, 5.0808, 22.5532, 7.94901, 7.39277, 7.27307, 5.66132, 6.67105, 24.8872, 16.0168, 21.1972, 6.45603, 24.7739, 17.6358, 5.14236, 12.5997, 26.9416, 6.94824, 2.25107, 6.82258, 8.60052, 21.7668, 27.0958, 16.1348, 12.1549 ], 
          [ 24.0893, 20.2721, 7.80106, 26.5479, 15.5062, 19.8695, 10.6961, 24.5036, 20.3524, 23.0092, 29.6415, 19.3431, 9.43982, 15.7751, 23.6734, 6.63307, 25.74, 29.3089, 14.1888, 13.0474, 14.1712, 7.70625, 4.00433, 10.5528, 19.4811, 23.8174, 26.9363, 17.7185, 6.72408, 14.6387 ], 
          [ 12.0645, 23.5839, 18.5438, 23.3144, 8.24146, 18.8157, 21.6985, 22.2013, 5.00526, 4.98471, 26.7762, 9.26137, 20.836, 15.7735, 2.85842, 12.5576, 7.28489, 21.1283, 19.4175, 16.1007, 3.38571, 11.0631, 8.83409, 21.0478, 24.634, 27.2855, 5.57964, 28.9883, 8.8223, 6.49257 ], 
          [ 8.86484, 28.1753, 8.86858, 13.249, 27.9052, 13.523, 23.9232, 27.193, 5.07638, 8.82456, 18.8389, 9.79528, 21.4412, 7.52309, 1.38166, 7.62504, 24.2908, 18.4818, 17.8078, 16.4026, 1.63399, 20.8462, 6.23895, 22.4356, 16.3829, 28.9851, 23.8533, 7.16496, 21.8269, 8.91873 ], 
          [ 14.0221, 23.8705, 9.73356, 5.46533, 1.24546, 25.0093, 11.7321, 3.70842, 26.3737, 6.41142, 12.7636, 17.3383, 15.0854, 29.645, 22.7259, 12.7172, 26.1631, 18.4339, 5.41575, 4.36634, 11.1638, 24.8687, 4.81476, 14.1731, 29.3135, 1.6871, 13.2321, 6.24483, 14.9841, 7.11653 ], 
          [ 15.0235, 12.8353, 25.3134, 10.5708, 1.75898, 5.81656, 14.8641, 25.7351, 23.7488, 1.16964, 8.7387, 6.09948, 7.03084, 27.3063, 14.0049, 19.8559, 16.1459, 21.2857, 26.4529, 5.34522, 13.8585, 25.3123, 21.8904, 8.16613, 8.03745, 23.4752, 1.1559, 6.19271, 17.6994, 9.61872 ], 
          [ 25.1764, 16.9333, 29.4805, 2.19286, 19.8285, 23.6199, 24.5658, 23.0052, 15.1321, 1.44087, 11.0204, 4.72015, 4.73901, 15.6647, 29.3523, 20.2201, 17.595, 19.0424, 7.29806, 25.0663, 12.8379, 12.607, 20.1598, 15.2693, 26.3391, 3.29162, 13.3091, 3.87329, 20.1557, 9.28167 ], 
          [ 21.9246, 26.0134, 15.0684, 20.8163, 1.17867, 1.02114, 10.3335, 21.5, 13.2005, 19.9587, 10.9982, 27.6126, 4.94389, 26.3749, 22.3012, 5.37178, 26.4638, 8.88507, 23.7066, 4.14922, 11.5823, 7.39786, 8.04894, 26.2372, 26.6657, 23.5582, 21.2583, 10.9541, 9.89753, 20.6683 ], 
          [ 13.9038, 2.0865, 11.6918, 15.41, 19.6745, 3.45061, 24.515, 24.0732, 2.23637, 23.4305, 27.1971, 18.7286, 15.5695, 23.7896, 13.7558, 20.7335, 13.4293, 7.91385, 10.2253, 24.8982, 3.42025, 16.4209, 18.15, 19.6592, 21.4814, 10.2344, 2.13818, 11.8637, 15.4849, 27.3328 ], 
          [ 26.6563, 4.58241, 5.47573, 27.033, 10.3954, 18.8756, 12.7407, 29.3134, 13.5845, 15.8103, 19.364, 16.9562, 25.1191, 20.2443, 11.8584, 5.1012, 13.4065, 24.9728, 8.3305, 21.4019, 6.82273, 8.45277, 20.0529, 27.6275, 9.16995, 14.446, 22.4704, 21.7572, 7.6336, 15.7065 ], 
          [ 9.61097, 10.9499, 19.0593, 10.8171, 6.75584, 28.4671, 25.09, 12.8877, 17.5264, 22.1688, 28.5456, 11.7167, 15.3201, 1.35029, 2.16723, 26.6943, 5.62467, 9.18222, 16.0003, 8.68397, 13.207, 1.20272, 1.68086, 26.0038, 19.0988, 6.62261, 8.42886, 11.843, 8.47947, 10.9382 ], 
          [ 4.14035, 22.9214, 27.1832, 9.75433, 18.1741, 7.14071, 9.25697, 21.3778, 17.2194, 7.84086, 15.4157, 7.21091, 17.6219, 26.967, 29.8553, 10.0672, 2.83795, 7.49998, 24.5364, 14.5925, 18.4538, 14.1632, 15.0291, 1.34503, 18.6671, 27.1442, 11.2178, 29.3042, 16.5429, 8.32788 ], 
          [ 10.8887, 7.99067, 13.1968, 14.7887, 3.08109, 15.7973, 28.0865, 7.79117, 8.56047, 14.2621, 6.64352, 19.6546, 4.88774, 21.2883, 24.6868, 3.96744, 28.6778, 22.258, 11.2253, 29.8969, 21.9791, 3.92217, 20.8571, 13.7041, 15.3972, 21.4518, 13.2372, 8.01857, 23.0462, 25.6647 ], 
          [ 27.2983, 6.38227, 8.33979, 16.846, 2.60193, 18.4498, 15.2851, 20.7095, 16.7148, 28.0346, 19.3269, 18.1271, 16.7742, 17.0462, 27.629, 20.5023, 10.4488, 29.8168, 6.61157, 18.1034, 19.2046, 27.8773, 27.8058, 12.8539, 2.63142, 22.764, 5.246, 1.04813, 26.3809, 22.6895 ], 
          [ 23.9074, 5.42553, 1.56887, 22.3477, 9.82786, 10.8514, 19.2618, 19.9516, 18.5485, 28.1813, 6.45469, 2.43503, 7.76853, 28.5052, 20.4671, 18.2761, 12.0854, 26.9083, 1.58152, 21.1817, 5.26944, 25.62, 9.70984, 11.8617, 27.1313, 9.16137, 15.6986, 10.0349, 28.396, 14.7494 ], 
          [ 4.1996, 3.19691, 20.7572, 3.60737, 20.7438, 10.4245, 8.04641, 16.242, 17.168, 25.7407, 11.0139, 16.5219, 5.75547, 9.40813, 13.4803, 12.0994, 20.9862, 6.72768, 28.2805, 3.27556, 3.86968, 13.4881, 21.049, 29.9726, 24.8772, 4.09733, 24.1667, 19.2308, 29.5919, 19.8441 ], 
          [ 17.1012, 18.4478, 16.5155, 14.638, 28.4636, 19.6661, 18.0703, 19.3244, 23.3096, 10.1836, 9.94817, 7.8961, 13.5029, 15.1529, 6.39896, 24.0763, 12.8452, 14.719, 27.7616, 23.0819, 2.4233, 9.14118, 28.0278, 21.82, 29.261, 5.92252, 2.4861, 25.4227, 18.0711, 6.84888 ], 
          [ 12.1685, 14.276, 29.7522, 15.9032, 22.9956, 25.8038, 9.20148, 8.15086, 22.8578, 4.73699, 5.7597, 14.0986, 26.9407, 13.7304, 6.7303, 16.7326, 29.3572, 1.48648, 17.2148, 12.3359, 4.62376, 10.0839, 11.4596, 24.1918, 14.2352, 23.5868, 12.8236, 20.5882, 28.3636, 20.9087 ], 
          [ 18.3056, 5.04119, 11.8893, 1.51427, 19.8595, 24.3557, 21.8152, 21.4422, 3.7782, 6.75612, 19.4693, 13.4904, 26.7886, 29.0913, 17.4291, 15.9086, 6.04128, 20.0921, 12.732, 12.245, 3.20181, 23.0569, 10.9751, 27.9206, 22.0475, 27.1822, 3.91509, 14.1668, 1.23309, 28.5305 ], 
          [ 11.4584, 11.4762, 7.76954, 5.14303, 21.5266, 22.8875, 6.15666, 22.0634, 20.3117, 10.3768, 16.4929, 24.4997, 27.7926, 23.4585, 12.1724, 2.07955, 12.5084, 20.7168, 27.2779, 10.6666, 18.3351, 16.3342, 18.4549, 3.15032, 12.1698, 19.5322, 7.87509, 15.1279, 9.19116, 11.3625 ], 
          [ 23.8855, 29.7868, 21.8543, 15.7297, 26.7631, 9.59607, 17.0183, 23.6506, 24.5184, 14.8999, 8.27236, 18.1762, 18.4563, 29.7311, 20.5373, 18.5437, 2.93234, 24.0768, 22.1413, 10.0041, 8.20279, 28.6053, 16.2762, 14.1497, 21.4151, 3.40829, 1.30302, 10.0652, 29.2101, 27.7326 ], 
          [ 3.84164, 17.392, 24.9808, 7.70345, 2.83559, 16.2232, 20.6689, 17.9892, 4.31532, 17.6011, 3.16817, 2.34534, 11.4984, 3.58722, 25.902, 29.9097, 23.2453, 15.788, 27.6847, 21.2697, 13.6117, 19.3934, 15.7286, 10.1721, 21.2108, 25.0132, 3.52075, 11.6107, 27.8242, 10.5266 ], 
          [ 4.23171, 28.1428, 21.1549, 2.01493, 29.3485, 1.91434, 11.897, 1.12823, 18.9008, 5.05819, 6.39764, 2.31166, 5.30489, 27.768, 21.9583, 18.8735, 19.199, 24.522, 27.9829, 7.20775, 14.2803, 1.326, 26.1412, 1.83247, 11.878, 13.4538, 28.145, 3.75177, 4.14693, 9.67735 ], 
          [ 16.2575, 2.31518, 26.2039, 1.78783, 23.3603, 28.3909, 18.8821, 15.7584, 28.2899, 1.86844, 21.9014, 3.92819, 4.98371, 22.3376, 27.6358, 16.0743, 21.9613, 10.773, 3.10989, 2.7998, 13.9026, 23.7076, 7.14635, 25.8849, 24.2705, 26.892, 29.2782, 17.6125, 23.8293, 9.81549 ], 
          [ 13.0019, 3.12269, 11.7759, 15.6665, 19.9147, 26.3228, 25.3032, 16.7443, 18.5565, 18.7112, 3.38766, 19.5883, 9.96984, 19.4562, 8.54824, 5.08325, 7.45455, 19.4689, 18.7807, 23.8598, 21.5657, 5.08709, 20.0407, 12.0287, 14.652, 6.14456, 7.7937, 25.1316, 5.46898, 23.1661 ], 
          [ 10.2328, 28.313, 3.88366, 20.5818, 26.9109, 15.3605, 23.8777, 27.4277, 20.0421, 24.9831, 1.66172, 25.4013, 16.3085, 27.0905, 6.8759, 8.16496, 14.1526, 19.6248, 26.4218, 22.621, 24.5545, 24.5088, 11.84, 23.0752, 16.4401, 9.88775, 16.0988, 5.68477, 1.93544, 20.082 ], 
          [ 16.9744, 22.729, 22.3582, 7.48174, 5.64731, 27.8017, 13.7506, 10.6465, 20.2121, 21.9043, 1.24697, 10.2836, 28.8271, 18.4313, 20.566, 21.2128, 17.0599, 10.7554, 7.49521, 23.7672, 9.51046, 15.9669, 10.5453, 22.0164, 3.36999, 5.51022, 29.4887, 16.974, 29.0471, 13.432 ], 
          [ 12.712, 9.54547, 2.07507, 20.4081, 20.9453, 10.5247, 21.4254, 13.0919, 19.3396, 25.688, 28.6914, 3.40948, 2.50954, 23.3831, 28.4292, 19.9863, 5.36501, 1.20609, 11.6467, 7.37536, 13.5754, 11.1723, 7.25005, 20.3343, 18.5058, 16.8455, 12.0659, 16.3223, 19.6079, 3.22014 ], 
          [ 25.3715, 1.51719, 18.9155, 4.10149, 6.06122, 28.6074, 29.3445, 19.121, 3.83554, 24.357, 20.6016, 3.0423, 29.2163, 27.6548, 7.10426, 7.12999, 23.5891, 2.42759, 18.6687, 21.5791, 12.7864, 29.2231, 3.98767, 11.8936, 28.0138, 17.3425, 1.85229, 23.8413, 26.7867, 21.5578 ], 
          [ 20.9808, 18.4767, 10.1484, 25.9834, 3.71963, 11.1492, 13.1707, 22.8034, 28.6308, 14.6619, 28.1426, 27.0739, 16.2333, 10.1436, 17.4651, 3.97069, 26.1529, 17.6332, 19.2349, 28.9273, 5.87923, 2.95835, 23.9543, 8.34604, 18.1535, 18.195, 3.82918, 26.5529, 1.13521, 28.6408 ], 
          [ 21.9803, 10.1725, 15.4262, 4.32508, 1.23342, 5.98698, 28.7975, 22.3022, 5.0287, 27.4049, 19.7525, 19.7374, 16.0881, 13.1026, 22.0394, 3.60256, 13.1772, 26.0079, 5.08999, 24.5442, 21.5073, 18.6989, 13.0758, 12.3296, 7.27324, 11.2931, 2.12789, 17.8667, 20.4372, 20.9403 ], 
          [ 6.03406, 18.9363, 5.08893, 19.4361, 19.7934, 9.87331, 3.31589, 3.09217, 14.583, 23.0076, 16.5165, 20.4881, 28.8959, 27.1145, 13.2153, 18.6183, 14.8576, 5.97762, 14.8909, 9.66069, 22.7482, 6.28532, 27.0494, 14.3232, 14.5642, 8.60856, 13.2184, 3.84489, 1.1255, 15.5595 ], 
          [ 12.1123, 22.6144, 21.5477, 21.9574, 25.0968, 2.40249, 21.2504, 7.66501, 14.6029, 21.9633, 13.7999, 17.7328, 18.9298, 28.4505, 28.3802, 24.2389, 20.6448, 14.5282, 1.88169, 17.7105, 6.91752, 7.20701, 18.0625, 2.54789, 13.8138, 14.1954, 22.0651, 23.3574, 2.39588, 25.3538 ], 
          [ 28.7946, 17.3143, 12.772, 18.2791, 5.40105, 14.2522, 15.5098, 26.2704, 13.7359, 14.9842, 7.85138, 17.3569, 17.0745, 10.2431, 29.5818, 7.20511, 27.7885, 3.48793, 10.6585, 29.9678, 6.17887, 10.5386, 23.3393, 17, 12.2047, 13.4328, 27.1047, 2.72929, 7.93958, 24.3313 ], 
          [ 10.4363, 10.6689, 24.7042, 17.1862, 25.1341, 17.7275, 6.41519, 3.43542, 25.2754, 15.9793, 13.484, 6.97408, 22.6546, 7.86582, 5.73541, 7.45513, 24.6982, 12.0371, 5.17768, 22.1464, 11.9139, 7.96754, 19.2743, 17.2243, 20.6019, 27.251, 11.3882, 19.9571, 26.2482, 11.6506 ], 
          [ 14.2364, 23.7846, 13.2304, 19.713, 21.595, 15.7523, 23.0455, 22.1507, 11.9426, 8.80859, 25.8209, 15.7324, 6.80403, 21.0026, 13.3761, 18.4362, 24.7554, 18.3665, 5.42512, 5.54916, 1.17245, 11.5703, 23.3773, 4.49663, 15.8498, 28.3252, 11.0876, 24.0622, 7.26451, 28.224 ], 
          [ 28.015, 22.6149, 3.6127, 25.3771, 20.1101, 5.67807, 28.872, 19.1967, 1.15008, 3.09668, 2.98929, 20.1297, 22.5362, 4.46073, 16.8058, 2.65287, 28.6878, 20.2082, 23.0352, 5.17991, 4.58097, 15.867, 9.13018, 27.271, 2.23027, 7.86082, 5.71435, 12.8902, 18.411, 19.3867 ], 
          [ 6.83779, 23.436, 19.7145, 14.6646, 28.668, 7.79136, 18.0268, 17.6974, 15.4411, 6.85294, 19.6275, 21.5298, 9.12195, 20.7495, 5.93295, 12.6823, 5.58121, 1.36201, 8.64058, 8.77237, 23.7721, 27.4814, 7.27222, 21.4479, 9.24365, 9.40407, 20.2618, 17.8854, 29.9939, 16.935 ], 
          [ 3.57153, 10.7795, 19.3965, 4.80598, 28.0559, 19.9219, 12.1404, 1.03276, 4.28079, 12.853, 29.908, 8.39299, 25.3259, 16.1185, 26.7849, 5.02433, 11.0654, 21.4018, 19.6036, 28.6644, 4.68614, 25.3672, 10.3215, 19.7364, 14.068, 7.02246, 26.4453, 2.39934, 15.1219, 20.7256 ], 
          [ 17.295, 10.2816, 23.8753, 9.2936, 8.27468, 28.1485, 17.8227, 7.72975, 28.6008, 2.18553, 22.0854, 7.96844, 3.32085, 2.8465, 23.9551, 27.8233, 24.5297, 2.20466, 18.3897, 28.266, 26.231, 10.1652, 24.0068, 10.655, 5.91995, 9.9065, 28.6935, 25.1194, 18.0338, 25.7546 ], 
          [ 14.7375, 2.50589, 28.9358, 11.96, 5.87269, 11.1477, 28.2039, 22.8425, 2.12265, 22.1617, 1.1749, 25.1995, 22.4918, 13.6427, 26.0901, 18.419, 21.8847, 15.8064, 25.6541, 14.5791, 5.66442, 22.5759, 15.1546, 29.7568, 4.38862, 14.2416, 14.8902, 15.6646, 10.1941, 5.79318 ], 
          [ 5.2023, 17.5341, 27.0179, 28.947, 9.38319, 27.5947, 15.0505, 29.6529, 4.56511, 11.4897, 25.5011, 6.42137, 29.8484, 19.8575, 15.1356, 7.70114, 8.73126, 19.116, 14.7285, 12.349, 8.57805, 27.1418, 10.277, 19.0937, 17.003, 5.29894, 3.15141, 1.26845, 29.0718, 13.7511 ], 
          [ 12.082, 8.43148, 3.14717, 7.10459, 2.32413, 9.29591, 15.032, 9.43096, 18.3963, 25.2357, 15.6714, 10.9168, 26.3294, 19.2856, 26.5249, 21.2246, 5.80471, 22.7183, 2.79173, 26.2356, 24.7431, 14.303, 10.5311, 23.5177, 3.21217, 3.62899, 16.6128, 26.8546, 13.7826, 20.6025 ], 
          [ 8.77171, 18.9972, 10.4867, 16.8308, 25.6511, 21.5302, 3.51335, 10.1191, 23.7032, 8.91369, 24.241, 7.14789, 18.6824, 24.7809, 9.39601, 18.8078, 26.5567, 13.8428, 16.4383, 10.2747, 10.7488, 6.85611, 10.9811, 11.4576, 18.3028, 15.2301, 8.95344, 15.3014, 21.1465, 10.8742 ], 
          [ 8.07848, 21.3647, 25.6768, 11.6555, 19.9988, 24.3377, 15.6419, 18.313, 3.46385, 1.46789, 2.55725, 8.51133, 26.63, 29.4756, 15.3683, 20.6633, 19.6432, 23.601, 14.1907, 16.9269, 26.3251, 13.3413, 7.81042, 21.1094, 7.23808, 26.159, 14.0338, 29.8657, 20.8323, 16.1109 ], 
          [ 8.70671, 19.9482, 6.46624, 3.1859, 19.2547, 14.2592, 22.5637, 10.8681, 10.065, 17.9794, 29.789, 13.4357, 21.2776, 1.23045, 15.3366, 7.51433, 9.54483, 14.0953, 12.7012, 29.1699, 11.0637, 27.8758, 28.5585, 10.4982, 26.8092, 2.02837, 15.2688, 4.59053, 13.1928, 13.7242 ], 
          [ 27.2664, 5.30468, 9.00968, 26.9731, 27.7226, 9.91111, 21.8707, 6.50101, 16.407, 22.0901, 22.4194, 29.1669, 9.52922, 1.55194, 6.73989, 5.45126, 14.5409, 28.697, 17.4021, 16.8578, 17.0873, 9.34753, 10.2562, 1.6024, 16.837, 1.35039, 20.8511, 12.1819, 17.6727, 13.8157 ], 
          [ 18.2764, 8.16673, 1.28865, 21.8572, 21.6747, 3.56466, 1.53213, 27.9187, 17.2309, 25.1609, 24.9381, 5.90274, 19.472, 26.3098, 4.18093, 20.0195, 3.68305, 27.7994, 16.7634, 20.8934, 9.49355, 8.32567, 27.4209, 11.8226, 27.5079, 26.8426, 9.74656, 20.466, 21.5229, 12.0541 ], 
          [ 27.0939, 9.45308, 28.6514, 19.3558, 9.76433, 24.1472, 24.1953, 20.9045, 9.99191, 27.3889, 29.4705, 1.19284, 3.56746, 2.42872, 9.84292, 13.8012, 24.6426, 21.7485, 18.4013, 19.6187, 2.98077, 26.6475, 17.9771, 13.2661, 25.2502, 5.8126, 26.6333, 28.7796, 2.91073, 13.6498 ]
        ], 
        [
          [ 21.6986, 22.9416, 5.55116, 9.99426, 4.41514, 8.45962, 4.68451, 21.1069, 17.8173, 5.52122, 6.25933, 11.2985, 27.6468, 4.58624, 3.48381, 11.9027, 15.4721, 10.7782, 13.0708, 16.1531, 3.52543, 25.5582, 2.80089, 28.4688, 15.1905, 13.6486, 20.0439, 16.1606, 13.0327, 9.53894 ], 
          [ 17.3947, 14.0163, 5.36461, 27.0661, 12.9516, 14.929, 4.0745, 2.793, 20.4571, 9.6577, 23.6476, 23.5582, 19.903, 5.13997, 28.4586, 10.6451, 10.0382, 13.3941, 7.0071, 8.63339, 21.2167, 2.01042, 7.38189, 21.733, 22.7474, 27.1203, 24.4994, 23.2058, 1.22788, 2.06655 ], 
          [ 24.9002, 5.89744, 8.02057, 29.0259, 28.8049, 23.3456, 15.6867, 6.71833, 20.5417, 26.2353, 7.93142, 6.68265, 18.623, 21.5833, 2.87436, 26.6897, 1.39197, 26.3285, 21.4721, 14.2161, 4.03203, 12.1805, 4.92336, 29.7937, 7.473, 29.2703, 3.4231, 28.8565, 28.7382, 20.6567 ], 
          [ 22.6427, 14.058, 2.43006, 8.09494, 11.4294, 21.3312, 11.4996, 6.36043, 1.82062, 16.598, 22.723, 29.8866, 9.00441, 18.1316, 26.0932, 11.2648, 22.9156, 4.35379, 22.7042, 29.7997, 12.7898, 16.6181, 7.94077, 22.4135, 9.80549, 13.877, 9.18263, 21.0752, 13.7327, 6.54882 ], 
          [ 28.7654, 27.5701, 20.53, 8.54491, 10.7885, 10.0207, 28.7181, 18.8352, 11.937, 11.1529, 15.4586, 22.6608, 3.47448, 16.4541, 6.0666, 25.8175, 29.0024, 9.31298, 10.5828, 29.6959, 25.2956, 15.2699, 22.6592, 16.2161, 5.39782, 21.5841, 22.7091, 22.3938, 26.2871, 8.30843 ], 
          [ 9.74536, 5.73469, 16.4073, 16.035, 16.4984, 18.2509, 5.30517, 25.5729, 16.9057, 5.01427, 11.5531, 2.61749, 2.815, 27.6749, 22.9241, 24.9863, 26.8323, 29.7425, 5.35649, 14.6981, 10.066, 4.51434, 15.828, 1.09562, 1.27708, 24.0192, 9.35084, 7.7913, 10.0102, 24.2514 ], 
          [ 5.65358, 26.423, 26.0192, 17.5802, 21.3607, 25.2474, 6.78649, 24.4038, 29.7361, 27.3819, 27.9194, 16.7343, 22.4805, 15.6361, 3.78858, 16.9024, 27.434, 2.11059, 4.85298, 26.9687, 4.92419, 11.4625, 20.4911, 10.1989, 28.4413, 19.1783, 29.0257, 4.73596, 3.91649, 2.66243 ], 
          [ 19.2108, 18.2553, 21.7907, 27.4651, 22.8947, 20.6567, 26.8201, 14.8993, 21.4357, 16.9107, 5.28293, 10.2196, 26.7144, 20.8848, 21.1767, 9.25525, 20.0512, 3.14114, 18.8812, 14.1457, 12.7315, 12.8306, 11.8449, 20.1596, 17.1252, 9.56879, 21.1205, 8.88036, 7.24991, 20.492 ], 
          [ 3.05847, 21.0479, 29.5762, 7.97648, 14.0269, 25.3701, 3.52276, 8.22763, 29.9568, 23.275, 29.7554, 27.5636, 3.00419, 26.7497, 6.84901, 29.3656, 15.8731, 5.2041, 10.6765, 22.2588, 28.1826, 2.16754, 13.8664, 28.673, 11.2288, 4.62339, 2.7057, 14.3043, 16.5284, 15.7727 ], 
          [ 4.25301, 29.3366, 25.7988, 18.3917, 12.8395, 22.2441, 3.93931, 19.3398, 14.2226, 24.9388, 10.2785, 1.61125, 21.316, 11.6304, 25.5332, 27.941, 26.3757, 5.80972, 6.98206, 22.9102, 22.3468, 18.8433, 11.5658, 10.3544, 24.7899, 5.09566, 28.6598, 16.5536, 9.82293, 29.1568 ], 
          [ 20.8564, 13.827, 5.11216, 16.5573, 11.8042, 25.4663, 4.29199, 17.8001, 19.6316, 5.88355, 25.9853, 16.4131, 14.8737, 22.6571, 8.86109, 1.76596, 5.62957, 11.2906, 3.259, 19.2987, 19.7203, 28.5195, 24.1411, 6.76139, 2.52577, 4.20371, 2.85985, 18.604, 16.1475, 20.0333 ], 
          [ 6.9793, 28.5841, 23.9192, 11.2077, 28.7086, 4.34978, 12.3423, 6.22248, 19.1736, 11.7425, 1.02399, 12.9329, 15.7276, 27.361, 15.3375, 4.28919, 2.42616, 16.9912, 4.66672, 29.4491, 26.5869, 6.17679, 3.46122, 1.32527, 4.0577, 28.8419, 29.2958, 15.1376, 29.9117, 1.67104 ], 
          [ 28.8774, 15.5849, 23.3795, 14.7927, 26.9878, 25.8497, 27.9711, 23.0994, 22.0466, 19.8752, 26.1086, 13.3248, 27.8642, 8.05967, 1.20695, 4.47178, 8.8394, 5.80712, 27.6506, 20.947, 19.9895, 24.1873, 4.26204, 19.3312, 18.9777, 24.0438, 2.08873, 8.88585, 6.32336, 3.45968 ], 
          [ 25.3937, 22.2926, 16.9496, 26.7932, 11.4035, 3.86135, 17.8824, 5.48111, 22.6709, 20.2401, 20.828, 19.5548, 12.8898, 13.3706, 5.4805, 2.66222, 16.3458, 18.4193, 12.9368, 5.40072, 5.22574, 20.8713, 28.6513, 2.93982, 11.6545, 11.4481, 24.1159, 21.0499, 13.6671, 19.384 ], 
          [ 25.3354, 21.0289, 25.9993, 23.8189, 22.496, 29.2235, 27.3899, 26.6881, 18.3247, 27.9923, 9.88652, 15.432, 3.55117, 3.23636, 22.685, 24.314, 28.755, 2.23698, 11.4057, 21.2777, 6.54015, 26.1943, 3.58118, 12.8915, 18.3013, 2.65934, 17.7479, 14.9753, 26.7243, 16.9825 ], 
          [ 17.1018, 11.9358, 22.574, 22.4259, 7.83642, 9.28626, 9.18621, 18.5216, 19.873, 17.0933, 27.5034, 3.67583, 25.5451, 5.66021, 14.3829, 19.1537, 13.9545, 18.4857, 7.72232, 15.5701, 27.4005, 16.0453, 26.2981, 4.31268, 12.5807, 21.6365, 17.5973, 11.8913, 29.9787, 9.90929 ], 
          [ 26.9095, 1.93166, 7.92867, 7.82629, 14.6525, 16.0203, 3.61825, 25.0294, 19.031, 21.6632, 5.28222, 24.7852, 17.0031, 2.47053, 25.3255, 24.1248, 4.69695, 19.1469, 11.4791, 13.4524, 10.3781, 15.955, 8.98685, 25.8717, 27.8872, 21.5757, 8.3687, 6.55825, 15.4601, 29.4375 ], 
          [ 1.04426, 15.6345, 18.7219, 14.5538, 11.5843, 20.1558, 9.4323, 10.0923, 6.83226, 3.12324, 12.4249, 2.18614, 8.63451, 15.7773, 8.74787, 12.7568, 17.8348, 8.66068, 24.8798, 6.08505, 9.47097, 15.1883, 8.07881, 19.1842, 17.0893, 6.4942, 11.7345, 10.1366, 26.672, 15.6889 ], 
          [ 28.7403, 8.8263, 20.7852, 13.768, 19.794, 1.01353, 14.2866, 2.65799, 21.038, 29.644, 4.07297, 24.5282, 11.0692, 27.2413, 18.609, 15.5436, 26.4912, 3.10295, 7.30489, 23.6464, 12.274, 26.9216, 27.8512, 1.58533, 8.04355, 13.532, 24.1278, 20.6979, 11.762, 7.40341 ], 
          [ 1.1352, 26.2877, 28.68, 1.18009, 20.7992, 12.154, 19.2716, 27.4685, 17.0724, 7.47922, 29.1117, 14.3894, 12.9147, 26.1097, 10.3893, 16.0697, 3.24589, 8.99062, 3.16476, 18.5682, 2.52462, 2.08462, 7.97828, 1.47504, 29.3628, 19.9541, 8.69963, 8.52624, 14.5045, 17.0957 ], 
          [ 6.20703, 2.0782, 7.38826, 5.29656, 29.1741, 13.1443, 16.6818, 24.4597, 27.5235, 21.965, 4.72688, 9.54845, 3.90708, 23.0273, 26.2444, 6.71826, 27.5821, 25.045, 22.247, 2.34581, 2.67479, 3.87293, 8.24721, 6.58347, 16.3339, 11.152, 29.0789, 9.41581, 29.5972, 13.3456 ], 
          [ 17.6446, 18.2085, 18.6125, 23.9402, 4.50347, 19.6905, 22.0115, 23.6049, 15.246, 23.4892, 28.8902, 25.7457, 19.1123, 2.15157, 18.0417, 20.6343, 22.5294, 22.5651, 27.8448, 25.1221, 13.4592, 12.2284, 3.88133, 25.1676, 11.5571, 18.6882, 14.1054, 12.7932, 19.4936, 18.3088 ], 
          [ 7.90389, 23.9648, 29.9199, 13.3832, 23.5535, 4.82703, 20.1869, 11.6124, 19.1186, 3.50895, 5.82854, 29.6844, 28.5245, 1.71731, 3.77178, 21.2431, 10.224, 17.873, 17.1627, 2.62408, 5.20222, 11.3318, 29.2742, 24.4386, 3.59657, 12.7236, 25.2272, 25.953, 4.8784, 21.0072 ], 
          [ 19.8168, 4.63505, 19.2276, 12.1158, 24.3497, 11.9281, 10.1964, 11.3966, 12.6184, 8.96506, 21.156, 26.9163, 16.4351, 9.0303, 18.6403, 12.2037, 27.1546, 14.4198, 11.8067, 2.03185, 24.2206, 3.83841, 6.80479, 26.5423, 10.2205, 27.3193, 8.11828, 6.92685, 24.1626, 21.569 ], 
          [ 4.92996, 5.18125, 8.72861, 7.69109, 18.9191, 24.9897, 12.656, 28.4687, 24.4434, 29.4297, 9.26715, 28.9413, 20.5922, 23.5832, 17.3077, 7.17524, 14.7508, 22.3964, 16.9517, 22.3615, 11.2699, 26.5789, 2.20192, 22.4408, 25.2452, 9.87829, 28.7745, 2.08408, 7.29386, 10.2266 ], 
          [ 25.6702, 6.15399, 5.23182, 26.7108, 18.9598, 8.85971, 18.0674, 7.38767, 20.9645, 22.9629, 15.5888, 12.7252, 9.84578, 5.83854, 27.4287, 23.7604, 29.7404, 10.8822, 4.6655, 26.0862, 9.29001, 24.2978, 14.3995, 8.63706, 10.897, 5.26008, 7.29921, 17.5505, 23.3066, 15.1952 ], 
          [ 16.8173, 19.5801, 15.1535, 21.0418, 4.12032, 26.9393, 26.6808, 27.7018, 18.8607, 11.8303, 17.3001, 5.98832, 12.31, 27.6476, 28.5631, 24.3005, 11.8306, 10.9221, 1.88195, 7.67483, 18.4767, 3.61782, 2.84181, 4.72159, 7.7065, 27.1461, 22.9533, 5.89753, 17.4124, 22.9635 ], 
          [ 29.4996, 5.88961, 1.05126, 13.9607, 2.25777, 13.4817, 26.2739, 6.69361, 3.10904, 4.01837, 20.6239, 22.1641, 2.5547, 1.62043, 7.40358, 18.2008, 20.8083, 6.97477, 25.1163, 20.9152, 6.12107, 21.8068, 25.0217, 7.16676, 15.3421, 3.53883, 1.64758, 16.329, 14.698, 14.7133 ], 
          [ 20.6687, 2.21448, 17.95, 17.3765, 24.1463, 28.665, 6.02468, 26.6527, 12.5735, 17.2295, 2.55532, 29.8779, 27.7941, 13.7022, 1.02092, 29.1016, 24.6289, 18.1547, 12.3212, 28.9824, 21.5198, 13.544, 12.3313, 23.304, 12.9253, 7.26891, 16.6465, 19.7746, 1.9458, 23.7131 ], 
          [ 11.8487, 17.8556, 29.2346, 22.467, 22.4948, 7.61868, 6.2698, 28.4836, 7.24873, 13.9088, 27.4652, 2.97359, 28.2477, 9.52983, 3.04195, 9.77933, 14.3287, 3.96198, 4.22208, 5.26968, 26.9075, 21.5202, 2.70559, 27.5533, 24.8806, 3.17369, 2.28515, 3.87583, 27.3188, 11.9134 ], 
          [ 6.44131, 26.9199, 25.5674, 2.96216, 7.27364, 15.7131, 12.5533, 15.8425, 2.43387, 8.38088, 24.5157, 1.49091, 18.5018, 3.05727, 13.6183, 10.2507, 26.9741, 20.0225, 25.6558, 22.2804, 27.5041, 28.9443, 10.1032, 9.46497, 29.6202, 3.12231, 19.0565, 18.4977, 8.72568, 19.4792 ], 
          [ 25.8589, 1.86833, 6.42254, 24.6857, 23.6265, 26.7162, 27.9856, 5.21315, 18.8922, 10.9972, 14.8853, 17.467, 9.58381, 12.7126, 22.8675, 25.4475, 13.2295, 14.3564, 2.19331, 21.3103, 12.9931, 22.3223, 9.62699, 16.5702, 11.5174, 28.6103, 6.54168, 13.6504, 17.5452, 20.513 ], 
          [ 23.1018, 5.70335, 24.3936, 17.9398, 23.7615, 26.7303, 18.5901, 20.7489, 29.2156, 7.60779, 12.0274, 8.39793, 11.5354, 10.0155, 25.3323, 2.60489, 15.2126, 14.7631, 24.368, 5.52573, 25.1017, 6.5311, 20.7853, 28.8188, 29.2509, 27.5396, 22.7973, 4.70169, 6.87035, 9.32914 ], 
          [ 23.4477, 10.3652, 11.0511, 7.46414, 29.5583, 6.3626, 9.37073, 11.3789, 13.3967, 2.37805, 9.28717, 11.726, 12.1086, 6.51863, 21.0624, 17.5311, 13.1979, 19.6147, 9.55092, 17.647, 20.9544, 26.2727, 20.8316, 4.50332, 7.64879, 14.0644, 27.2438, 21.8014, 18.4943, 23.0689 ], 
          [ 3.55819, 18.902, 11.3194, 26.3917, 23.4734, 5.55967, 1.67759, 23.3234, 28.8798, 24.8515, 13.3425, 5.94804, 19.8849, 5.88722, 27.074, 25.8365, 18.8677, 24.1903, 12.7154, 20.2271, 4.68876, 6.46223, 22.2068, 6.89543, 13.767, 27.9077, 16.5893, 18.01, 27.3839, 27.4038 ], 
          [ 1.46166, 5.50257, 16.8434, 7.16566, 6.55091, 24.6005, 12.6293, 15.719, 6.5017, 15.3716, 21.8115, 9.40411, 7.06904, 22.5257, 5.84063, 10.2125, 3.37514, 2.66749, 12.499, 2.14465, 1.97698, 26.1445, 25.0165, 10.4993, 13.3224, 24.2174, 28.8472, 13.753, 28.2326, 7.1289 ], 
          [ 7.098, 16.4299, 16.0051, 19.9038, 26.3317, 28.1494, 10.5924, 9.78747, 25.3914, 2.22726, 27.8686, 7.22029, 23.4657, 16.0088, 14.8346, 11.9927, 21.5352, 8.35685, 17.3099, 10.6278, 16.4005, 2.93772, 6.99101, 9.35318, 16.3775, 12.4599, 9.80207, 26.1845, 28.9342, 27.0747 ], 
          [ 11.7943, 16.1259, 11.8134, 25.2955, 15.659, 16.6759, 6.91715, 12.1997, 9.83848, 11.5417, 10.3251, 24.4391, 18.4308, 12.8766, 6.88337, 14.0245, 25.6377, 10.9988, 16.465, 4.85932, 17.1236, 3.11131, 21.6961, 25.262, 14.5784, 4.3929, 1.70791, 6.6911, 8.99186, 8.61863 ], 
          [ 28.5988, 24.8883, 18.9723, 18.9723, 10.7788, 22.689, 25.0373, 9.87926, 3.15532, 12.1909, 14.0972, 14.1623, 7.77836, 7.53105, 10.0729, 16.0849, 23.0898, 12.4607, 25.1627, 29.3382, 19.1497, 12.9653, 7.75482, 2.13909, 5.02078, 13.3869, 21.2112, 25.7538, 7.76175, 7.55103 ], 
          [ 3.93395, 17.3372, 8.45513, 10.3118, 20.3313, 26.7515, 22.8898, 13.8366, 25.7482, 14.5294, 3.95914, 25.0646, 11.4967, 2.06372, 22.5022, 14.6176, 24.1563, 20.3023, 21.2782, 6.54505, 14.5157, 27.4757, 29.1984, 10.6718, 8.43203, 5.85727, 8.84174, 17.3262, 23.94, 5.94662 ], 
          [ 14.186, 3.51376, 6.32026, 24.1487, 27.9992, 6.27944, 19.7867, 24.1968, 7.61034, 11.5712, 25.2667, 17.0866, 11.0933, 4.56445, 5.42482, 13.9374, 5.71625, 22.0104, 1.13745, 13.7561, 2.04541, 18.0105, 11.8329, 15.2264, 16.4764, 9.91458, 22.9012, 1.06433, 14.6093, 26.0966 ], 
          [ 24.4602, 18.8361, 13.9533, 17.1931, 3.89548, 9.90094, 12.2008, 29.3432, 12.6755, 18.1174, 1.01677, 15.6924, 8.3592, 27.05, 15.9438, 11.0938, 17.8366, 27.6035, 12.0881, 4.40013, 14.9525, 8.02129, 11.4821, 28.1089, 22.604, 2.98114, 1.06503, 27.2901, 8.72461, 4.80691 ], 
          [ 20.1897, 8.44761, 26.2267, 1.72626, 22.0769, 28.656, 2.34381, 28.0836, 27.7619, 7.16515, 16.2517, 1.14955, 4.22114, 9.23052, 20.9458, 19.6701, 28.5429, 12.7142, 7.80813, 18.9322, 3.69241, 18.1834, 7.654, 8.17729, 4.01546, 19.8342, 10.0124, 18.7095, 21.0487, 8.09166 ], 
          [ 14.1157, 10.5487, 14.8496, 9.80338, 27.9036, 4.37405, 22.9618, 6.35854, 9.57627, 6.45565, 3.69944, 3.25154, 13.5851, 11.7766, 14.0006, 4.31664, 2.37362, 25.5664, 21.9409, 17.7988, 15.836, 5.17491, 27.3114, 22.4045, 10.821, 19.0698, 8.62165, 18.7194, 17.8259, 6.94388 ], 
          [ 25.5943, 10.5647, 16.2317, 3.80135, 1.47962, 15.1984, 26.1906, 2.11966, 4.08882, 25.9174, 1.45212, 24.2009, 29.8887, 18.8178, 15.6639, 12.1521, 28.4741, 11.8617, 15.7083, 6.52257, 2.92408, 4.93768, 17.3975, 6.16518, 20.5495, 16.7669, 3.03685, 17.4491, 28.5705, 3.39254 ], 
          [ 5.96468, 15.6721, 1.13357, 1.31149, 28.4007, 24.0305, 10.9307, 22.0909, 26.6437, 9.55219, 26.91, 17.0734, 25.2158, 6.69712, 4.41621, 24.6133, 25.0318, 21.3533, 15.1641, 22.3063, 26.5106, 21.113, 12.8925, 16.8542, 1.92783, 14.1434, 11.3654, 19.2884, 9.82447, 11.1101 ], 
          [ 5.68128, 6.2064, 22.7101, 3.71801, 19.2698, 21.4364, 29.9797, 26.3414, 13.4608, 1.99692, 8.20436, 26.0383, 22.9297, 13.6929, 9.50753, 14.6483, 12.6343, 10.1919, 13.36, 15.7097, 21.3683, 6.89232, 27.9961, 16.8292, 2.52375, 8.09569, 20.8091, 24.3665, 7.97118, 23.2105 ], 
          [ 14.5649, 14.4013, 12.3768, 2.30815, 2.61702, 8.46895, 25.8728, 24.8609, 5.64608, 22.141, 2.55975, 15.2162, 23.9599, 15.9587, 26.5278, 22.72, 27.3597, 22.4069, 27.5299, 29.1518, 19.8783, 5.7171, 16.0147, 27.3579, 25.3692, 26.6918, 17.8866, 6.17018, 16.3478, 22.923 ], 
          [ 28.6114, 24.3927, 19.0885, 5.61142, 21.0477, 27.1802, 9.86728, 4.74731, 7.47122, 12.6707, 26.6764, 5.79971, 7.33819, 26.0495, 8.40107, 18.0168, 1.65659, 1.56187, 21.8698, 6.93937, 4.22735, 25.6004, 27.007, 29.923, 8.61303, 8.98721, 13.3758, 18.3734, 25.269, 8.611 ], 
          [ 19.0624, 18.9775, 15.9827, 5.66147, 5.19795, 23.8754, 20.3121, 6.84552, 15.7174, 12.8633, 27.3414, 19.1498, 19.9079, 6.04448, 11.6571, 17.4464, 27.4563, 23.8831, 5.78703, 22.4073, 19.9972, 8.59278, 9.2938, 27.3052, 6.53902, 11.2154, 23.3641, 28.0626, 11.2864, 16.2953 ], 
          [ 6.78092, 18.327, 21.8599, 28.3172, 5.10331, 27.1906, 22.1862, 11.3284, 10.0625, 23.6708, 14.2803, 24.8486, 18.8921, 25.829, 9.47564, 23.6484, 21.9676, 27.3888, 15.1002, 8.24922, 11.646, 24.2842, 14.3256, 26.0163, 24.4805, 4.42956, 21.3132, 16.7347, 9.405, 5.58289 ], 
          [ 17.0254, 9.10613, 26.2938, 15.5871, 17.3132, 29.0547, 13.641, 22.3441, 15.2091, 26.9508, 18.0544, 12.7154, 12.6179, 1.76458, 3.2309, 3.92359, 27.5738, 27.2413, 15.1727, 28.8344, 9.30177, 4.79925, 8.07874, 11.6112, 3.4801, 15.0423, 21.67, 17.2673, 18.9538, 29.3079 ], 
          [ 17.9582, 15.9767, 15.759, 28.4337, 26.3463, 28.2675, 18.9985, 4.15933, 21.3084, 26.5482, 4.0282, 21.5195, 22.4112, 1.44065, 9.05257, 5.39647, 8.2905, 13.8765, 7.10669, 5.69763, 16.8217, 12.5068, 5.97973, 20.2547, 22.9464, 16.5596, 8.33244, 25.3314, 20.1704, 8.75857 ], 
          [ 18.5862, 7.91061, 18.9279, 18.9629, 15.4871, 13.2499, 18.4724, 10.4481, 21.5403, 20.6627, 10.2972, 27.1221, 10.0787, 16.6763, 13.7456, 15.3318, 12.2479, 4.60191, 26.8505, 25.2859, 23.0404, 12.2688, 21.7132, 2.25238, 17.4609, 5.21117, 11.6171, 15.0754, 7.80395, 3.41213 ], 
          [ 29.0114, 6.12575, 20.3598, 13.0923, 27.5888, 16.8793, 12.7149, 4.47485, 24.7596, 6.12581, 17.8951, 7.39313, 1.90751, 14.5062, 9.28726, 28.7017, 16.0804, 29.206, 8.08949, 14.1395, 13.9632, 12.4344, 2.24957, 15.9193, 11.5024, 24.415, 9.57307, 24.4902, 7.66919, 16.6082 ], 
          [ 16.6855, 4.79175, 26.2307, 18.2813, 16.1453, 18.8532, 6.3336, 22.3554, 27.2702, 11.3955, 12.1567, 9.81924, 1.91026, 1.13769, 27.868, 23.4625, 19.5814, 8.13944, 26.2074, 1.83583, 11.4887, 4.54416, 12.5396, 3.62621, 24.8921, 10.4552, 7.91292, 17.6279, 3.85813, 19.53 ], 
          [ 4.27108, 11.7243, 22.0244, 29.3952, 20.856, 1.66712, 27.2724, 14.9995, 15.5603, 25.986, 12.8775, 4.16715, 26.9877, 18.0444, 20.3116, 19.3422, 9.81742, 5.97656, 1.97216, 2.07485, 9.39506, 20.5869, 23.7261, 19.0941, 2.66747, 7.19298, 20.327, 13.0673, 7.76098, 10.1395 ], 
          [ 12.9344, 5.93051, 13.2683, 26.6163, 28.3548, 28.6537, 8.82913, 14.3547, 17.0122, 20.109, 28.104, 22.5313, 9.04989, 6.49391, 3.16619, 20.7999, 27.0864, 23.6398, 4.85298, 15.8524, 5.83327, 19.0961, 13.2129, 20.6049, 29.2744, 5.1163, 21.8183, 27.5515, 9.6263, 20.4024 ], 
          [ 13.9331, 10.9536, 13.6319, 22.564, 20.4497, 25.9391, 21.623, 9.69661, 28.7611, 7.72358, 26.0125, 19.276, 5.36988, 20.3318, 19.4047, 24.2273, 28.0437, 1.73684, 16.6855, 3.62701, 26.9393, 7.59784, 7.35881, 11.3774, 18.8495, 3.82429, 24.8728, 12.662, 1.85725, 2.57771 ], 
          [ 9.46222, 17.9947, 17.9514, 27.2076, 10.7935, 19.7174, 10.6372, 26.4063, 11.7695, 5.4715, 16.8397, 25.7958, 2.00251, 10.794, 3.42526, 13.3276, 10.6049, 5.6695, 16.9019, 4.88522, 27.4332, 29.8536, 9.45004, 27.2031, 12.5409, 23.3959, 13.0463, 26.1058, 19.3816, 11.6546 ], 
          [ 22.5481, 28.5693, 11.1052, 13.8175, 10.4163, 2.29516, 27.0069, 12.2016, 5.88287, 9.51988, 27.0005, 13.3796, 4.25279, 27.0966, 14.0698, 19.7014, 4.70483, 3.18786, 1.79793, 15.1574, 1.06462, 16.5209, 12.4278, 28.661, 29.3146, 3.85611, 9.30754, 18.0445, 25.4961, 5.92221 ], 
          [ 6.30409, 6.06847, 11.6473, 13.0283, 20.9911, 1.35745, 6.10522, 11.0095, 17.0637, 7.20133, 14.3906, 16.3384, 12.0254, 17.4798, 14.2772, 13.0351, 9.95709, 24.6445, 12.154, 24.5376, 19.9311, 16.0455, 12.6809, 10.2075, 11.7535, 12.7664, 9.12342, 29.1437, 9.88343, 19.8094 ], 
          [ 24.0607, 25.8293, 3.73351, 4.07403, 29.0367, 17.5661, 7.14208, 28.2394, 23.2461, 14.5403, 28.0334, 5.41744, 19.44, 28.2511, 18.1995, 7.04574, 25.4153, 10.2549, 25.1602, 16.8176, 6.33402, 22.255, 14.9914, 16.1782, 17.2999, 24.5495, 14.2786, 1.53522, 12.5611, 18.3331 ], 
          [ 11.3225, 25.2846, 20.454, 13.8328, 27.6232, 19.0483, 10.4232, 3.70651, 19.7227, 14.0104, 19.0392, 13.34, 8.69661, 27.6976, 13.117, 11.4774, 21.6745, 19.2038, 6.08594, 3.89807, 12.9818, 2.75263, 9.23195, 5.3846, 18.4579, 23.8784, 28.6493, 10.7163, 9.77591, 27.6994 ], 
          [ 22.4448, 8.95033, 14.9171, 26.6491, 20.0412, 12.4364, 8.86884, 3.63154, 26.4112, 18.0308, 14.2677, 4.02791, 2.19772, 21.5241, 22.1444, 27.8539, 16.6626, 18.9749, 28.0749, 4.39044, 12.0649, 3.84177, 22.6463, 7.43222, 8.32917, 18.7457, 12.5155, 10.2237, 21.0306, 4.9727 ], 
          [ 29.0639, 2.10629, 1.51862, 3.90862, 10.5387, 10.6147, 9.78091, 19.8191, 7.00273, 29.296, 19.8469, 2.96618, 1.00644, 28.2214, 22.8269, 15.6918, 9.92811, 26.7143, 2.90213, 2.46616, 9.0868, 12.7479, 19.7112, 25.0508, 24.9448, 24.7867, 22.5352, 22.0388, 4.94925, 1.62994 ], 
          [ 5.39513, 13.8431, 17.7104, 12.0338, 25.0882, 4.02336, 23.5678, 27.73, 3.55668, 15.391, 17.6135, 25.1136, 28.976, 7.55018, 15.5231, 24.391, 22.4981, 13.6501, 6.27535, 17.8006, 10.5659, 29.2802, 20.2911, 18.3767, 21.9877, 8.80283, 19.7512, 4.24124, 2.12286, 27.642 ], 
          [ 23.8778, 11.5535, 5.98426, 26.3479, 2.65609, 3.88043, 16.2078, 22.6411, 23.9267, 10.5666, 23.5684, 10.9281, 1.57905, 13.2721, 19.2931, 9.51685, 5.58207, 26.5481, 2.72993, 13.2841, 1.02662, 15.6001, 3.95892, 3.11664, 20.3176, 14.7266, 7.45702, 12.4729, 14.2553, 22.4854 ], 
          [ 12.5283, 28.7785, 23.2148, 23.4728, 18.058, 22.95, 10.0498, 11.2567, 27.6348, 17.8388, 22.6657, 7.32638, 18.9574, 21.0147, 16.2828, 24.0101, 16.2936, 11.8688, 1.36525, 11.2457, 4.90753, 29.6338, 14.0403, 17.3628, 24.0388, 10.4879, 27.2486, 9.22272, 26.4227, 16.6199 ], 
          [ 23.5625, 6.35156, 14.7771, 13.764, 3.375, 27.6478, 25.2103, 16.3414, 10.6716, 23.9451, 1.54718, 17.4344, 5.94929, 11.5718, 18.2312, 6.59827, 20.6723, 25.2083, 13.7436, 8.42043, 17.4528, 6.98299, 5.79736, 6.89008, 12.2834, 25.0609, 25.2074, 26.9557, 20.0674, 11.2127 ]
        ]
      ];
r = [
        [73816.1,52623.2,50935.9,58973.5,53430.9,65950.7,51122,54012.4,68953.1,71952.9,80845.9,60122.2,52475.7,64182.7,64171.1,79905.1,67583.4,78710.4,59320.3,59361.2,74139.2,63733.6,79507.1,52174.6,75119,75080,58235.4,75312,78340.4,57085 ], 
        [67288.9,61338.5,61047.6,60690.4,55690.2,70100.3,52642.2,71596.1,53200.2,58203,55069.1,61362.1,73306.8,60375.6,69027.5,55355,65249,59372.3,72484,70170.1,58030.8,70937.7,59398.4,74984.4,62369.6,72457.1,55883.4,57427.9,50903,54388.8 ]
     ];
d = [
        [4481.1,44615.4,62426.9,88470.4,58236.1,8816.92,87953.2,40480.2,71924.5,74985.9,34860.2,48395.1,8124.65,5098.19,74070.9,28078.8,68621.2,62169.6,35728.1,60190.8,69842.5,61620.5,36584.2,83884.8,15829.6,32666,6560.84,18323.3,48639.6,51202.1,46876.9,27161.4,77979.8,89373.6,60723.9,37659.4,26054.1,57986.2,41035.1,60009.2,17820.6,85161.1,54794.6,14194.6,77535.7,31059.9,40753.6,62430.8,45343.1,72133.4,27271.1,77618.1,82432.5,36807.1,18418.5,61070.6,16587.2,29087.6,19974.5,75952.8,15327.5,38530.2,49169.1,25305.4,82267.9,39794,70379.1,44028.5,39152.7,28861.4 ], 
        [56773.9,24691.9,48984.3,86552.3,13745,53288.9,62787.8,37736.7,35726.4,88464.1,50603.1,87264.3,40046.3,69048.8,84784.9,80348.9,37268.8,89329.4,76809.7,48847.1,14900.7,64605.5,64394.6,80876.6,34558.9,29567.8,32582.4,75379.6,8389.36,72977.3,38834.1,36884,4248.03,35250.2,50775.1,16413.9,46968.1,9727.76,2671.77,66333.7,7017.7,28571.9,89515.9,85229,45038.3,34012.9,12188,51532.7,62616.8,81744.3,5916.35,89069.3,22072,39136.6,59178.4,63443.3,12971.8,64013.2,45370.2,55444.4,32252.1,25953.2,20255.1,15873.1,24892.7,25328.5,51984,84462.3,56263.1,26011.5 ]
     ];
