/***************************************
* STOCHASTIC OPTIMITZATION
* OPL S2FVPP Data Generator
* by Jordi Mateo Fornes
* Model = S2FVPP; Stochastic (2S) MIP 0-1;
* Representation = Compact Representation;
****************************************/
I = 50;
P = 30;
C = 70;
G = 2;
p = [ 0.02, 0.02 ];
pc = 0.04;
ORCHARDS = { 1, 2, 3, 4, 5, 6, 7, 8, 9, 10, 11, 12, 13, 14, 15, 16, 17, 18, 19, 20, 21, 22, 23, 24, 25, 26, 27, 28, 29, 30 };
CUSTOMERS = { c1, c2, c3, c4, c5, c6, c7, c8, c9, c10, c11, c12, c13, c14, c15, c16, c17, c18, c19, c20, c21, c22, c23, c24, c25, c26, c27, c28, c29, c30, c31, c32, c33, c34, c35, c36, c37, c38, c39, c40, c41, c42, c43, c44, c45, c46, c47, c48, c49, c50, c51, c52, c53, c54, c55, c56, c57, c58, c59, c60, c61, c62, c63, c64, c65, c66, c67, c68, c69, c70 };
CGV = [ 15.075, 14.9031, 26.9731, 25.9945, 4.71777, 23.0418, 25.8037, 22.8487, 8.7723, 8.88741, 16.2434, 25.0695, 4.24681, 1.94114, 24.7818, 26.1864, 8.2733, 6.31399, 14.411, 16.6397, 6.97935, 11.36, 2.25969, 2.90389, 12.3891, 17.1504, 1.95159, 9.44976, 26.7828, 23.7265 ]; 
s = [ 0.175501, 0.126414, 2.3974, 0.976897, 0.389485, 0.254069, 0.785552, 1.7604, 2.9087, 1.72036, 2.5746, 0.21623, 2.37649, 2.55237, 1.68782, 0.161135, 0.617743, 1.34921, 2.79438, 1.77381, 1.9295, 0.415973, 2.55923, 1.6271, 2.98831, 1.48429, 2.59465, 2.61128, 1.89025, 29.9982 ]; 
CSV = [
        [
          [ 11.1654, 13.9668, 4.46323, 14.1733, 20.8653, 13.1107, 3.38714, 23.212, 13.0528, 6.11978, 28.5278, 28.187, 29.9345, 28.4822, 16.5452, 21.5859, 8.7965, 22.3599, 2.50914, 6.04797, 4.2619, 29.8695, 15.7016, 19.5669, 9.07448, 4.69382, 1.45859, 16.612, 5.44234, 1.05283 ], 
          [ 6.69735, 5.14937, 28.7742, 6.65774, 27.5368, 14.3169, 12.7433, 17.3074, 5.36433, 15.3935, 4.3437, 28.8007, 25.3409, 27.1619, 17.868, 15.1314, 7.62169, 22.1102, 21.0921, 17.6201, 2.99125, 28.8209, 21.8909, 18.1925, 21.0297, 4.19183, 2.77277, 25.2986, 13.7563, 13.7043 ], 
          [ 14.7396, 15.0699, 27.4515, 8.83328, 27.3102, 12.6063, 17.1439, 23.5705, 16.7355, 23.7015, 25.4191, 11.7055, 8.53785, 7.66072, 22.1227, 26.4276, 14.2732, 28.3621, 23.9484, 13.4189, 12.2295, 12.9256, 6.41998, 19.1556, 8.42675, 26.6507, 7.15809, 4.57751, 20.46, 25.3574 ], 
          [ 10.9273, 28.8448, 2.4761, 8.83222, 10.1687, 16.6116, 23.0781, 23.1653, 5.59032, 2.98098, 7.40594, 28.4952, 4.7738, 10.886, 5.25354, 29.0941, 5.89402, 11.2828, 18.7428, 15.4543, 20.8641, 8.08503, 21.142, 13.6793, 12.2758, 21.7322, 15.2528, 29.2448, 5.25248, 29.6902 ], 
          [ 7.26699, 18.9955, 11.8407, 7.86448, 14.3669, 8.67023, 5.92929, 4.31194, 5.04524, 20.8197, 11.6073, 1.32079, 6.80751, 4.63291, 5.22216, 17.2771, 10.5873, 15.5214, 19.6933, 3.95575, 7.67631, 4.68362, 25.954, 15.9429, 14.5358, 8.95425, 2.50835, 10.0325, 22.0178, 15.6449 ], 
          [ 18.5929, 10.9474, 27.9956, 19.9086, 9.7961, 19.2755, 28.0957, 24.8491, 26.2132, 25.4055, 28.0848, 26.9282, 13.5294, 24.4633, 22.1777, 10.5944, 20.9071, 12.1303, 29.8609, 6.24694, 25.7347, 23.5163, 3.42427, 5.50265, 14.464, 7.38905, 19.5132, 12.3002, 27.9513, 18.7498 ], 
          [ 25.2642, 4.65756, 15.9989, 21.0747, 28.3167, 22.3425, 26.2062, 16.0637, 3.43185, 21.7819, 13.8892, 12.2137, 8.34055, 8.04446, 28.4327, 23.8073, 19.2667, 29.1594, 4.0633, 26.7098, 10.0308, 11.0462, 5.31501, 10.3583, 9.0047, 14.8025, 12.8518, 26.7312, 12.9926, 10.2386 ], 
          [ 10.4573, 16.7285, 27.674, 20.3635, 23.1356, 4.91176, 29.8094, 3.00902, 26.5711, 25.6387, 27.9697, 29.6144, 8.63793, 8.383, 5.75726, 26.8088, 17.3917, 7.37725, 29.1709, 17.6341, 5.17641, 2.54808, 20.1912, 8.41068, 20.8245, 27.126, 10.5244, 16.1828, 11.6517, 17.0613 ], 
          [ 28.0695, 17.2027, 21.6641, 25.2784, 5.08206, 24.2578, 15.9239, 23.5819, 2.45566, 20.4083, 23.1153, 26.3823, 15.9768, 5.40841, 22.7787, 20.228, 12.4284, 25.6805, 10.8437, 14.2112, 16.6024, 19.5858, 29.2514, 6.99014, 16.9364, 19.0215, 23.591, 17.3436, 22.2034, 10.7074 ], 
          [ 26.5071, 19.8113, 19.51, 13.2167, 24.4479, 10.7212, 27.0819, 12.5427, 4.24727, 27.0661, 17.5572, 14.5558, 6.91122, 27.7194, 11.9171, 23.5748, 4.24642, 18.4838, 12.6467, 12.1481, 20.8828, 12.9453, 13.3748, 26.9661, 25.4104, 16.6429, 29.4993, 17.1054, 27.8347, 4.73785 ], 
          [ 29.5197, 21.9163, 20.0679, 19.2704, 8.93716, 24.121, 13.8083, 27.2108, 3.78451, 10.7034, 8.23301, 18.802, 9.41153, 6.20202, 6.1339, 26.6907, 2.86691, 23.0118, 15.7758, 27.8532, 13.037, 20.2204, 13.8123, 14.1254, 28.6947, 14.2326, 24.0384, 11.3286, 11.0732, 9.44959 ], 
          [ 27.9185, 1.08787, 24.0426, 11.2873, 16.0429, 11.8571, 10.6084, 29.6728, 10.1929, 21.8299, 23.6351, 10.2806, 10.3016, 7.08446, 28.5555, 25.8841, 5.05078, 7.45608, 9.81244, 10.0169, 11.2234, 23.1407, 28.978, 20.0859, 5.69499, 29.675, 20.0454, 24.1311, 2.82396, 7.79865 ], 
          [ 8.59975, 25.6352, 18.8265, 10.2576, 18.4638, 19.4551, 1.98413, 10.5813, 2.0419, 6.35815, 12.7955, 5.4707, 23.1574, 13.1745, 16.302, 16.2214, 28.0862, 28.6102, 15.068, 11.7644, 13.6502, 22.1633, 14.7373, 21.0925, 23.7944, 25.0863, 3.67086, 2.25816, 20.6984, 9.83645 ], 
          [ 2.99746, 28.0981, 13.369, 17.2987, 13.6174, 12.4127, 6.36148, 18.3979, 22.1045, 2.83672, 25.5079, 9.63789, 20.0139, 19.0179, 25.2628, 20.7422, 4.75804, 23.9479, 29.1106, 29.7358, 2.9955, 8.5174, 10.7612, 22.7354, 2.57068, 4.12187, 13.1254, 11.7533, 5.52803, 3.71088 ], 
          [ 29.7583, 14.0573, 2.70983, 26.7764, 13.9306, 4.53541, 25.1723, 18.0206, 15.0183, 28.3964, 8.72348, 20.2087, 9.67677, 15.2964, 14.0351, 16.3057, 21.805, 9.32386, 15.5587, 8.65445, 20.2512, 16.2217, 1.74812, 27.326, 29.0125, 10.4274, 25.6965, 19.9265, 28.8547, 29.6303 ], 
          [ 6.34857, 6.16773, 26.4879, 7.07467, 6.46514, 4.29633, 9.922, 12.2532, 25.7182, 15.0635, 29.4052, 12.4779, 6.86937, 1.66019, 13.687, 22.674, 23.4266, 15.675, 9.48622, 15.2335, 27.9637, 13.1214, 9.16661, 12.094, 28.6493, 5.47564, 10.2033, 9.96502, 2.04328, 24.9323 ], 
          [ 10.5557, 28.4288, 19.3302, 22.4604, 18.1027, 21.7368, 23.8852, 24.1513, 26.3575, 15.5931, 8.37956, 20.5241, 25.047, 19.3021, 15.1027, 3.98844, 27.0527, 28.2197, 6.2618, 1.08765, 5.03752, 25.7869, 3.88892, 10.0229, 8.22439, 13.5747, 17.6144, 5.32017, 8.40735, 23.3148 ], 
          [ 11.6082, 13.3486, 25.6798, 3.15766, 25.2267, 29.7935, 20.9604, 14.4715, 29.7063, 16.6357, 28.9231, 10.0018, 25.4823, 29.3681, 29.9804, 4.29796, 27.3243, 14.3371, 14.6093, 1.9944, 2.16984, 4.38293, 8.31711, 22.3542, 20.032, 12.179, 27.7164, 20.9246, 23.015, 14.1081 ], 
          [ 5.3857, 14.5154, 26.3452, 17.3545, 27.2238, 21.6473, 15.3631, 22.7811, 17.1383, 9.92528, 8.8765, 8.14868, 1.37467, 14.0505, 14.9231, 28.2457, 27.2633, 28.1754, 8.48405, 3.85859, 12.1679, 24.5573, 20.4269, 23.7582, 28.4188, 20.3213, 25.5455, 19.0547, 16.3854, 6.53397 ], 
          [ 5.80303, 12.0589, 23.2222, 10.1795, 13.3287, 2.70171, 20.294, 22.4022, 2.48693, 5.34793, 15.8445, 12.4441, 24.2347, 7.90691, 16.5193, 8.45412, 16.027, 26.0392, 1.77554, 18.0976, 14.0629, 8.00097, 17.5391, 17.2789, 14.8215, 1.54942, 26.8632, 23.0912, 10.8933, 17.4749 ], 
          [ 21.0481, 28.5921, 3.36907, 27.3647, 7.27483, 27.4916, 29.1516, 2.94425, 18.2729, 5.8771, 3.25881, 24.4004, 12.1364, 5.78235, 16.7793, 12.9743, 13.689, 20.6209, 9.48333, 28.6237, 2.23295, 21.4421, 5.50263, 11.9094, 11.141, 9.2246, 2.01798, 21.0159, 20.775, 6.86952 ], 
          [ 22.8832, 14.3714, 10.5061, 6.08757, 21.754, 6.74124, 14.7135, 26.0736, 1.83355, 28.3946, 21.3415, 12.0472, 19.2273, 16.6795, 3.7539, 11.2843, 15.724, 28.6047, 19.9507, 3.01276, 28.5561, 21.9882, 18.5625, 18.5506, 12.4864, 19.1025, 1.12446, 10.7181, 24.5912, 15.2602 ], 
          [ 25.425, 29.3434, 12.623, 5.16492, 15.9262, 9.34591, 23.3453, 26.0353, 10.5057, 13.1159, 6.85738, 2.77864, 22.6142, 17.7094, 13.939, 2.12147, 5.6614, 16.9247, 14.6083, 14.1441, 28.6718, 25.2207, 2.47623, 29.481, 8.52614, 14.7575, 19.4098, 24.7872, 20.2069, 11.7374 ], 
          [ 29.3197, 15.4008, 22.4852, 23.2543, 16.5714, 8.14281, 21.6052, 16.3561, 19.9049, 29.2572, 19.4081, 29.7127, 5.06618, 21.9569, 28.5636, 5.51907, 29.5181, 14.0074, 12.4817, 14.0288, 1.75098, 25.0322, 1.15668, 14.0048, 15.5478, 21.8144, 1.92955, 21.6732, 7.77363, 9.5631 ], 
          [ 20.7542, 15.8898, 22.3005, 26.1161, 19.7786, 7.35374, 27.5881, 27.6704, 8.05779, 27.6473, 22.4032, 27.6705, 16.6786, 29.9365, 7.0794, 26.0661, 25.5799, 23.9252, 27.4694, 18.7159, 14.1402, 29.1586, 1.95538, 2.94833, 14.3734, 8.15086, 2.2227, 18.2583, 19.5051, 13.2756 ], 
          [ 8.59303, 13.3072, 2.79508, 23.7652, 5.93843, 20.9471, 22.125, 19.9024, 9.64712, 20.1751, 26.8228, 25.7854, 19.6469, 29.5566, 10.2212, 24.4587, 15.7125, 16.0917, 13.0029, 8.45386, 9.28756, 28.8698, 16.1669, 29.0734, 5.61605, 7.35134, 21.5573, 6.05501, 29.6024, 21.2718 ], 
          [ 22.2566, 17.5943, 12.9467, 4.63181, 13.3522, 27.4904, 16.6219, 18.3751, 24.6208, 26.9806, 17.1899, 18.0039, 17.171, 2.51881, 5.0103, 25.3279, 21.4732, 12.8181, 19.9081, 6.44016, 21.1676, 25.6552, 29.3113, 24.3662, 15.4015, 29.6232, 16.3881, 20.7394, 9.11207, 24.435 ], 
          [ 26.0088, 3.20104, 13.1484, 22.1804, 3.4698, 24.7592, 23.9493, 2.07649, 24.691, 19.8858, 24.628, 3.9443, 11.9938, 11.7524, 16.0341, 17.3559, 6.60422, 13.719, 10.5988, 16.7521, 29.3313, 19.8248, 28.357, 13.4669, 27.9726, 5.7484, 4.43605, 23.3638, 19.3274, 10.1445 ], 
          [ 4.57971, 19.5491, 4.26933, 5.67132, 26.6679, 12.9824, 9.2411, 5.95493, 14.957, 24.5704, 26.4469, 11.6598, 28.4822, 29.249, 20.5412, 23.9071, 3.826, 16.9981, 10.3254, 18.8776, 22.5404, 14.967, 16.752, 8.51103, 25.0359, 14.1173, 4.11635, 22.4223, 11.5194, 26.7086 ], 
          [ 23.3524, 4.2245, 2.21985, 13.7594, 23.6528, 13.1924, 19.498, 22.5295, 6.05126, 29.2149, 7.62541, 1.14224, 13.3915, 27.9386, 20.823, 13.1737, 7.02847, 27.3725, 18.5331, 26.797, 4.39313, 29.37, 12.7958, 17.6014, 8.06711, 26.3363, 13.7826, 29.2949, 5.1047, 1.42563 ], 
          [ 3.44666, 3.2074, 13.2503, 6.5408, 20.4225, 10.1856, 25.6889, 4.31307, 20.4778, 21.7124, 19.5058, 9.24652, 16.8558, 4.63147, 26.8858, 13.8454, 1.4187, 15.9184, 5.20332, 16.9334, 12.0187, 17.2706, 27.4491, 21.4265, 7.14987, 17.794, 10.129, 4.02813, 20.341, 11.241 ], 
          [ 7.86585, 4.75751, 14.6465, 6.61298, 19.5242, 4.76286, 14.4773, 27.3503, 16.9867, 23.6474, 24.0397, 16.2273, 28.8682, 25.7888, 17.6946, 29.0863, 14.3038, 2.07238, 13.2114, 11.7572, 4.64839, 3.9195, 2.42796, 8.39996, 25.5018, 29.0854, 16.9646, 18.7029, 25.3635, 15.0078 ], 
          [ 22.8574, 27.5581, 28.0384, 6.28488, 28.7373, 26.4664, 3.52573, 6.65326, 23.3831, 25.587, 1.28166, 16.33, 10.3226, 4.76825, 21.579, 13.7751, 18.4568, 23.6136, 18.825, 17.803, 10.8163, 11.1386, 9.49223, 9.49399, 29.2532, 24.6775, 29.7181, 25.2391, 8.50382, 3.76391 ], 
          [ 22.9162, 19.2979, 8.08359, 5.53148, 29.8614, 28.7757, 5.73448, 18.0473, 28.852, 24.3332, 27.7853, 15.2141, 2.69817, 22.8975, 17.4557, 15.6132, 1.33722, 9.46532, 29.43, 29.2947, 10.2318, 15.7318, 19.9482, 9.64583, 16.541, 10.7068, 9.47113, 28.1118, 6.48695, 22.4461 ], 
          [ 27.5553, 3.77984, 2.61621, 22.7234, 27.9874, 11.0747, 23.1397, 1.84785, 21.3904, 21.3602, 27.6863, 15.9006, 19.9156, 19.8382, 26.1193, 19.3148, 17.9465, 3.8799, 22.8904, 28.4278, 6.42601, 11.3396, 13.4475, 6.42006, 28.2653, 7.12027, 20.3695, 1.81015, 28.1862, 18.2832 ], 
          [ 9.02922, 13.5676, 15.2186, 4.30183, 29.0055, 22.5925, 24.1445, 3.20161, 7.51353, 5.07375, 14.1947, 3.31725, 21.1021, 21.855, 3.01372, 7.90537, 19.2623, 11.8583, 7.54136, 10.8019, 8.22198, 29.7765, 23.1809, 11.5977, 16.5882, 2.35616, 28.866, 8.74074, 14.7898, 21.7993 ], 
          [ 15.2314, 14.3557, 25.9657, 26.2263, 25.2885, 29.4877, 22.6584, 14.6524, 6.44699, 1.41042, 3.50673, 12.9226, 9.42497, 25.6273, 21.463, 15.6751, 18.0617, 29.9552, 21.9329, 5.6259, 4.09945, 27.4795, 29.1378, 1.85511, 7.24703, 1.8586, 8.3528, 19.5058, 11.4645, 3.03975 ], 
          [ 9.30955, 7.71262, 17.5403, 11.5756, 22.8199, 15.8035, 19.4178, 15.2809, 27.8248, 17.1112, 3.3023, 19.8996, 2.75877, 12.7074, 5.96775, 13.8447, 21.2458, 14.0434, 10.7983, 8.44783, 23.226, 13.8827, 3.03285, 16.3892, 8.38203, 25.8637, 4.72406, 19.6121, 5.69356, 8.23419 ], 
          [ 24.2767, 27.7059, 5.84063, 18.9856, 21.0045, 19.7757, 6.69562, 22.5129, 11.9823, 27.3231, 27.4826, 26.7299, 7.8417, 3.71581, 1.34449, 12.6967, 19.7556, 28.0838, 18.2114, 15.0887, 14.5479, 26.2222, 2.7733, 14.5646, 15.9922, 8.58615, 12.2787, 21.2972, 15.0805, 3.00171 ], 
          [ 29.765, 28.8546, 9.06678, 13.9137, 17.6654, 20.2292, 24.2024, 28.6525, 22.9817, 12.214, 29.3405, 12.9311, 11.8871, 19.976, 2.83249, 9.79183, 1.22167, 7.43037, 8.77771, 24.6008, 6.7049, 3.28821, 24.9363, 7.11152, 20.5506, 5.97705, 24.9753, 11.014, 4.27077, 13.8895 ], 
          [ 20.5607, 29.0519, 25.8656, 12.7357, 16.0397, 10.6273, 14.9649, 14.7184, 25.7481, 3.49556, 24.337, 2.9911, 13.2013, 8.31956, 2.7506, 18.8989, 6.87829, 12.7044, 9.25115, 15.5204, 5.10095, 5.99665, 23.1288, 21.8514, 12.557, 14.7948, 2.55597, 10.1832, 21.3317, 2.07097 ], 
          [ 13.2167, 12.4706, 29.433, 5.08946, 13.207, 5.68228, 21.4438, 3.45373, 7.89735, 8.12261, 21.3367, 14.3722, 21.5777, 25.0011, 5.27504, 5.06995, 5.56387, 29.3872, 7.6653, 7.76681, 12.5551, 11.1312, 18.8149, 14.5422, 3.5625, 13.9821, 19.6707, 26.914, 29.0174, 21.4449 ], 
          [ 22.2872, 19.7704, 18.2378, 3.22052, 3.62356, 18.8085, 1.19221, 24.4361, 6.43501, 11.0852, 17.0643, 18.2655, 4.22407, 14.5451, 11.4279, 29.6723, 3.80429, 27.4946, 3.40421, 22.6226, 5.18617, 10.0759, 15.1401, 18.2494, 28.9, 28.4548, 1.47539, 9.50998, 25.244, 1.93518 ], 
          [ 4.74088, 27.607, 7.10594, 23.1562, 11.5951, 3.60483, 28.6124, 7.15836, 8.39413, 6.62846, 16.2512, 7.83132, 25.4216, 23.9232, 17.8457, 14.1201, 2.03019, 9.31289, 13.97, 28.7974, 15.6209, 22.7194, 18.588, 28.2549, 13.1041, 15.2305, 11.7559, 19.3461, 11.1757, 16.0466 ], 
          [ 17.7882, 27.3352, 23.7725, 18.6533, 22.9317, 28.8294, 26.0813, 17.7346, 1.22804, 8.00584, 8.49116, 16.0916, 14.1331, 16.6027, 1.8048, 17.1837, 28.0487, 23.7591, 28.9683, 8.14845, 15.8545, 17.5255, 9.98945, 7.91944, 6.56646, 3.38757, 1.79613, 26.7821, 19.0432, 2.48169 ], 
          [ 18.0432, 14.8324, 16.4215, 6.21503, 4.2887, 22.9003, 28.7683, 14.4375, 4.20105, 22.7681, 21.4174, 28.3124, 26.6474, 12.5867, 10.112, 23.5036, 1.22927, 17.4358, 16.4153, 27.1647, 24.1813, 6.68591, 12.9839, 14.8485, 19.607, 28.4902, 10.603, 22.9494, 21.3598, 9.52018 ], 
          [ 16.0523, 14.3752, 11.7537, 17.345, 17.6877, 28.1285, 13.2635, 23.3333, 29.9659, 2.6214, 11.9839, 14.6169, 14.2677, 26.1852, 6.29571, 1.34758, 28.1734, 11.2375, 28.9927, 14.2922, 25.2677, 8.6354, 29.8671, 27.4238, 5.37044, 8.90202, 24.0761, 7.99993, 20.9619, 27.3052 ], 
          [ 6.06462, 11.276, 23.0194, 2.18783, 4.28236, 19.6587, 20.4079, 24.9692, 7.74448, 20.2616, 23.7627, 27.6847, 14.1802, 27.1944, 7.21374, 29.2112, 22.8229, 9.92471, 18.5527, 5.39398, 8.53443, 26.6349, 27.7185, 3.54609, 4.45079, 7.86906, 29.656, 6.58227, 22.4191, 29.7853 ], 
          [ 11.1424, 23.2077, 25.6164, 20.8352, 20.4031, 3.39882, 17.9648, 16.1968, 28.0121, 21.5831, 14.572, 24.4925, 6.82817, 20.3915, 15.5686, 18.433, 23.3541, 26.2915, 3.3769, 8.08547, 7.90966, 3.65972, 18.1168, 29.2987, 17.8876, 12.307, 25.6504, 12.3112, 29.4846, 28.2005 ], 
          [ 5.45338, 10.7234, 20.2454, 19.7425, 29.6885, 14.2852, 23.7611, 27.1582, 13.6805, 13.6492, 17.8554, 26.6018, 16.6813, 25.9462, 7.71897, 9.63025, 16.1163, 4.94887, 9.63621, 12.3072, 27.9657, 18.124, 4.08436, 15.8627, 20.3139, 27.8685, 28.2345, 21.1223, 17.2303, 11.9142 ], 
          [ 24.6494, 17.9908, 5.58834, 1.44547, 19.2999, 23.925, 17.9223, 22.9844, 28.6628, 11.7235, 11.2241, 9.30072, 13.7702, 5.81182, 8.80343, 6.30037, 12.0501, 7.54988, 8.55231, 17.7575, 21.3908, 6.33435, 1.2283, 22.7374, 19.8027, 27.0556, 2.66008, 17.0091, 6.40584, 29.383 ], 
          [ 11.1582, 28.5575, 3.84165, 29.9996, 21.5886, 11.6298, 8.81023, 22.5881, 2.33766, 9.4405, 7.11042, 25.7931, 9.91812, 22.2679, 17.0931, 17.3513, 14.5148, 10.3724, 24.3863, 12.9294, 13.4625, 8.63499, 2.31277, 4.67798, 6.29253, 3.23658, 19.2661, 20.5237, 1.61399, 13.4049 ], 
          [ 13.7827, 15.8291, 12.7535, 7.22393, 15.5046, 10.7713, 24.5148, 24.1465, 23.4527, 14.7959, 29.5076, 16.0622, 24.1892, 19.5854, 13.3876, 14.6622, 28.9111, 6.96358, 12.8321, 11.6727, 7.64104, 9.21063, 13.2161, 20.1711, 17.3834, 24.6106, 19.6747, 29.7574, 24.8056, 22.2438 ], 
          [ 20.6617, 17.3024, 27.399, 24.3664, 23.9253, 15.9785, 22.0733, 10.7705, 14.4601, 2.8104, 22.1468, 18.2889, 19.4241, 27.6139, 9.37366, 13.4431, 10.0662, 19.9824, 27.6454, 9.91205, 11.4799, 5.29494, 5.40718, 15.1377, 15.116, 25.3957, 5.47547, 2.4198, 24.1556, 1.36761 ], 
          [ 12.5402, 4.4059, 4.90196, 28.5255, 22.3314, 4.79064, 15.2777, 8.15158, 14.6967, 28.7261, 26.7853, 6.26471, 8.13577, 27.9255, 6.38828, 10.5569, 27.5489, 24.5407, 14.1585, 29.3667, 18.7125, 5.95405, 23.3467, 23.5916, 10.5694, 27.6953, 20.9875, 10.0789, 6.56615, 15.8072 ], 
          [ 3.63979, 21.3727, 6.4004, 27.7441, 6.51748, 23.3929, 6.89618, 17.3164, 18.9922, 29.1358, 24.8746, 19.5206, 9.0047, 24.1753, 25.6981, 14.7642, 7.3188, 3.14167, 25.1038, 10.262, 17.639, 9.17893, 22.2191, 15.9582, 15.9309, 7.4408, 6.11409, 19.4238, 22.296, 13.8497 ], 
          [ 6.25527, 3.92026, 12.6894, 1.89628, 28.8742, 4.95695, 21.9997, 1.56654, 5.4166, 17.5344, 21.0236, 20.6449, 23.6787, 3.51649, 27.1725, 18.6245, 2.02604, 9.0911, 23.8475, 3.07564, 4.25686, 24.84, 15.6143, 7.85056, 18.1872, 14.3653, 14.805, 22.0613, 19.1154, 15.0936 ], 
          [ 7.95301, 20.7229, 29.4189, 13.6994, 9.55783, 28.6424, 12.3031, 22.1449, 25.5148, 9.93612, 12.8046, 27.4272, 3.10605, 6.67134, 6.98013, 24.0853, 16.869, 6.15101, 15.7607, 1.18402, 25.5838, 26.0945, 18.5429, 11.4871, 7.73072, 24.7806, 13.4762, 29.0202, 17.6406, 15.8233 ], 
          [ 28.1262, 21.1748, 24.876, 1.60083, 16.2797, 9.74809, 25.2969, 16.3141, 8.79825, 7.26889, 20.3051, 17.6952, 26.7064, 4.63603, 9.15889, 24.5089, 10.2625, 6.0495, 27.43, 17.2453, 14.1491, 22.3744, 25.0168, 12.6023, 19.7625, 24.9802, 15.4356, 24.4748, 14.56, 8.51912 ], 
          [ 14.7585, 1.08684, 22.4716, 12.2565, 10.5549, 22.7285, 22.4794, 28.0243, 7.13952, 18.6225, 11.3401, 5.88311, 10.1723, 9.86514, 18.3258, 9.19961, 21.2578, 11.1007, 23.3301, 3.39922, 18.5248, 25.7538, 28.9312, 7.00158, 18.9381, 20.3078, 26.4786, 22.1726, 7.44991, 25.9796 ], 
          [ 6.63866, 4.3081, 5.70182, 24.8134, 5.55992, 20.4859, 19.5024, 14.7013, 28.8666, 14.7203, 20.4309, 12.8609, 3.99657, 14.3261, 19.5413, 4.44026, 20.8034, 3.77785, 17.2362, 1.33307, 3.22181, 7.24773, 23.0857, 12.7723, 5.42582, 6.55937, 6.06009, 19.3327, 23.2143, 21.8305 ], 
          [ 28.6784, 10.6405, 24.8277, 24.2647, 23.7506, 27.0005, 8.41655, 15.298, 12.3745, 21.7241, 12.6812, 24.3648, 20.7381, 5.04431, 11.3211, 25.0931, 2.84599, 12.285, 1.97412, 28.8212, 6.0903, 29.046, 4.69069, 5.96749, 15.1979, 25.1924, 10.9384, 14.6045, 13.8428, 5.53426 ], 
          [ 10.5565, 21.2193, 29.6517, 25.5259, 14.1084, 10.8398, 1.74201, 5.65393, 12.1737, 18.4221, 12.2059, 27.1055, 18.1153, 3.98333, 24.7855, 10.127, 3.70729, 3.72018, 12.0251, 24.5281, 23.0581, 18.5408, 9.94876, 4.17085, 9.85981, 16.5347, 18.2187, 12.6612, 18.3542, 28.1799 ], 
          [ 13.7862, 26.2423, 3.00187, 27.1934, 24.3827, 28.6604, 21.6306, 16.7392, 7.04259, 25.6361, 9.18688, 6.02241, 14.0143, 4.56023, 12.2534, 5.46341, 28.0441, 16.8549, 10.2551, 14.8724, 10.649, 9.97127, 21.7787, 8.24513, 8.05238, 16.1114, 3.78305, 10.4574, 4.80487, 18.6197 ], 
          [ 29.199, 3.49025, 23.4022, 9.58122, 1.26686, 18.7943, 2.81336, 21.3435, 3.36358, 8.75477, 12.2886, 3.60336, 5.01521, 7.41079, 29.309, 12.8372, 7.27329, 10.8894, 11.6462, 18.4676, 14.2537, 24.9825, 10.0034, 25.0963, 19.3042, 25.6156, 28.1254, 2.37792, 6.01314, 23.1958 ], 
          [ 3.08537, 14.5614, 27.2485, 14.3127, 8.82758, 24.5354, 26.9091, 27.7609, 18.131, 4.37091, 27.6422, 1.37594, 16.4201, 29.3601, 15.535, 20.5574, 17.3163, 22.7731, 6.88037, 9.86475, 22.6082, 6.94593, 10.4446, 3.60943, 16.2114, 23.317, 15.6159, 7.23397, 12.2456, 20.3085 ], 
          [ 24.2139, 24.9438, 9.38245, 29.9863, 5.72948, 20.9137, 11.5593, 26.788, 2.90939, 8.72111, 26.3873, 21.3999, 13.1386, 29.1599, 6.75342, 4.76943, 15.5645, 4.59941, 8.33899, 29.513, 4.85203, 10.9194, 29.5908, 4.52139, 1.43495, 4.62492, 8.58978, 24.988, 7.26715, 25.988 ], 
          [ 11.3242, 12.0532, 21.5197, 21.4662, 1.60206, 15.5204, 25.61, 12.6114, 12.9966, 15.5467, 11.9446, 14.2086, 28.4216, 21.3232, 8.06985, 5.73689, 27.0309, 9.98464, 11.7059, 28.9174, 9.06665, 28.3773, 26.5028, 12.9844, 25.7483, 9.39406, 4.9867, 26.4421, 2.25894, 24.686 ], 
          [ 11.5452, 4.10921, 3.61869, 26.0575, 16.7286, 25.35, 19.9932, 2.539, 9.04805, 24.0451, 6.44319, 1.87017, 18.1789, 9.54286, 1.77099, 8.31588, 29.9162, 10.717, 26.1044, 11.8231, 26.0114, 5.80836, 17.3471, 27.5311, 3.17716, 13.5248, 14.179, 29.7479, 21.3765, 8.70746 ], 
          [ 8.69278, 23.0228, 13.4029, 6.28171, 8.65584, 19.9439, 25.5867, 18.5192, 17.1732, 10.587, 18.1256, 13.4401, 17.9843, 14.215, 2.73311, 25.5549, 1.67718, 18.0116, 16.1545, 15.2407, 3.77891, 3.27137, 23.5427, 9.29835, 5.57226, 12.7926, 17.1473, 17.6983, 2.36426, 2.32238 ]
        ], 
        [
          [ 1.18187, 4.45809, 24.736, 10.5918, 22.0536, 23.6135, 5.64847, 17.0809, 17.9742, 11.5439, 7.85749, 23.5892, 1.43971, 14.0213, 27.7597, 9.72806, 5.863, 3.51838, 3.69485, 1.04909, 25.8464, 3.5216, 9.21282, 25.3465, 21.6887, 29.6552, 8.22818, 14.3397, 15.2663, 18.7883 ], 
          [ 1.12054, 11.7738, 5.44027, 4.64813, 3.93745, 24.2379, 4.32428, 11.3757, 18.5053, 25.181, 28.9621, 21.7411, 21.5507, 19.8533, 19.1774, 8.92878, 8.46526, 10.5137, 24.8815, 28.0722, 2.91791, 29.6412, 23.9721, 29.0891, 15.3065, 27.183, 25.7002, 26.2758, 3.52819, 2.82693 ], 
          [ 20.3741, 10.9306, 5.9108, 22.6242, 16.3155, 4.95841, 27.5771, 8.70237, 4.7473, 29.9306, 6.69026, 22.9442, 20.8115, 27.3683, 4.39913, 20.0327, 13.7834, 29.6085, 27.8415, 1.27226, 23.7896, 15.4532, 5.82436, 1.24912, 11.1017, 26.5186, 8.81081, 2.9595, 20.7066, 23.7911 ], 
          [ 21.1612, 6.45035, 29.9304, 19.4619, 15.9033, 26.5172, 18.4356, 7.03454, 25.5275, 11.8336, 24.5761, 12.9954, 21.1837, 8.1149, 2.9727, 5.01198, 2.84532, 4.93019, 24.8413, 17.8524, 15.2111, 8.31934, 7.82235, 4.7987, 27.9387, 2.70627, 4.62812, 19.2831, 8.61296, 20.6686 ], 
          [ 16.5412, 21.4985, 12.2042, 4.14586, 1.07215, 1.21563, 9.08858, 8.99453, 5.22337, 10.8291, 4.41359, 20.8021, 16.7728, 12.1891, 26.3615, 16.7129, 12.6006, 26.4578, 2.56037, 8.03383, 25.3439, 22.876, 15.0798, 28.759, 13.2285, 7.71614, 29.0213, 14.1816, 16.4819, 25.1036 ], 
          [ 12.2295, 13.2676, 14.6967, 25.5365, 1.59142, 10.0784, 2.37838, 28.4321, 17.9692, 3.54077, 10.9891, 25.6807, 19.8319, 17.6671, 17.8981, 24.9462, 18.6582, 18.2019, 4.81234, 20.4832, 19.113, 25.6865, 28.194, 24.8398, 6.36023, 3.78808, 12.2266, 28.2407, 4.20402, 23.6376 ], 
          [ 12.2791, 21.0308, 4.58276, 21.461, 14.5986, 19.8436, 20.2251, 28.7015, 21.5957, 23.9426, 18.4855, 23.5067, 10.0792, 12.4284, 7.14187, 15.3113, 11.2117, 7.31456, 28.7311, 23.3737, 14.1605, 4.39064, 7.23531, 23.831, 18.6253, 21.1405, 27.9269, 24.2014, 28.5075, 10.2225 ], 
          [ 18.1105, 11.9264, 10.7139, 28.5369, 14.1403, 13.9747, 16.2496, 14.6519, 27.2794, 16.1017, 21.9696, 16.967, 16.5956, 29.2953, 20.2527, 1.51151, 28.8945, 18.5534, 26.4596, 28.3613, 1.19539, 20.34, 25.5833, 27.6617, 20.0347, 4.83224, 20.3569, 25.1725, 12.6114, 5.46811 ], 
          [ 4.91884, 14.3931, 26.1621, 25.0916, 28.2035, 11.5028, 3.53889, 5.48672, 8.9336, 5.47986, 15.3275, 20.4235, 17.2757, 19.4964, 27.3543, 3.93671, 24.2863, 13.5417, 27.3783, 12.4179, 13.2535, 17.2087, 11.1574, 13.3484, 2.44185, 17.4096, 27.6259, 2.70705, 16.8091, 9.08171 ], 
          [ 7.37636, 11.3473, 6.9536, 11.8928, 22.0305, 11.6613, 3.63357, 21.1131, 8.48736, 6.58894, 3.58072, 29.9992, 10.2406, 28.3797, 10.0143, 27.5475, 8.53103, 24.4851, 21.4314, 14.3674, 26.5488, 12.321, 2.10589, 3.52857, 29.6509, 25.4128, 9.73313, 15.4827, 22.1812, 12.7434 ], 
          [ 13.608, 4.50238, 3.88972, 6.36588, 2.28017, 25.4823, 8.50618, 18.664, 6.50849, 26.0458, 13.1473, 5.17038, 14.5515, 27.8505, 23.3811, 19.0785, 12.3821, 21.3035, 20.5799, 15.9011, 13.848, 19.3198, 20.0494, 21.9261, 3.73474, 13.2318, 24.5555, 26.3974, 10.8438, 21.512 ], 
          [ 17.8062, 8.79582, 12.9694, 3.0489, 8.03563, 1.99325, 27.7508, 3.09353, 5.19038, 12.9829, 24.0009, 25.6103, 17.5103, 7.98761, 17.8309, 8.65229, 22.4114, 28.9376, 1.52453, 24.4893, 20.3025, 12.302, 16.7955, 2.49805, 9.87769, 3.20765, 27.6443, 23.202, 28.9695, 23.3841 ], 
          [ 27.4257, 28.0916, 20.0961, 16.9615, 4.94981, 25.4487, 8.96401, 18.6378, 26.1793, 3.8709, 4.89825, 7.36144, 3.29123, 24.5304, 28.8692, 11.7033, 29.2529, 10.5464, 27.2098, 11.0065, 23.9794, 29.3215, 15.961, 29.5413, 29.1591, 22.5292, 10.917, 27.5407, 23.4259, 15.6527 ], 
          [ 9.24602, 1.29046, 2.18507, 19.1477, 25.8073, 8.97733, 12.8739, 25.7692, 21.0479, 25.817, 23.0819, 3.11822, 22.1195, 13.3304, 22.5679, 14.4908, 11.1679, 16.9179, 15.1111, 19.5181, 21.4835, 5.16226, 3.84631, 18.9132, 11.62, 13.5472, 2.38404, 22.2378, 10.3018, 4.28973 ], 
          [ 28.286, 12.1, 26.2754, 13.0167, 9.00327, 9.129, 3.36834, 16.2161, 25.105, 16.4479, 14.5493, 25.4312, 13.9464, 23.0634, 2.29218, 13.6404, 23.5447, 29.1204, 29.4829, 27.5888, 28.031, 16.5346, 11.8141, 27.3835, 15.7429, 2.86498, 17.7216, 27.4014, 16.3381, 11.7712 ], 
          [ 26.8844, 7.95965, 21.5625, 2.56643, 16.2419, 19.004, 14.2929, 19.3744, 20.0022, 21.2415, 24.144, 17.987, 26.255, 3.81076, 18.3436, 29.9834, 21.3521, 6.8319, 4.256, 3.33248, 14.1232, 8.56769, 13.9465, 11.4474, 10.3719, 10.6906, 5.59155, 6.44454, 11.6767, 25.5223 ], 
          [ 16.1631, 25.4564, 6.42079, 29.114, 27.4152, 16.7723, 28.1737, 6.53693, 15.2996, 17.0085, 27.1938, 12.0929, 6.7207, 1.58393, 21.4729, 19.0691, 1.56435, 17.882, 19.3376, 7.21132, 27.7561, 23.3181, 20.1035, 5.46716, 14.8714, 4.9749, 19.5967, 5.38788, 14.9552, 26.445 ], 
          [ 18.5737, 17.2339, 22.2612, 19.0665, 11.9783, 12.6114, 22.0464, 1.20761, 6.25848, 3.58797, 1.3585, 4.34523, 23.9314, 24.4741, 9.19002, 9.93374, 28.356, 22.9967, 17.9813, 16.1223, 19.3309, 21.6962, 16.6432, 14.1568, 4.26074, 9.52925, 25.2605, 21.3873, 25.2395, 24.539 ], 
          [ 21.5234, 27.0352, 15.3746, 22.7709, 19.8147, 13.3948, 8.37018, 18.2227, 7.90078, 9.43063, 26.5179, 15.5867, 24.64, 4.03967, 18.9655, 25.2646, 25.1623, 12.6825, 26.9095, 2.64655, 15.5845, 2.59717, 7.49131, 18.1407, 23.464, 28.7313, 22.6871, 14.8485, 1.20902, 9.28674 ], 
          [ 12.6882, 20.171, 28.1685, 11.8498, 7.20102, 29.2895, 20.3463, 11.9952, 6.59175, 21.6707, 13.4804, 4.10564, 8.67155, 16.759, 21.0316, 20.4577, 13.9091, 24.0954, 15.7908, 27.9709, 11.552, 8.7164, 4.32711, 21.6297, 3.22457, 4.27981, 19.5153, 8.32208, 19.4932, 6.53719 ], 
          [ 10.4946, 16.3015, 7.60484, 6.72823, 27.9671, 7.03782, 9.00881, 13.6844, 7.2114, 18.5186, 17.5882, 7.38482, 24.9411, 10.4445, 20.1332, 26.6801, 16.5478, 9.4783, 29.0163, 9.98848, 19.2881, 29.5812, 3.47261, 1.2614, 5.50032, 1.48353, 20.0991, 8.1562, 22.0436, 13.6898 ], 
          [ 12.5904, 26.9626, 20.9998, 19.363, 6.35526, 6.1048, 29.9107, 25.4414, 2.92587, 14.3363, 24.328, 29.3535, 18.686, 12.7684, 12.1811, 5.86908, 8.02252, 11.8667, 5.99836, 14.327, 12.4862, 2.96947, 11.8449, 1.80156, 16.2768, 1.59058, 2.52388, 20.4703, 9.78029, 19.1809 ], 
          [ 16.9081, 13.117, 15.8109, 8.89594, 19.7987, 24.6658, 27.5475, 10.28, 8.9422, 26.5352, 20.0287, 3.42696, 4.24376, 5.99562, 18.106, 26.0601, 13.3749, 24.1078, 12.0682, 25.2968, 2.48801, 11.6653, 19.8312, 25.8536, 15.7991, 14.1593, 11.2923, 5.0846, 12.62, 22.4567 ], 
          [ 7.59138, 27.2732, 8.18745, 4.56479, 1.87357, 18.4845, 13.6115, 29.4682, 8.93818, 6.89126, 16.7402, 3.19159, 16.8242, 5.11262, 9.18514, 20.2517, 29.4348, 24.4804, 22.8784, 26.2967, 6.12684, 10.7838, 21.9298, 29.7013, 21.2203, 4.98498, 6.55132, 28.7583, 22.4882, 16.1871 ], 
          [ 21.6973, 28.9469, 16.4744, 12.1845, 20.8434, 23.9164, 11.7725, 8.7849, 5.13686, 8.92061, 15.3471, 10.7763, 5.07999, 27.9892, 4.86663, 14.7914, 24.679, 9.03156, 7.89326, 9.95104, 21.0067, 13.3919, 20.9847, 16.2172, 25.2391, 3.78207, 7.11196, 28.4269, 26.7892, 20.6089 ], 
          [ 12.4052, 7.82814, 1.00666, 1.17926, 10.3118, 7.40615, 1.17085, 26.0146, 24.6244, 8.60434, 8.63858, 18.1971, 19.3768, 4.68843, 17.9348, 22.3444, 23.4099, 15.1208, 1.02037, 26.7997, 26.9997, 6.51545, 21.6968, 18.7837, 27.1932, 4.54038, 26.6802, 25.4761, 28.9016, 1.9071 ], 
          [ 10.0762, 16.0231, 25.9918, 23.5383, 18.8201, 25.8077, 7.94984, 22.5665, 3.94407, 3.27858, 5.28805, 13.7868, 22.215, 9.43714, 12.1308, 27.2196, 9.59888, 3.12005, 13.8858, 23.4934, 5.0896, 1.28801, 10.2542, 5.24306, 1.64461, 11.1459, 2.29226, 1.86828, 16.2443, 15.5813 ], 
          [ 1.76557, 4.11704, 1.81489, 23.4935, 26.1674, 12.0172, 18.0378, 21.5584, 25.3021, 14.7958, 6.52015, 20.8694, 25.7488, 28.0084, 27.298, 25.2818, 18.545, 18.9574, 23.8015, 6.58114, 17.6039, 19.7405, 10.8335, 15.7583, 25.5094, 23.3688, 25.8845, 26.0636, 10.6353, 8.35155 ], 
          [ 26.821, 11.6343, 24.962, 29.8699, 13.0666, 5.71754, 13.0368, 20.6457, 26.1441, 16.6059, 5.71529, 17.9392, 20.6786, 25.614, 15.1981, 6.43068, 19.6082, 7.22733, 18.0626, 21.1664, 17.0563, 26.0682, 28.7166, 23.7744, 8.67509, 4.26383, 10.2111, 25.0533, 24.7008, 12.0282 ], 
          [ 1.9233, 24.1903, 17.3202, 6.26766, 10.7189, 27.5155, 18.2377, 27.808, 22.2782, 6.14706, 18.1218, 15.6534, 1.73986, 19.9028, 18.5766, 27.8798, 16.451, 28.217, 19.4235, 10.3466, 8.21018, 13.9213, 1.00399, 26.4896, 26.2905, 19.665, 1.65987, 25.6231, 26.3258, 9.74501 ], 
          [ 28.485, 29.2284, 7.27563, 27.6038, 19.9406, 1.49468, 22.9606, 3.35854, 8.81986, 8.23246, 3.76637, 6.31075, 23.2497, 2.4071, 20.1671, 25.8623, 15.4873, 16.5023, 14.1526, 16.3899, 13.6604, 6.7277, 12.906, 11.047, 15.8178, 25.1575, 3.60997, 19.5112, 8.43235, 25.8086 ], 
          [ 11.4621, 10.7497, 7.90456, 7.05132, 15.5434, 23.5755, 17.4869, 6.97365, 2.98167, 29.4495, 12.1307, 26.4194, 25.0204, 27.7056, 1.97408, 2.62333, 6.43992, 28.1444, 11.3923, 8.06476, 29.7935, 17.4525, 4.71851, 14.7646, 23.7676, 23.2216, 4.35603, 23.0678, 22.2294, 12.293 ], 
          [ 23.2276, 17.3212, 18.1086, 23.1084, 4.442, 21.9686, 4.26342, 23.8363, 29.1297, 16.7181, 25.2268, 5.87182, 22.3541, 24.0397, 14.7613, 24.2414, 24.4677, 3.79837, 9.3932, 24.8047, 26.3145, 28.9264, 9.52799, 24.2363, 29.9257, 14.655, 1.72266, 13.3028, 8.63832, 22.4025 ], 
          [ 24.8668, 24.3525, 23.1699, 28.5631, 13.3148, 6.2299, 18.9062, 19.5677, 21.7989, 5.71688, 7.89911, 16.1106, 23.0468, 2.68044, 22.2544, 9.22324, 25.3236, 3.26868, 3.98508, 23.0179, 16.7728, 10.8583, 28.8512, 19.706, 12.5045, 24.2409, 13.8662, 3.89295, 13.1838, 3.98541 ], 
          [ 7.32248, 28.2265, 13.6312, 12.7906, 9.77146, 5.80269, 9.13483, 23.9399, 27.7273, 18.8647, 16.7901, 27.712, 28.5106, 23.3106, 11.5633, 17.8701, 16.8221, 26.5217, 11.463, 13.8347, 10.8885, 23.9873, 7.07856, 2.65351, 24.2514, 8.94927, 7.80326, 9.12397, 9.37442, 22.9234 ], 
          [ 29.0753, 2.60211, 8.82316, 15.5385, 17.2897, 29.3869, 6.35332, 16.6527, 8.27921, 29.7821, 1.44696, 27.069, 10.7685, 14.8858, 27.5342, 25.5173, 9.17244, 12.5393, 15.7637, 2.4917, 27.0698, 7.37814, 23.1344, 11.9132, 1.04631, 10.1396, 19.857, 9.54263, 13.318, 17.951 ], 
          [ 25.5336, 16.7251, 28.5922, 15.0325, 8.72012, 14.4756, 28.5528, 6.26651, 5.73771, 19.2517, 2.60544, 29.049, 27.4299, 7.47064, 8.9935, 28.5556, 3.25323, 14.5997, 24.0945, 10.7817, 15.0583, 24.2613, 13.538, 26.1136, 21.9367, 18.202, 13.8205, 18.6166, 29.877, 23.1379 ], 
          [ 5.49137, 21.6519, 12.5063, 19.2175, 28.4868, 17.8758, 1.70236, 14.8848, 20.6717, 12.1338, 23.4727, 4.40883, 20.461, 10.4762, 22.5333, 9.85427, 21.3066, 10.6544, 7.68484, 14.306, 16.1777, 10.4377, 14.8611, 19.5096, 20.8756, 24.8708, 17.6925, 12.6216, 11.9784, 21.3991 ], 
          [ 7.1408, 27.0137, 28.8368, 2.65956, 18.5618, 11.4326, 14.0301, 24.4028, 21.2461, 24.7789, 29.5388, 21.2342, 26.5016, 18.3093, 20.1582, 5.97967, 20.0487, 6.3724, 11.2996, 3.84101, 25.809, 18.7596, 15.6086, 9.88821, 4.27705, 29.8856, 13.6564, 25.1082, 2.38855, 23.8868 ], 
          [ 3.97739, 29.1335, 13.7084, 27.9328, 2.92674, 8.56199, 19.1737, 22.7311, 22.0785, 15.2994, 8.13183, 7.13677, 27.486, 9.10639, 23.4337, 4.07251, 3.35391, 23.2973, 17.3426, 28.3314, 5.14956, 8.85772, 27.875, 14.2103, 20.2957, 14.845, 29.1232, 15.3171, 19.0448, 28.7279 ], 
          [ 18.214, 21.7773, 17.2403, 10.3942, 6.80497, 18.0596, 1.50151, 28.3081, 4.61286, 9.40156, 1.36742, 10.8945, 18.6814, 5.36607, 27.8111, 24.6228, 28.8881, 20.089, 14.1575, 28.8235, 13.6841, 13.2219, 21.4582, 5.60384, 9.59087, 11.3809, 14.6801, 1.75632, 21.0838, 13.3219 ], 
          [ 20.0903, 10.0908, 24.2939, 19.5465, 28.8186, 12.8403, 27.6423, 10.8685, 26.3316, 16.2029, 20.4067, 27.8041, 3.56512, 9.92731, 22.6514, 7.10954, 25.445, 25.0387, 4.25507, 5.27762, 9.51155, 29.1423, 20.4853, 3.10685, 21.1602, 2.51155, 12.1341, 25.2836, 3.76608, 9.5137 ], 
          [ 27.6272, 19.5539, 22.9623, 1.01752, 26.7249, 22.5039, 17.4411, 4.96381, 21.5922, 13.9539, 26.9826, 9.21119, 3.34852, 2.81681, 13.6616, 6.91638, 15.0603, 2.24425, 2.37685, 21.4848, 8.55423, 14.0732, 18.1881, 28.445, 21.6422, 9.94077, 28.6371, 7.5637, 27.273, 11.9646 ], 
          [ 11.2693, 8.70657, 7.60896, 22.2238, 23.3443, 5.66341, 15.3759, 7.12069, 12.6399, 20.9297, 20.2692, 13.0523, 27.5473, 24.8098, 13.6109, 16.2722, 23.4296, 10.4567, 1.45689, 1.48295, 17.9487, 12.281, 17.0298, 14.9934, 18.4295, 26.648, 20.6972, 26.842, 15.9864, 2.00216 ], 
          [ 11.4932, 26.3348, 11.6632, 1.7182, 26.045, 16.1701, 24.7551, 13.5528, 16.3567, 12.9085, 23.5377, 22.1172, 1.66529, 22.737, 23.6361, 17.7527, 1.74081, 26.4432, 18.361, 16.6669, 23.5077, 27.9826, 1.81902, 9.29869, 22.1925, 29.304, 12.4932, 14.523, 10.8831, 14.0489 ], 
          [ 29.1615, 12.9188, 26.111, 16.4727, 27.8336, 10.7369, 28.6442, 26.5296, 10.9138, 1.11088, 15.6182, 27.3501, 16.1066, 2.35879, 10.752, 6.952, 27.4357, 26.7376, 29.4706, 3.35375, 21.1726, 18.0525, 24.4871, 18.7241, 19.3871, 11.9381, 21.3747, 23.295, 27.0275, 22.635 ], 
          [ 24.3203, 9.10438, 4.166, 16.8113, 26.7756, 6.65197, 6.0727, 15.9196, 10.5419, 14.5252, 10.5364, 12.449, 8.85758, 15.5258, 18.1291, 6.71989, 19.7083, 7.29463, 7.07389, 26.1816, 3.60869, 24.6347, 28.8945, 21.098, 10.8689, 4.91575, 29.9322, 4.33011, 1.75797, 22.4213 ], 
          [ 23.8252, 10.5907, 25.7794, 8.14777, 10.1426, 10.6634, 17.206, 7.66462, 18.6485, 12.0331, 15.7176, 28.2406, 6.02374, 17.5523, 18.3286, 17.3834, 21.5071, 13.9897, 11.0213, 12.9941, 7.92921, 4.05112, 9.8156, 22.7313, 20.7107, 14.8878, 2.53896, 3.94889, 14.3877, 19.6001 ], 
          [ 20.8512, 27.2534, 6.39336, 17.6167, 22.7511, 22.5302, 23.7259, 20.9001, 13.7034, 1.35109, 21.171, 17.7174, 15.0963, 1.74102, 6.1385, 1.14777, 9.44592, 26.5577, 8.25911, 17.8068, 3.40775, 15.3781, 5.77701, 8.14004, 27.8788, 13.1455, 12.1941, 17.5296, 14.9384, 21.9064 ], 
          [ 27.548, 28.9696, 25.3374, 1.28434, 15.8422, 22.5027, 2.50379, 12.2742, 20.3131, 27.867, 7.25807, 13.4541, 16.4157, 1.26019, 19.8951, 5.23186, 20.4668, 4.68848, 20.8015, 20.3528, 25.877, 15.9313, 9.54755, 12.5942, 27.3438, 22.8474, 13.9004, 13.9758, 15.4966, 13.3125 ], 
          [ 12.1709, 9.36656, 4.33433, 22.0498, 23.948, 25.043, 14.1209, 7.06553, 28.7017, 8.306, 12.6491, 15.3414, 8.41968, 6.32955, 17.7031, 4.99235, 6.08795, 2.84821, 13.7373, 15.0251, 8.29175, 9.08583, 25.6687, 8.86159, 3.90722, 3.25227, 8.3768, 24.283, 14.9434, 20.2392 ], 
          [ 6.27466, 26.3645, 21.4723, 10.8471, 1.43553, 8.71029, 10.8186, 1.89732, 24.0254, 8.65884, 19.3719, 20.1255, 23.3485, 20.1395, 1.4169, 4.1113, 5.56614, 18.3116, 2.81872, 21.1843, 6.93966, 10.9514, 12.7186, 7.1111, 15.6924, 13.9273, 9.43425, 2.36122, 25.2784, 6.57886 ], 
          [ 19.9871, 28.2541, 14.9876, 28.4138, 10.3125, 12.866, 19.3051, 26.0245, 10.6236, 16.6023, 26.9745, 19.1365, 25.2636, 2.34654, 20.1173, 1.50791, 2.01991, 13.6276, 3.08405, 13.5127, 27.4832, 19.2961, 5.08411, 14.6662, 8.51402, 5.24492, 25.6104, 29.3415, 14.7344, 4.96829 ], 
          [ 8.76928, 14.1258, 18.9503, 19.2884, 6.35276, 19.6722, 2.51897, 12.5571, 3.46083, 5.87981, 14.2094, 20.2705, 28.151, 4.82956, 8.44841, 2.17129, 16.9799, 5.99891, 29.7255, 3.12738, 27.5776, 4.7004, 4.0726, 25.1067, 23.3273, 29.9605, 24.3037, 26.1463, 3.15264, 28.2646 ], 
          [ 8.93221, 10.509, 2.61445, 27.1417, 19.9373, 25.3966, 12.7824, 9.22633, 24.9976, 3.73652, 4.01101, 14.6573, 11.9064, 27.4557, 21.6673, 27.6667, 17.2182, 23.3188, 12.5728, 15.7757, 17.8309, 3.77992, 8.59171, 24.6294, 20.9609, 16.4059, 26.1687, 11.6553, 12.5827, 10.695 ], 
          [ 2.58585, 12.8857, 6.81955, 24.1641, 8.23858, 17.1942, 20.2797, 26.126, 2.13929, 12.1086, 1.63171, 10.7777, 4.52501, 4.25262, 3.82792, 8.21922, 11.0915, 29.109, 21.7715, 25.003, 7.83466, 16.1385, 15.7328, 18.5157, 5.37935, 21.6344, 6.47853, 9.73861, 28.1517, 6.40403 ], 
          [ 3.82423, 23.8857, 21.6008, 4.84451, 3.39244, 10.5312, 10.53, 10.8403, 16.9291, 10.5086, 1.75148, 14.0769, 5.76733, 27.1222, 5.3407, 25.3869, 16.9452, 15.6953, 26.2115, 18.2685, 25.7333, 5.51174, 23.3647, 26.2669, 15.7844, 17.8021, 14.9532, 15.2346, 27.6997, 8.18631 ], 
          [ 3.10068, 1.61528, 25.7215, 14.3929, 9.83764, 15.7031, 22.7249, 27.0786, 27.0502, 17.3728, 12.8194, 10.5717, 9.40795, 20.8998, 22.087, 21.2686, 27.6473, 6.64136, 10.5977, 2.5388, 13.5501, 21.2442, 12.7812, 23.3789, 22.8569, 16.0649, 25.8332, 27.4405, 9.35106, 21.2383 ], 
          [ 24.9652, 25.7222, 3.84864, 5.01008, 13.5338, 17.6276, 5.26675, 22.8829, 25.6072, 2.96708, 6.33305, 12.1068, 3.06643, 23.1078, 27.9206, 21.6293, 11.2354, 24.8181, 8.60164, 26.5719, 25.3019, 11.7095, 9.05887, 1.25104, 24.9382, 7.68454, 25.8992, 26.9666, 22.5686, 1.63334 ], 
          [ 2.39504, 24.6928, 28.5687, 10.3164, 6.55509, 13.4184, 10.2043, 12.328, 29.9864, 23.7139, 8.79669, 5.3409, 12.8374, 6.19757, 17.5607, 17.7635, 13.7172, 14.8565, 8.69554, 29.1002, 10.8671, 21.1815, 23.2664, 8.10046, 27.6454, 20.0758, 10.6522, 18.8149, 4.97266, 1.39471 ], 
          [ 28.6166, 27.5255, 4.00472, 12.7557, 28.3088, 13.9218, 2.97923, 25.8934, 8.05332, 20.3794, 2.56342, 24.932, 18.4713, 2.20576, 23.0388, 11.0919, 11.2165, 26.305, 29.3727, 6.91128, 14.8287, 6.47902, 15.8659, 6.50675, 25.9338, 28.5542, 21.565, 16.7953, 10.5734, 28.0749 ], 
          [ 24.6627, 11.0031, 6.44054, 5.34074, 1.03244, 5.92704, 8.46862, 6.31973, 14.5097, 10.8512, 22.6507, 17.2256, 2.48703, 14.3769, 22.2417, 29.4831, 17.6501, 26.524, 20.9364, 4.95792, 4.11037, 25.2489, 11.0677, 25.1718, 21.2261, 2.15459, 6.96304, 23.1379, 10.6513, 28.9281 ], 
          [ 24.5609, 9.38233, 7.51325, 28.8311, 12.7546, 1.03888, 23.4836, 10.3663, 21.2683, 1.67424, 29.9612, 7.68697, 3.47889, 29.0188, 9.47156, 9.53809, 9.92088, 24.4046, 21.3926, 29.5145, 2.31046, 10.463, 10.3727, 6.41395, 9.75282, 8.95898, 10.348, 20.4406, 24.0226, 17.5623 ], 
          [ 6.49328, 27.6127, 1.43055, 18.4094, 6.58913, 19.7945, 11.575, 24.8369, 8.93077, 28.6755, 14.8548, 4.57211, 12.8848, 23.5795, 5.91913, 6.87688, 25.1159, 3.62454, 13.9351, 25.5903, 8.37631, 15.0668, 27.3684, 19.6712, 27.1149, 22.074, 16.8653, 3.54015, 17.718, 3.62116 ], 
          [ 18.8448, 28.2042, 17.1748, 21.0459, 8.33357, 25.0066, 17.6166, 6.48114, 27.9618, 16.8819, 20.0394, 20.6993, 20.6359, 9.5057, 9.37727, 5.35126, 11.3385, 29.312, 14.8352, 8.11141, 2.51192, 28.1493, 19.3655, 27.4168, 13.4996, 25.4239, 19.2368, 17.2256, 24.6443, 18.4749 ], 
          [ 2.06521, 6.51201, 1.03368, 9.85415, 16.2537, 2.15076, 8.35532, 14.0511, 5.64973, 7.89594, 22.6959, 17.9015, 25.2173, 2.58428, 27.7328, 13.9621, 1.86425, 3.33781, 7.5948, 2.59482, 28.5047, 10.908, 8.83818, 8.3299, 21.7108, 18.4342, 28.3499, 2.02035, 27.7071, 6.22614 ], 
          [ 10.4613, 9.53415, 4.1538, 4.02919, 29.0723, 6.14682, 26.4792, 29.0947, 1.17091, 20.1535, 21.5711, 13.6702, 21.1435, 20.3245, 2.76918, 23.7555, 28.071, 18.834, 8.42264, 21.1021, 26.9542, 12.6711, 23.7485, 29.2813, 2.7838, 10.6909, 23.9562, 22.7868, 8.16262, 10.172 ], 
          [ 16.802, 14.7079, 27.0165, 13.5034, 8.37045, 27.2246, 23.2355, 22.6177, 27.3869, 17.2677, 21.0451, 25.7368, 20.3737, 13.2735, 12.6773, 6.95169, 1.92622, 24.5718, 25.3638, 15.7501, 25.2709, 17.1116, 11.8943, 3.95382, 18.9699, 10.8105, 7.07466, 13.8122, 6.65395, 15.6456 ], 
          [ 5.73537, 2.17454, 6.77053, 4.36611, 29.5943, 4.34716, 7.35181, 2.20709, 19.628, 14.7718, 9.25141, 4.3408, 25.6325, 26.9989, 24.0856, 28.8691, 26.5706, 28.572, 2.70064, 5.9392, 16.7058, 2.01505, 8.38964, 3.66407, 6.11657, 20.4852, 14.1578, 9.00599, 23.7027, 21.4303 ], 
          [ 13.0185, 9.72946, 14.4041, 24.5965, 13.4836, 22.6204, 23.5934, 7.22879, 1.94175, 14.0923, 2.40361, 26.0555, 5.87108, 10.1776, 18.8673, 19.9617, 22.3989, 18.8133, 27.8019, 10.8406, 26.9381, 11.582, 21.4196, 6.22205, 23.27, 16.5924, 23.419, 22.0411, 25.9771, 2.46837 ]
        ]
      ];
r = [
        [75002.2,71939.8,54099.1,73595.8,71769.3,56797.9,79834.6,58521.6,71594.5,54679.5,71278.9,51488.7,50440.4,70828.6,60788.6,81558.9,51136.8,62658.4,69929.8,64316.9,65303.6,66494,56181.3,72376.1,72097.8,55817.3,60239.4,61272.8,73190.7,77612.3 ], 
        [55619.4,52945.2,68963.4,55292.1,64767.5,71719.6,51825,77993.4,61977.3,67946.5,75483,79572,67046.9,57033.7,78574.1,55713.8,60528.8,66539.7,63567.6,81146.1,67144.2,57446.3,50269.3,52722.1,65893.2,75741.8,52416.1,81213.3,75552.8,54362 ]
     ];
d = [
        [89761.6,7544.29,33497.9,19693.2,20672.7,13126.5,33746.3,83141.6,33030.2,17496,37281.4,48441.6,88003.4,19549.2,17759.2,37936.1,85389.8,65584.7,86002.6,31819.9,26338.8,84804.9,39427.7,32743.4,24738.4,77180.2,21654.2,79047.1,56311.9,54599.1,41273.2,20930.4,85953.1,50268.1,55535.2,56144.4,16171.3,68420.4,14161.6,81591.9,54220,25195.7,79166.2,16117.9,8659.34,33906.2,28615.8,43632.3,3729.83,75699.3,43408.7,89663.8,23102,30451.4,78600.3,65083.1,8273.8,21487.5,6278.82,21137.1,8756.43,7484.63,65001,31716.8,43036.7,34492.6,85036.4,5925.94,72803.9,68376.8 ], 
        [78305.9,12760.8,59573,78808.9,19954.4,7121.67,8787.2,58631.3,71096.7,16822.1,35725.9,83335.5,27234.3,57266.5,84501.5,85049.2,2213.49,1107.59,21013,44364.2,21293.3,78824.5,23031.5,57494.6,16550.3,55950.4,34525.9,13055.5,84673.3,13505.4,63604.7,74586,38388.6,68978,30904.4,72019.3,55177.5,19080.4,48730.2,35135,82080,40792,18478,54498.4,69682.6,75814,85582.5,86369.8,41485.1,19160,26056.6,3615.86,8155.16,18142.4,15986.8,69783,70542.5,52343.8,83954.6,12948.6,10820.4,87360.7,59068,63347.9,50617.2,38195.3,36043,18124.9,27621.9,21211.2 ]
     ];
