/***************************************
* STOCHASTIC OPTIMITZATION
* OPL S2FVPP Data Generator
* by Jordi Mateo Fornes
* Model = S2FVPP; Stochastic (2S) MIP 0-1;
* Representation = Compact Representation;
****************************************/
I = 50;
P = 30;
C = 70;
G = 2;
p = [ 0.02, 0.02 ];
pc = 0.04;
ORCHARDS = { 1, 2, 3, 4, 5, 6, 7, 8, 9, 10, 11, 12, 13, 14, 15, 16, 17, 18, 19, 20, 21, 22, 23, 24, 25, 26, 27, 28, 29, 30 };
CUSTOMERS = { c1, c2, c3, c4, c5, c6, c7, c8, c9, c10, c11, c12, c13, c14, c15, c16, c17, c18, c19, c20, c21, c22, c23, c24, c25, c26, c27, c28, c29, c30, c31, c32, c33, c34, c35, c36, c37, c38, c39, c40, c41, c42, c43, c44, c45, c46, c47, c48, c49, c50, c51, c52, c53, c54, c55, c56, c57, c58, c59, c60, c61, c62, c63, c64, c65, c66, c67, c68, c69, c70 };
CGV = [ 15.075, 14.9031, 26.9731, 25.9945, 4.71777, 23.0418, 25.8037, 22.8487, 8.7723, 8.88741, 16.2434, 25.0695, 4.24681, 1.94114, 24.7818, 26.1864, 8.2733, 6.31399, 14.411, 16.6397, 6.97935, 11.36, 2.25969, 2.90389, 12.3891, 17.1504, 1.95159, 9.44976, 26.7828, 23.7265 ]; 
s = [ 0.175501, 0.126414, 2.3974, 0.976897, 0.389485, 0.254069, 0.785552, 1.7604, 2.9087, 1.72036, 2.5746, 0.21623, 2.37649, 2.55237, 1.68782, 0.161135, 0.617743, 1.34921, 2.79438, 1.77381, 1.9295, 0.415973, 2.55923, 1.6271, 2.98831, 1.48429, 2.59465, 2.61128, 1.89025, 29.9982 ]; 
CSV = [
        [
          [ 28.2437, 19.3087, 29.3266, 21.6047, 21.3105, 20.4982, 12.9277, 10.4838, 26.0335, 16.2403, 6.11118, 9.48819, 22.1358, 24.5063, 2.81273, 23.5474, 2.9736, 10.6107, 28.136, 16.4116, 9.60385, 3.65544, 26.7451, 20.0618, 7.79666, 11.4131, 5.80187, 20.3557, 16.2407, 28.3441 ], 
          [ 11.3651, 26.7995, 8.53347, 18.6131, 13.2561, 7.93321, 9.24311, 14.2778, 28.5588, 24.876, 19.8328, 8.26416, 21.3395, 7.76571, 14.7641, 5.25859, 1.51041, 24.6282, 17.9455, 5.59826, 22.441, 8.46755, 12.5093, 20.1569, 15.2199, 14.7333, 24.4559, 10.3763, 3.75962, 28.9192 ], 
          [ 4.35536, 15.7583, 3.66417, 21.0312, 9.2395, 10.563, 28.8435, 12.8412, 13.4532, 19.9991, 11.293, 25.6913, 13.5588, 2.17698, 6.59277, 16.439, 5.96435, 8.35377, 17.0109, 22.0529, 6.21101, 26.3686, 13.2448, 24.1118, 29.5749, 5.69763, 3.7251, 19.4947, 22.0108, 18.0236 ], 
          [ 1.8741, 2.05625, 24.5993, 12.5459, 14.1649, 5.41634, 10.9763, 3.12442, 26.8642, 29.2188, 21.9434, 27.9355, 15.2489, 4.88374, 18.9384, 9.92927, 16.1749, 15.3959, 24.1914, 20.2965, 12.3065, 21.3166, 21.3946, 8.95892, 11.1499, 3.19154, 22.0503, 8.22016, 18.2216, 12.2715 ], 
          [ 5.7494, 21.6438, 15.1898, 10.3751, 12.4048, 13.0131, 26.4778, 3.54174, 15.806, 4.89798, 13.754, 3.86264, 8.86348, 8.42178, 15.3519, 28.9095, 23.5643, 18.058, 27.4404, 26.2377, 19.2474, 1.85189, 8.71326, 21.3784, 5.57826, 26.7257, 22.158, 2.92835, 5.4807, 7.5329 ], 
          [ 2.99299, 29.1143, 14.7542, 22.6258, 13.3503, 19.3427, 28.4916, 12.3205, 29.2168, 23.6337, 25.3383, 18.6444, 23.0084, 16.9824, 29.5651, 3.17457, 14.2585, 7.92799, 27.209, 19.3545, 6.47307, 29.8942, 11.0685, 26.4071, 23.7791, 27.8387, 28.5093, 3.45559, 17.4865, 21.5759 ], 
          [ 15.2805, 13.7454, 13.9691, 6.35364, 8.84863, 17.9011, 13.7623, 20.5616, 16.2119, 29.0115, 10.5591, 9.96892, 3.02871, 6.6232, 8.98177, 25.0151, 15.0149, 24.9013, 8.46096, 25.3252, 3.29708, 9.82798, 19.5929, 3.20234, 29.2441, 2.36265, 17.8553, 23.0502, 17.5332, 13.9107 ], 
          [ 16.706, 9.81855, 17.8766, 13.808, 10.5996, 14.5257, 23.285, 18.0807, 8.79939, 26.4806, 29.7698, 16.9708, 29.9736, 21.7673, 9.41756, 21.9086, 3.90554, 1.45662, 21.5717, 6.74911, 9.50785, 27.943, 12.2492, 8.23065, 15.754, 11.8298, 21.8663, 26.1512, 2.08596, 15.7945 ], 
          [ 3.05854, 10.6465, 9.14118, 10.3809, 28.5875, 8.89652, 24.2016, 26.8675, 26.4056, 10.2758, 2.39203, 29.805, 22.4116, 8.14846, 1.53325, 12.1894, 15.9322, 20.6291, 14.3466, 15.599, 2.7216, 27.6961, 10.0895, 15.9634, 28.6686, 28.2537, 13.5966, 14.1758, 22.97, 9.02634 ], 
          [ 16.8039, 2.15431, 3.83677, 7.32153, 1.09629, 14.9358, 28.4559, 7.78276, 1.65785, 4.91931, 11.9541, 17.048, 29.5798, 9.10137, 12.7654, 12.1434, 4.27457, 27.5342, 27.2255, 19.6883, 1.89988, 4.37013, 8.15947, 25.7872, 2.64006, 22.0903, 4.63473, 17.0592, 23.4306, 23.4116 ], 
          [ 27.3578, 26.6155, 2.86578, 2.0565, 20.0665, 24.2442, 25.8178, 6.39817, 29.0333, 25.1973, 17.8092, 1.45648, 5.69003, 21.6112, 25.5583, 1.01113, 12.0704, 23.3435, 19.9324, 13.9555, 2.03245, 29.5152, 8.33994, 17.2979, 25.105, 18.9063, 8.44973, 24.5355, 19.7372, 21.8748 ], 
          [ 6.65832, 8.87069, 15.4432, 10.6746, 20.6164, 12.3039, 13.8723, 8.10498, 14.2728, 26.2245, 26.3657, 23.4899, 5.16854, 6.60976, 27.2943, 22.5865, 28.1659, 8.55753, 1.86268, 14.3704, 1.43649, 2.94514, 3.91687, 3.20248, 5.09027, 9.70603, 15.1182, 14.9406, 4.10963, 22.037 ], 
          [ 14.6336, 15.0425, 18.6901, 8.68747, 6.18466, 13.0051, 7.31615, 21.3617, 12.0789, 13.5346, 27.7376, 26.0091, 19.6299, 9.55077, 20.9643, 24.1847, 12.4589, 12.463, 13.815, 12.0863, 1.32533, 1.00335, 10.7645, 8.42383, 23.1804, 18.8945, 14.0569, 22.4782, 29.1501, 7.85812 ], 
          [ 22.1209, 17.7493, 13.2111, 29.715, 11.36, 28.7251, 1.33333, 11.5688, 27.9591, 11.9068, 26.0753, 26.6583, 26.9199, 20.8656, 29.9877, 22.2526, 15.2952, 12.9693, 8.31663, 27.6707, 23.5795, 11.6986, 4.04761, 17.5637, 15.0098, 11.387, 26.7872, 1.05364, 2.68743, 23.5035 ], 
          [ 3.76015, 18.9663, 10.0785, 2.39294, 24.8971, 26.6672, 2.92241, 18.6925, 3.87868, 25.7407, 5.29969, 1.59621, 13.483, 25.0049, 17.8874, 4.10606, 8.48047, 29.3452, 15.4003, 13.8187, 29.7025, 21.2575, 5.38531, 20.1231, 23.3894, 2.7777, 27.1194, 7.55837, 16.5726, 11.6517 ], 
          [ 13.4435, 4.09016, 8.1853, 28.796, 28.1786, 20.6342, 22.8578, 18.963, 22.3344, 22.7782, 13.6126, 22.2553, 22.9147, 22.7304, 26.2536, 10.578, 22.6627, 11.2648, 15.2564, 29.2358, 24.8021, 16.7892, 5.74175, 8.09136, 22.0304, 28.7394, 21.7517, 23.5618, 25.5882, 15.9377 ], 
          [ 27.3617, 1.43224, 6.83632, 16.9768, 22.1176, 8.43302, 28.2503, 29.834, 1.66708, 1.16528, 19.4843, 25.0727, 15.4698, 13.9117, 4.96907, 1.05088, 4.36537, 3.50485, 26.9468, 21.8577, 8.09404, 2.46964, 3.41519, 16.7381, 2.82167, 12.5958, 8.03249, 5.99323, 6.25488, 4.33272 ], 
          [ 26.7285, 18.2921, 14.2594, 20.8185, 26.451, 12.1184, 26.2812, 13.2398, 13.9062, 27.574, 8.61561, 15.5452, 22.5781, 2.19486, 4.33671, 8.38798, 18.1646, 20.3562, 16.8407, 27.2562, 2.22076, 25.3998, 17.6808, 14.6292, 11.4468, 8.64972, 13.6009, 13.4088, 23.8588, 15.1222 ], 
          [ 21.2366, 10.2444, 13.3365, 18.4396, 10.3623, 4.09366, 17.7113, 1.37086, 11.4768, 19.7816, 10.2689, 23.6161, 12.1665, 7.92807, 11.8591, 6.42975, 2.85325, 22.4906, 24.2782, 15.9439, 7.87803, 15.1665, 24.3719, 17.6574, 12.3998, 11.5261, 27.2861, 24.9334, 9.25929, 15.865 ], 
          [ 25.5445, 6.90535, 2.27549, 15.5862, 25.5069, 23.3406, 26.2377, 15.4336, 2.13727, 28.17, 5.56436, 2.9013, 4.6672, 22.243, 4.25328, 25.4687, 14.9592, 1.14476, 11.9329, 14.6949, 23.8569, 11.8115, 13.1971, 22.5252, 3.15051, 3.15284, 26.8414, 9.11429, 9.47498, 11.99 ], 
          [ 6.12965, 1.02762, 8.27743, 3.70907, 24.8801, 29.831, 1.7147, 5.49338, 19.6395, 1.50436, 18.9094, 9.28844, 24.2948, 1.44662, 22.3007, 9.26763, 12.9521, 26.7905, 21.0327, 24.0636, 21.6812, 19.8204, 12.4358, 2.06287, 6.93568, 23.8899, 28.6807, 29.9203, 25.7953, 19.1211 ], 
          [ 28.1583, 1.68638, 20.0126, 12.5516, 2.28097, 20.1271, 3.88491, 16.9451, 19.3393, 27.6672, 5.33117, 7.27454, 24.1186, 22.8199, 1.38606, 11.7342, 10.0393, 7.04307, 16.7672, 21.905, 26.6607, 13.797, 12.6804, 29.0143, 15.9561, 19.9198, 12.3239, 19.8675, 19.6119, 29.0264 ], 
          [ 8.04856, 16.3244, 27.9399, 15.0744, 4.60458, 1.57554, 14.036, 25.7544, 7.12538, 13.1279, 15.3539, 12.5867, 3.65129, 25.2333, 6.37028, 29.8112, 17.0079, 5.9159, 21.8933, 29.3233, 7.88868, 24.297, 23.0404, 11.7998, 19.9864, 2.67809, 13.2954, 7.39437, 22.383, 12.0637 ], 
          [ 11.7812, 26.3369, 13.7114, 9.94616, 27.2832, 5.33209, 4.58371, 29.9718, 25.4654, 24.4991, 11.6892, 8.00017, 26.5275, 26.9308, 2.06221, 13.8414, 25.4743, 15.5577, 17.1856, 9.18757, 2.23555, 28.1661, 12.9239, 11.0543, 10.5183, 3.74277, 2.33028, 8.00428, 2.39569, 19.6214 ], 
          [ 17.3639, 9.18672, 15.024, 25.6539, 26.8165, 14.6516, 28.532, 4.07438, 3.7164, 27.4457, 29.1084, 3.59708, 11.4884, 20.1734, 5.25465, 3.87145, 10.0976, 23.1016, 28.4066, 22.4747, 24.8602, 21.2296, 23.5934, 21.1672, 25.0598, 15.0255, 8.47435, 5.63738, 5.23399, 5.76979 ], 
          [ 4.8225, 18.0444, 7.9062, 10.2684, 3.99391, 19.5302, 5.80071, 29.4237, 29.9076, 4.52729, 22.5499, 27.3605, 10.0267, 5.15016, 18.6219, 11.3007, 26.4192, 26.1115, 2.08561, 1.36131, 10.6285, 8.96961, 15.6339, 28.292, 26.6128, 2.82555, 17.7033, 20.1583, 27.9838, 24.2203 ], 
          [ 14.9572, 17.6544, 9.32856, 29.1179, 3.20068, 15.299, 24.2517, 23.4286, 1.38705, 27.3145, 12.6458, 14.4099, 2.65778, 29.6622, 28.2781, 4.9755, 9.41615, 1.68699, 22.2483, 14.3494, 16.9383, 8.89639, 16.7955, 25.0636, 18.0837, 15.3939, 28.693, 16.3015, 22.728, 23.8152 ], 
          [ 20.052, 13.986, 12.957, 15.1318, 10.6048, 20.8389, 6.14263, 13.4837, 15.1455, 14.1994, 11.5052, 22.5856, 27.8178, 23.6782, 12.8498, 2.55484, 22.5967, 17.5727, 14.0297, 10.923, 13.321, 27.7551, 18.6174, 8.91138, 3.19773, 25.2582, 10.0242, 15.3303, 21.1286, 8.09101 ], 
          [ 19.5046, 21.7263, 8.92812, 13.572, 26.4472, 11.9839, 14.9489, 10.7056, 27.832, 17.9149, 19.83, 1.59346, 11.457, 19.518, 25.6064, 20.1835, 24.2174, 15.1655, 21.989, 24.0368, 4.14993, 21.1942, 4.48338, 16.8258, 7.252, 2.43935, 8.77968, 6.78118, 20.0626, 27.1333 ], 
          [ 12.4604, 13.7268, 28.4068, 20.2904, 16.2326, 8.91115, 1.366, 17.6372, 14.6967, 2.2153, 11.7883, 16.3781, 20.436, 4.00183, 11.1596, 19.78, 28.0851, 13.9134, 1.09503, 4.91162, 23.5272, 26.5552, 13.1894, 22.4884, 3.53614, 10.3896, 18.8576, 10.8256, 19.3219, 8.95555 ], 
          [ 20.5745, 1.29712, 23.2716, 27.3434, 20.7099, 16.3178, 24.0467, 8.43567, 6.99671, 4.04523, 12.7975, 24.0735, 3.95657, 18.6526, 5.83581, 24.0974, 13.6533, 21.6912, 11.6637, 15.2633, 16.2152, 13.3692, 4.65851, 27.7347, 3.8641, 15.1312, 14.9097, 25.0214, 24.2175, 9.70261 ], 
          [ 11.2049, 27.7313, 1.12918, 10.0921, 5.50404, 17.3716, 5.83789, 13.7093, 21.705, 6.09694, 7.86984, 21.6555, 1.5778, 28.9977, 20.5517, 6.89145, 2.21045, 27.5228, 27.0871, 1.71165, 2.15544, 23.0385, 4.94747, 24.6377, 7.65748, 22.6418, 15.2412, 4.42254, 20.5785, 11.4921 ], 
          [ 6.04359, 8.82972, 1.40274, 4.06421, 10.3127, 15.8162, 25.0637, 15.522, 22.7609, 24.0208, 5.5638, 15.7471, 3.42882, 16.1208, 1.50415, 20.8669, 22.0783, 25.0783, 23.2186, 13.9886, 10.615, 13.2546, 13.1246, 23.709, 29.1623, 8.56683, 7.18843, 14.0777, 17.9774, 9.85087 ], 
          [ 21.5, 14.8288, 22.7644, 20.4856, 18.8554, 1.04924, 24.6908, 2.48274, 6.45691, 23.2324, 12.7292, 12.9667, 12.2445, 2.23984, 21.1906, 4.27021, 15.0647, 12.5819, 21.3454, 21.5998, 1.97347, 26.9537, 19.0454, 27.8148, 26.7593, 26.9916, 17.3071, 24.0217, 19.7097, 18.4156 ], 
          [ 17.2901, 27.4976, 20.2624, 26.3949, 23.5793, 4.85306, 21.6918, 16.0366, 10.9487, 29.8708, 10.7287, 16.2724, 23.6039, 22.3419, 27.9012, 24.5919, 15.7769, 20.282, 24.0994, 27.3674, 23.0333, 10.5225, 17.1057, 17.4462, 11.5954, 18.0089, 28.1123, 20.4394, 3.1381, 2.3106 ], 
          [ 3.82995, 2.08475, 27.6546, 5.23631, 10.194, 16.4821, 19.0939, 22.8761, 22.0586, 16.3637, 5.52589, 19.3604, 29.543, 24.6609, 22.8692, 16.7219, 11.5344, 6.48495, 11.644, 11.7893, 27.0951, 7.47544, 14.988, 23.1589, 17.97, 6.36442, 26.9927, 12.9156, 19.4391, 18.3089 ], 
          [ 22.8485, 19.2353, 11.5275, 6.85709, 23.5278, 4.25045, 11.0726, 5.12745, 18.0131, 7.90957, 25.2836, 22.8291, 6.17921, 25.6421, 20.4439, 19.5474, 25.5327, 8.10283, 5.32663, 22.6882, 9.50983, 23.9203, 29.8098, 2.1176, 27.9663, 4.93446, 27.8736, 21.9908, 22.1522, 29.1843 ], 
          [ 10.886, 29.159, 4.06297, 23.0147, 19.1, 12.5754, 26.7026, 18.9835, 3.16905, 1.58491, 10.0789, 3.16434, 20.2406, 4.61654, 14.5416, 2.76825, 8.50726, 21.9024, 13.1139, 5.15127, 2.82735, 27.7569, 21.7121, 17.538, 9.92284, 20.4073, 2.84327, 4.64015, 28.323, 29.6455 ], 
          [ 9.3828, 3.88499, 12.1218, 22.1272, 21.2231, 15.6218, 2.48858, 29.9812, 23.2609, 15.4062, 8.06545, 19.1132, 20.9223, 1.42828, 20.994, 18.0505, 25.2448, 10.8858, 24.4044, 14.4409, 3.97233, 13.8649, 20.365, 26.7871, 3.94653, 7.17216, 4.01583, 22.2439, 20.0004, 10.8804 ], 
          [ 5.45608, 11.218, 9.86037, 10.527, 1.73281, 5.99617, 26.2382, 6.64003, 8.93928, 24.7177, 13.8745, 6.82578, 7.43183, 7.54236, 13.3509, 29.0615, 24.3498, 4.8224, 29.1415, 25.9058, 18.9732, 23.0543, 16.6627, 12.3718, 26.3032, 10.8336, 10.1847, 15.9127, 7.18106, 18.9907 ], 
          [ 28.1341, 10.8493, 8.82418, 18.8985, 19.1328, 29.9153, 14.325, 15.441, 2.05131, 15.2654, 18.1672, 19.2496, 23.7124, 12.4052, 4.56866, 8.94146, 29.8539, 17.7362, 21.2956, 5.15045, 27.5531, 17.1778, 9.6606, 7.28928, 21.7204, 26.1605, 10.7927, 2.80467, 12.3478, 28.4194 ], 
          [ 18.0367, 4.6391, 11.5189, 28.3012, 17.7342, 7.80827, 28.6462, 11.2292, 15.7908, 20.2718, 18.0789, 20.8777, 7.13478, 9.80037, 23.4971, 10.8293, 26.9058, 7.79182, 8.59363, 10.9273, 22.1273, 1.85175, 17.2359, 19.4524, 23.5261, 14.4129, 24.4645, 25.9242, 23.6954, 21.7168 ], 
          [ 15.2846, 1.61624, 9.83791, 24.8865, 17.3298, 3.09362, 22.4836, 16.9275, 10.6371, 24.875, 24.8977, 3.97504, 4.9614, 4.24366, 19.2999, 25.8645, 8.90217, 27.8436, 6.56076, 13.9915, 4.35508, 28.344, 3.7268, 1.94525, 16.9063, 1.56659, 18.5278, 7.01146, 13.6905, 22.2576 ], 
          [ 23.4544, 25.2178, 16.8143, 19.0426, 20.7296, 29.9701, 8.80414, 7.54735, 24.6143, 2.58132, 19.3902, 11.8788, 7.0354, 24.7924, 3.30416, 5.39194, 21.1342, 21.9684, 21.414, 20.5844, 26.1372, 3.25641, 7.48006, 16.2679, 17.4953, 3.58097, 6.07582, 13.4618, 15.3347, 16.3232 ], 
          [ 15.295, 18.0664, 16.1065, 29.9698, 27.3816, 4.15345, 29.8131, 22.7071, 11.9845, 4.5778, 29.4819, 6.36961, 4.58266, 21.8047, 21.0477, 19.8377, 21.1359, 2.98746, 2.82521, 20.9724, 20.3672, 13.1125, 28.8705, 16.4006, 15.1001, 25.5895, 1.33069, 24.2406, 27.2275, 9.23027 ], 
          [ 14.0802, 13.6368, 17.5475, 16.5623, 9.40133, 17.2733, 29.6411, 25.1323, 14.7542, 22.0262, 18.1333, 19.4179, 28.3621, 10.7856, 24.5755, 2.27867, 8.8394, 17.0595, 18.4441, 14.4344, 15.9409, 26.6865, 26.2384, 6.09776, 14.9962, 4.778, 7.39849, 11.6753, 9.57798, 8.73483 ], 
          [ 17.6963, 29.0577, 22.5679, 9.59308, 4.45822, 2.371, 20.7474, 14.357, 5.34699, 2.88418, 17.3307, 27.3317, 1.28055, 17.5565, 27.0151, 23.4148, 21.3158, 13.9853, 17.006, 1.54656, 28.7489, 17.8391, 3.95306, 3.60385, 9.44432, 16.0887, 6.21234, 1.50621, 22.2301, 29.1666 ], 
          [ 16.7482, 22.1781, 2.53275, 14.5887, 2.56654, 13.0107, 6.28263, 5.55679, 21.6891, 24.8693, 17.6125, 7.41241, 27.1194, 3.49617, 28.1702, 16.4921, 26.337, 10.8222, 5.50147, 24.9281, 29.8114, 21.8785, 21.5631, 3.58832, 2.14074, 25.1138, 3.4215, 21.5119, 11.6402, 29.3671 ], 
          [ 20.2404, 25.481, 8.61672, 19.9775, 21.405, 9.37961, 1.56658, 24.857, 27.2053, 11.3923, 10.0451, 23.7147, 9.05494, 28.6714, 17.2429, 10.104, 21.8927, 9.93418, 22.8889, 2.28145, 8.64285, 22.7362, 2.08324, 28.694, 11.751, 16.3115, 1.4746, 4.63069, 21.2354, 18.1884 ], 
          [ 1.65334, 28.6825, 29.8155, 26.3893, 24.9257, 7.00461, 1.0667, 28.1032, 18.0947, 29.2919, 15.2762, 15.5709, 27.1853, 24.0228, 27.1656, 15.2174, 5.3378, 10.1752, 12.4836, 22.6447, 7.02184, 4.85454, 25.8531, 19.7395, 3.62899, 23.0981, 4.42868, 22.0737, 18.1541, 9.82788 ], 
          [ 11.2442, 13.3185, 17.8099, 10.3135, 5.76461, 16.6805, 29.5525, 27.8831, 6.24531, 26.6242, 26.4494, 25.5295, 6.31331, 3.82122, 26.7455, 9.11731, 8.8323, 26.0712, 10.0133, 13.3026, 17.0611, 18.0889, 24.4731, 22.5852, 28.0234, 7.55707, 27.179, 8.57546, 14.5067, 27.6086 ], 
          [ 1.34398, 6.40338, 14.1817, 22.2306, 2.17183, 22.6682, 18.1434, 5.88353, 26.3282, 9.27599, 18.0613, 19.6949, 16.7179, 18.9908, 1.57174, 25.486, 1.65357, 28.7253, 5.62434, 26.6765, 19.1976, 5.68564, 29.6561, 15.7419, 22.3064, 18.1748, 29.5217, 16.5429, 16.4406, 6.68225 ], 
          [ 28.9625, 27.1181, 16.5211, 29.6394, 26.723, 13.4645, 27.011, 16.2742, 27.6212, 24.3709, 28.2704, 24.8174, 1.09703, 16.8577, 1.32085, 7.64848, 21.1527, 25.3798, 17.2437, 2.66774, 7.37644, 1.46478, 18.4392, 8.54226, 6.48388, 20.7311, 6.54752, 15.94, 6.87805, 8.01056 ], 
          [ 17.2479, 21.6895, 9.01165, 1.8872, 2.01908, 4.71239, 17.1493, 12.6516, 25.9624, 19.6106, 11.1172, 16.7504, 22.4664, 29.8786, 9.18245, 29.6487, 26.5868, 15.974, 15.053, 24.0322, 29.5314, 1.02249, 18.5779, 21.869, 7.31528, 25.2564, 10.2859, 14.7026, 22.7198, 13.8819 ], 
          [ 16.3493, 15.0501, 24.4473, 6.02622, 17.7973, 1.97445, 5.81409, 19.9151, 12.0681, 19.4936, 10.5997, 2.59207, 2.39191, 22.1821, 7.60863, 22.0258, 16.7414, 20.5936, 15.213, 3.0729, 26.6452, 14.4039, 29.965, 20.0925, 1.35475, 29.8689, 1.06502, 22.3216, 21.5574, 18.3144 ], 
          [ 6.13466, 21.2402, 9.48426, 6.91521, 27.9882, 16.7796, 4.61682, 29.2477, 21.1898, 9.23263, 25.6292, 16.4425, 16.7495, 13.3951, 28.5637, 26.7321, 18.3637, 26.1053, 13.5972, 26.1625, 6.20581, 29.8771, 21.2828, 6.8479, 29.6296, 20.8081, 11.27, 21.1551, 25.1867, 19.2653 ], 
          [ 2.53323, 8.12832, 7.99136, 9.08246, 17.1289, 13.7617, 20.8152, 28.417, 24.4675, 5.09005, 2.13473, 28.6816, 17.1019, 21.7912, 20.026, 21.9246, 1.8367, 12.2804, 27.2603, 19.8881, 5.8071, 4.47087, 21.059, 28.1804, 23.6274, 1.9243, 13.7334, 20.2828, 27.2859, 1.91144 ], 
          [ 22.924, 28.2584, 13.495, 25.2218, 20.0967, 10.0413, 6.90035, 29.8737, 22.3171, 27.5421, 6.8668, 26.9543, 6.02813, 3.62172, 16.7878, 16.7218, 17.9805, 8.2902, 26.8051, 29.0322, 18.7992, 21.5263, 11.3672, 12.8889, 10.3672, 8.37916, 17.2126, 29.9204, 10.762, 21.583 ], 
          [ 20.6807, 2.64732, 19.5721, 4.30591, 8.60305, 22.6613, 7.15249, 28.1611, 5.41968, 22.429, 26.3865, 28.9369, 14.6288, 23.7774, 4.53074, 20.3908, 25.73, 12.0426, 3.39932, 21.1693, 12.5508, 23.8271, 25.1929, 29.3812, 11.4844, 25.5888, 8.80149, 29.8995, 24.8632, 5.15252 ], 
          [ 3.41341, 8.59413, 14.7314, 13.6983, 26.5916, 20.9752, 6.79645, 15.1593, 25.5285, 29.3734, 12.8401, 5.68978, 6.06321, 6.03069, 12.3215, 4.5039, 3.50534, 23.4745, 20.5286, 28.0559, 3.41803, 25.3492, 17.2702, 2.50928, 7.96127, 17.7655, 27.6835, 4.92633, 29.3279, 16.1981 ], 
          [ 21.0181, 21.4262, 21.7558, 1.13279, 1.58213, 19.8296, 18.6042, 16.4625, 8.24748, 9.50834, 29.2025, 19.4108, 27.416, 19.7565, 15.1838, 8.32482, 13.5072, 3.20436, 25.9518, 8.6304, 12.0177, 2.35611, 15.8909, 10.9663, 23.2439, 8.85983, 28.361, 15.4639, 9.02843, 14.6193 ], 
          [ 10.1347, 19.6283, 29.2312, 8.15768, 13.063, 7.81303, 1.59476, 12.0676, 8.65908, 3.05779, 26.2708, 13.5349, 15.7316, 26.486, 29.1724, 9.9226, 14.605, 24.5412, 21.3735, 14.7568, 21.4031, 23.1969, 12.8391, 5.25721, 28.8474, 4.18084, 14.3062, 2.34363, 3.33354, 7.23321 ], 
          [ 20.7296, 23.5048, 25.9076, 8.72458, 19.1536, 18.4158, 12.7436, 27.3172, 20.024, 2.86821, 29.362, 12.7325, 7.81571, 17.3278, 2.20852, 15.3745, 3.75953, 22.5155, 3.66386, 9.95368, 11.2223, 20.3957, 3.4032, 24.9868, 1.10754, 6.55404, 2.11715, 8.99916, 6.92146, 21.1122 ], 
          [ 27.1215, 26.0787, 6.90298, 17.8369, 22.9944, 16.1163, 14.337, 3.53379, 5.84478, 25.5466, 14.1596, 18.9335, 16.3926, 14.5978, 20.5932, 25.2196, 27.5836, 12.8386, 1.86134, 12.3845, 11.8038, 5.58655, 24.7154, 22.1288, 1.23144, 11.2542, 18.2384, 18.9719, 27.9665, 22.3384 ], 
          [ 1.63088, 28.5093, 25.29, 23.3991, 7.68016, 16.3626, 6.16278, 23.6747, 23.9989, 5.81372, 15.4897, 3.43014, 20.7474, 6.89379, 5.96424, 5.50793, 27.2662, 25.8608, 1.36445, 1.16112, 6.05517, 14.1255, 14.8969, 25.4434, 28.1899, 11.7673, 29.1547, 18.294, 16.3046, 13.5926 ], 
          [ 17.3387, 20.1903, 12.2101, 1.27011, 13.9163, 4.88825, 20.3606, 7.76705, 29.4838, 29.3629, 28.1821, 16.9321, 24.3441, 21.1351, 19.4136, 18.9698, 24.3508, 8.9235, 16.1167, 28.2504, 8.45693, 16.4701, 16.2879, 4.27609, 16.6685, 16.189, 2.46792, 21.6704, 2.246, 6.12202 ], 
          [ 11.1085, 6.68154, 7.95222, 6.69761, 8.40174, 24.4545, 12.5995, 19.657, 29.3819, 15.3521, 1.23233, 11.1034, 23.8747, 23.208, 3.98008, 21.5254, 19.3686, 2.47962, 29.5952, 21.4858, 16.8927, 14.9223, 9.94318, 3.01723, 1.58335, 13.2555, 3.56656, 25.3564, 27.1991, 27.7817 ], 
          [ 17.8784, 24.3705, 3.2353, 22.5908, 26.3349, 26.1288, 12.4232, 3.34414, 23.933, 3.96729, 1.94191, 9.59568, 3.41698, 20.4879, 6.07161, 14.6868, 19.7477, 8.26086, 29.6094, 18.4187, 10.0361, 26.1408, 19.4682, 4.99048, 12.3468, 25.9766, 11.3835, 25.9844, 15.9143, 12.8267 ], 
          [ 23.8254, 8.99068, 2.31752, 19.2496, 13.79, 5.53571, 11.2815, 9.21303, 5.14247, 20.4494, 8.58231, 4.60578, 16.4983, 10.2606, 18.3355, 22.8307, 25.1491, 3.91292, 22.6108, 17.5753, 6.30176, 19.518, 18.058, 14.8781, 17.1976, 6.02804, 1.76833, 16.3168, 18.3128, 5.02852 ], 
          [ 20.201, 5.48255, 9.51826, 11.7346, 20.5971, 17.5534, 15.8828, 15.5794, 22.5425, 21.9029, 19.8508, 19.562, 27.0162, 5.16183, 14.8716, 10.1739, 2.64176, 10.5725, 14.4287, 14.8235, 7.7251, 5.73869, 19.6643, 14.1437, 21.4305, 4.35438, 21.7403, 23.5649, 26.5268, 18.0845 ]
        ], 
        [
          [ 27.4126, 20.3127, 6.89865, 7.06016, 8.8154, 1.62949, 19.3886, 3.67238, 23.1539, 7.07026, 4.97132, 12.4147, 27.8609, 3.72184, 15.2522, 24.8174, 23.747, 17.4, 26.3441, 23.897, 8.57267, 4.9377, 15.0289, 2.81357, 6.05261, 18.8852, 7.73326, 6.28467, 14.0557, 16.3486 ], 
          [ 16.2324, 12.8535, 21.7032, 13.987, 20.2577, 10.1396, 13.8698, 26.6254, 21.9971, 23.3282, 8.701, 28.1083, 11.5897, 14.3415, 26.5291, 22.6148, 24.2586, 8.28078, 7.90541, 20.9197, 7.59408, 5.4246, 29.808, 19.7341, 13.4884, 15.18, 16.9481, 9.7529, 12.2738, 1.8195 ], 
          [ 16.2071, 4.03474, 11.5866, 2.91703, 11.6108, 12.1314, 4.73889, 26.4244, 23.7015, 26.5077, 3.32685, 17.5053, 4.04669, 9.36499, 5.90343, 27.91, 25.8514, 23.3468, 14.5754, 2.46476, 25.7411, 19.2077, 8.30685, 23.3379, 23.037, 27.8166, 23.4387, 24.9155, 19.8802, 8.43732 ], 
          [ 27.0897, 23.0799, 13.0981, 9.95983, 25.5619, 2.34199, 27.3828, 15.3769, 25.1756, 3.78442, 29.7119, 19.0784, 18.1824, 26.738, 19.3026, 23.2503, 23.6197, 28.1216, 3.08443, 11.2006, 11.8192, 16.9777, 25.9828, 1.3179, 11.1324, 12.1899, 13.7245, 20.9791, 5.33342, 14.7884 ], 
          [ 29.5844, 1.71427, 3.65878, 25.5647, 24.8262, 24.7044, 6.04826, 4.19318, 22.2795, 28.2999, 6.09257, 25.4989, 10.4719, 16.9365, 26.629, 28.3427, 26.9617, 3.74047, 28.1707, 27.0237, 1.37111, 2.89251, 10.5026, 28.303, 22.91, 26.3299, 13.1219, 23.6588, 3.97032, 3.92454 ], 
          [ 29.3825, 18.5349, 4.73633, 3.83693, 27.6474, 1.26836, 19.3625, 19.8407, 18.4385, 13.6499, 7.00361, 4.64015, 26.2973, 19.1568, 27.0734, 3.04102, 24.675, 28.1877, 2.65045, 13.7732, 11.1509, 7.58933, 29.7346, 26.2387, 23.9789, 4.14657, 21.9917, 17.501, 6.79395, 2.39731 ], 
          [ 20.41, 18.4303, 20.2396, 29.1834, 2.1285, 27.7769, 7.40431, 10.0043, 11.0686, 13.0275, 21.9367, 11.0872, 5.51319, 25.1983, 29.5595, 9.7109, 1.20254, 13.5599, 3.07683, 16.3629, 24.2499, 29.3991, 17.4726, 20.4077, 10.1308, 26.6603, 25.5725, 16.3257, 29.7797, 1.16573 ], 
          [ 25.1081, 10.5583, 17.2591, 14.0036, 9.23752, 14.2128, 11.9037, 1.56423, 1.56668, 8.20168, 9.66026, 21.0043, 16.3456, 2.78519, 2.90035, 10.2609, 3.71329, 15.8544, 2.38488, 9.98364, 25.786, 19.1466, 26.8361, 22.7621, 8.38146, 23.814, 24.8227, 29.7464, 29.3248, 6.95544 ], 
          [ 2.96868, 3.8414, 12.8442, 7.51906, 19.7276, 5.96498, 18.9644, 15.1689, 26.1899, 4.70268, 14.8768, 13.7403, 13.556, 2.31819, 1.50979, 8.35874, 4.26824, 4.62998, 26.9826, 3.28019, 4.42386, 3.74361, 10.3484, 22.4267, 19.8514, 29.8659, 21.6262, 17.8907, 15.5442, 6.27755 ], 
          [ 22.72, 1.4286, 7.94935, 28.0998, 20.4906, 9.59894, 29.5293, 28.3226, 1.42535, 24.5887, 7.90036, 4.47178, 18.4943, 13.8975, 22.6596, 3.16513, 3.64842, 19.253, 24.8399, 22.9023, 10.7618, 21.3125, 6.44786, 23.0187, 20.9718, 27.3536, 6.99327, 21.4274, 4.90263, 3.48397 ], 
          [ 2.11009, 17.5065, 21.0351, 5.43329, 28.7305, 28.6411, 1.10051, 6.04612, 21.7124, 17.1726, 10.6237, 17.3317, 2.09538, 22.6053, 17.484, 12.1704, 18.161, 11.1186, 22.3087, 19.511, 16.5476, 4.36086, 22.8538, 7.29029, 24.9243, 12.6234, 29.7319, 1.01221, 10.3403, 13.7817 ], 
          [ 12.5453, 18.5805, 8.41153, 19.9334, 3.21638, 9.75097, 14.5574, 11.6405, 21.9505, 25.7065, 6.54909, 26.7871, 6.51651, 13.4715, 19.809, 6.7809, 1.06833, 9.05781, 1.84714, 26.3112, 15.3972, 18.9971, 19.3768, 16.0715, 2.21854, 16.1823, 15.3254, 21.3381, 9.40386, 2.90953 ], 
          [ 14.4944, 11.7593, 16.2707, 27.9415, 21.9955, 7.54332, 12.9978, 18.1638, 1.48309, 19.3077, 18.1351, 5.62594, 9.97967, 11.6241, 7.73362, 6.56797, 26.5811, 11.062, 6.46825, 6.65096, 15.5018, 18.9545, 5.76773, 7.09244, 15.9866, 1.75828, 7.43167, 15.6822, 29.2069, 24.8853 ], 
          [ 1.81744, 23.4909, 5.7118, 11.6382, 20.0264, 24.4749, 17.1536, 9.53603, 18.1772, 20.6778, 9.75903, 17.4275, 6.40217, 15.7519, 16.3722, 20.8125, 23.3159, 21.6395, 14.6622, 1.29093, 21.0815, 7.70307, 2.62302, 13.1554, 26.9012, 18.4447, 21.5641, 24.4084, 19.7336, 24.4084 ], 
          [ 5.84053, 17.8579, 24.6143, 17.6782, 1.00091, 25.9185, 25.3103, 7.23368, 18.7442, 6.06627, 24.4656, 19.5332, 15.1004, 16.0519, 7.54676, 8.6216, 14.9356, 24.6275, 11.6031, 12.4167, 18.7237, 1.57377, 16.7915, 23.7561, 22.7937, 20.0553, 2.03301, 25.0796, 10.6672, 27.8725 ], 
          [ 3.92215, 19.1289, 8.51074, 16.5683, 11.7545, 19.6789, 23.7008, 9.51422, 12.7412, 13.8386, 9.07714, 3.54104, 7.17658, 14.2474, 27.0261, 4.19693, 18.2627, 16.2672, 25.6665, 20.4307, 18.7844, 2.84116, 28.0849, 23.9283, 10.2721, 2.22591, 13.784, 12.0617, 11.6917, 19.1801 ], 
          [ 29.994, 15.9, 13.1841, 3.63998, 2.70088, 5.61916, 4.97424, 18.6464, 13.5328, 6.59768, 2.88071, 22.9117, 19.2064, 7.75616, 18.2294, 15.9905, 27.002, 26.7931, 10.1506, 12.1935, 16.2047, 25.5317, 2.54572, 25.5634, 23.7566, 16.6753, 4.75676, 4.48573, 29.0905, 2.29986 ], 
          [ 22.2189, 2.3244, 23.4931, 13.3717, 20.6454, 4.7758, 25.9663, 8.83472, 10.9326, 3.17814, 5.75388, 20.4661, 29.212, 22.6884, 10.1985, 25.1, 17.5354, 6.28313, 8.57982, 9.77286, 28.8564, 26.658, 24.3479, 12.6987, 29.6506, 2.49869, 6.75665, 8.40778, 3.91468, 23.9874 ], 
          [ 3.84734, 18.9321, 15.5153, 11.2639, 12.6704, 5.49498, 21.6428, 3.0559, 6.31647, 26.9616, 6.97168, 11.8921, 6.75976, 28.0565, 27.0254, 14.1316, 16.0346, 13.7775, 20.0888, 17.7624, 25.5103, 7.61672, 14.4545, 1.71297, 26.8629, 7.2574, 25.0816, 14.652, 11.6266, 28.6691 ], 
          [ 5.09883, 25.7076, 26.7296, 1.80798, 15.9497, 2.57921, 9.83893, 14.913, 18.4843, 3.38411, 17.2233, 17.8561, 17.0899, 19.4825, 11.4966, 7.69803, 29.7178, 27.0169, 11.1959, 6.33276, 28.87, 3.97034, 23.0275, 15.4031, 6.48647, 18.8081, 5.20331, 23.3634, 19.1865, 1.12051 ], 
          [ 8.56422, 14.5689, 27.9935, 6.08916, 7.85392, 1.30484, 15.0895, 16.9779, 5.58278, 24.3433, 18.5337, 14.6216, 10.3061, 7.36277, 6.3657, 5.78438, 6.19527, 16.2907, 26.5689, 22.8811, 10.2984, 5.37567, 19.3465, 6.62115, 5.89497, 26.3596, 28.48, 5.08061, 11.1165, 22.4314 ], 
          [ 11.7269, 6.66726, 11.3885, 12.8934, 7.41597, 29.6404, 10.9901, 12.1257, 15.322, 20.7196, 18.9886, 15.2273, 19.4707, 8.76339, 29.4232, 9.81733, 23.7504, 17.6548, 15.6327, 2.11686, 10.5946, 16.7571, 6.04656, 5.63788, 17.4483, 27.4297, 5.01474, 26.8517, 19.8711, 9.08166 ], 
          [ 2.0758, 27.7421, 18.8143, 15.2185, 16.3407, 21.4988, 8.60302, 7.49909, 14.2967, 13.9462, 18.1628, 9.12872, 17.7429, 19.0909, 1.05938, 13.9578, 16.2122, 7.23911, 19.5467, 7.81352, 13.4363, 5.3483, 20.4614, 12.191, 19.543, 16.7226, 4.96614, 28.5509, 27.1841, 28.8525 ], 
          [ 13.3724, 5.18344, 27.561, 28.7818, 17.2827, 25.0689, 26.274, 22.4401, 10.1306, 12.6536, 4.75556, 4.86672, 15.637, 25.825, 4.15299, 25.696, 15.7895, 27.2596, 6.43707, 16.1169, 4.91213, 10.4301, 23.652, 23.3447, 14.8551, 23.6471, 23.2566, 10.8726, 23.5715, 24.878 ], 
          [ 19.8154, 16.6484, 21.3318, 11.9019, 2.36479, 27.5372, 13.5062, 6.43491, 2.28296, 6.50492, 12.7614, 11.2641, 7.77008, 16.0266, 16.6762, 26.0729, 14.8679, 2.81135, 1.43076, 4.31783, 12.5447, 18.6227, 5.83018, 9.35901, 29.5466, 22.2072, 2.39708, 16.6079, 28.7269, 9.04372 ], 
          [ 2.66099, 13.2551, 13.5278, 4.29961, 22.6855, 9.34809, 15.3295, 8.47866, 16.5656, 21.1669, 26.8821, 20.6989, 4.94359, 13.6092, 8.44575, 6.31225, 4.50804, 3.25358, 27.244, 13.7124, 17.4183, 18.7225, 24.6909, 23.3891, 20.7547, 14.9222, 16.0257, 3.69582, 7.282, 8.49665 ], 
          [ 4.09409, 14.5774, 8.27843, 1.66238, 28.9316, 26.3017, 26.9753, 25.5226, 7.84021, 3.15767, 25.156, 20.3359, 20.0148, 23.7802, 18.66, 16.0297, 7.39016, 2.42867, 5.18735, 12.9806, 27.1352, 2.09483, 28.2148, 12.7006, 20.2067, 25.8027, 16.8879, 9.52737, 10.5568, 17.2253 ], 
          [ 9.94817, 11.8921, 6.07399, 13.3306, 20.6504, 20.0561, 29.3209, 8.32775, 28.2044, 18.3715, 28.7211, 17.7635, 13.6464, 5.39891, 7.74988, 9.40891, 28.8209, 20.5756, 1.7334, 29.5274, 7.35045, 3.68834, 7.80698, 16.6118, 5.86309, 28.7583, 5.21408, 22.3338, 18.7228, 17.9001 ], 
          [ 1.54851, 8.79289, 21.8954, 25.6065, 15.4109, 12.7854, 29.1988, 1.8799, 13.4065, 25.0182, 24.8981, 12.1089, 12.7138, 22.4212, 27.656, 18.5291, 5.44033, 5.96265, 6.8103, 18.9336, 26.2926, 15.031, 13.9923, 21.2379, 20.1171, 16.5112, 22.0417, 6.90278, 28.4867, 3.11724 ], 
          [ 28.3283, 29.0689, 10.5984, 23.7913, 10.8597, 17.403, 21.6763, 23.4771, 25.8828, 4.19799, 12.426, 15.3217, 29.2194, 6.93124, 13.3562, 4.97696, 29.2795, 9.43006, 29.6634, 18.6904, 3.80172, 13.1813, 16.7363, 29.7148, 8.61654, 24.1267, 13.9024, 7.79598, 15.4921, 27.7329 ], 
          [ 23.7023, 15.8773, 7.99045, 8.88582, 5.00342, 2.37433, 29.9276, 7.61507, 4.1071, 23.9038, 2.98527, 15.3713, 15.072, 12.2347, 21.4604, 4.50151, 26.3938, 9.56284, 7.39338, 20.4436, 27.2799, 21.867, 26.3704, 20.6476, 27.07, 26.6562, 5.62648, 23.1157, 13.1, 4.76332 ], 
          [ 16.5786, 6.61793, 24.1363, 2.4896, 14.9032, 16.5455, 28.0832, 29.0769, 19.9291, 16.8232, 28.5201, 24.6932, 6.34722, 12.2546, 14.2937, 11.7513, 28.0032, 20.1738, 3.42071, 17.1868, 15.281, 25.8382, 11.3913, 14.1229, 28.3644, 24.6641, 25.9641, 22.8477, 23.2452, 22.1734 ], 
          [ 2.87116, 11.2193, 21.7088, 22.9966, 21.9736, 8.65334, 10.3515, 21.9845, 23.2941, 9.23924, 16.6834, 17.0095, 23.9324, 15.6592, 26.8371, 23.3307, 6.29988, 26.7847, 11.5113, 15.812, 23.306, 24.9014, 20.5788, 11.9423, 1.37421, 15.6731, 15.8212, 17.032, 27.326, 7.4811 ], 
          [ 8.02266, 23.8431, 2.70034, 10.5129, 7.94877, 6.10533, 24.4627, 14.8175, 6.24908, 9.16798, 28.5418, 28.947, 1.97622, 12.2045, 9.92199, 1.89795, 6.43698, 4.98151, 24.7299, 5.40189, 28.1559, 12.2892, 23.0923, 21.4026, 18.7678, 4.1611, 28.3538, 11.1784, 18.2241, 25.0289 ], 
          [ 26.2416, 28.6231, 18.9541, 2.1234, 1.94171, 8.99318, 21.7462, 10.2124, 24.8521, 19.2522, 15.7178, 6.80738, 7.83416, 11.4272, 11.8108, 5.63633, 28.8184, 15.9218, 7.78219, 6.59235, 10.8351, 15.1562, 16.0328, 9.00994, 5.67509, 7.6495, 8.10038, 29.1531, 12.2301, 24.5232 ], 
          [ 24.6391, 20.3052, 6.1037, 14.0899, 15.1183, 1.1328, 3.48173, 21.4544, 4.52685, 10.1787, 5.73426, 2.43859, 11.7056, 10.432, 11.073, 7.27498, 27.4345, 2.57278, 13.8899, 23.0902, 7.1051, 16.8463, 7.68856, 4.50972, 6.97421, 8.56384, 27.4076, 1.37019, 5.58335, 4.64937 ], 
          [ 25.6576, 28.7969, 26.3749, 15.161, 4.17441, 22.8067, 23.7674, 13.2018, 6.85762, 1.85896, 15.6657, 5.41593, 18.9527, 3.5202, 26.7843, 26.9961, 3.15806, 11.3094, 18.6343, 17.2329, 2.83552, 12.0566, 16.2526, 29.5243, 9.91812, 13.122, 29.0846, 11.8531, 20.644, 29.3115 ], 
          [ 18.7556, 2.90353, 4.84943, 6.40251, 11.9285, 8.5139, 26.466, 24.4272, 3.62964, 20.1784, 12.5766, 28.6402, 5.59481, 28.4701, 22.8053, 12.2843, 29.0314, 18.6924, 28.9497, 13.5872, 29.9104, 22.0729, 10.2205, 16.7419, 6.62552, 18.2737, 7.86807, 16.4089, 2.59855, 14.5763 ], 
          [ 17.4308, 7.66567, 17.9517, 23.6863, 21.8568, 12.8151, 20.7314, 16.043, 12.3052, 4.07148, 22.9722, 18.3945, 7.32701, 5.26433, 22.9346, 4.67039, 1.21029, 24.1986, 12.4878, 11.2113, 29.4553, 5.49653, 9.9553, 14.5909, 10.6002, 5.98338, 5.22862, 10.5954, 27.492, 14.8959 ], 
          [ 12.5484, 15.3216, 15.0396, 20.5104, 21.1902, 28.0692, 1.15208, 22.8534, 15.6549, 5.75058, 6.438, 1.43803, 4.05213, 18.5423, 4.01079, 6.36031, 21.3888, 4.30533, 3.09163, 5.1608, 18.8586, 10.6885, 7.83695, 25.083, 21.0967, 12.7584, 26.2027, 6.1349, 24.9615, 6.89131 ], 
          [ 12.4313, 24.2739, 29.6614, 25.4598, 16.1844, 22.9516, 23.789, 1.79365, 16.8015, 6.01059, 13.3621, 7.1804, 28.1035, 19.4775, 29.8636, 20.4978, 16.6113, 26.5994, 12.1019, 12.4926, 21.8868, 17.7693, 27.9594, 6.17382, 4.75346, 12.6549, 23.7696, 11.4237, 20.7735, 27.4001 ], 
          [ 24.8489, 2.3349, 12.4991, 14.816, 11.6573, 7.6329, 21.227, 27.865, 2.18552, 22.665, 8.50789, 22.7774, 10.8851, 8.59935, 17.8642, 27.6146, 4.73585, 28.2364, 22.538, 8.27123, 17.6746, 29.9555, 20.5488, 10.5768, 25.1955, 17.1638, 17.4778, 19.1417, 25.5805, 4.03439 ], 
          [ 16.2718, 6.55885, 3.38993, 6.95058, 27.1489, 20.3682, 13.5451, 6.0863, 18.2505, 13.1155, 27.7497, 1.50249, 11.482, 27.0265, 13.7814, 20.5907, 1.2614, 15.6641, 29.6558, 4.61904, 7.72168, 8.30061, 27.1904, 14.7201, 25.4918, 2.33567, 23.5162, 18.9094, 25.5438, 22.3982 ], 
          [ 28.5928, 23.7797, 23.5683, 15.4693, 3.54701, 12.7402, 21.1105, 23.5469, 19.3003, 28.0628, 4.10366, 13.9842, 22.7675, 8.40826, 20.2865, 22.811, 13.5769, 15.4643, 4.44309, 13.3651, 7.69704, 14.2636, 4.27424, 29.2158, 27.57, 11.0728, 3.36222, 9.91852, 29.4947, 12.4945 ], 
          [ 18.3893, 21.0493, 13.6684, 13.8613, 28.0178, 1.30428, 9.24514, 18.4532, 18.8356, 20.3784, 7.03944, 21.8509, 3.70907, 12.9727, 15.4142, 12.8613, 21.9759, 7.69165, 3.48336, 25.2512, 22.5168, 25.5899, 2.0867, 9.53291, 28.6724, 17.5947, 24.0234, 18.0628, 6.71282, 20.0576 ], 
          [ 9.04712, 8.71614, 7.97822, 19.4703, 13.6708, 15.2765, 9.16758, 1.18886, 9.14888, 4.19452, 22.1943, 19.8764, 1.43475, 26.9653, 19.1304, 19.2526, 15.6066, 27.1036, 11.0761, 2.15189, 8.16659, 3.19993, 4.49323, 5.94471, 15.5724, 12.8225, 28.6583, 25.5443, 27.5384, 15.8866 ], 
          [ 17.2968, 20.113, 14.2176, 20.2767, 11.358, 6.51453, 8.39355, 1.80738, 27.1027, 29.8763, 19.8606, 26.8122, 11.3472, 11.9883, 23.8914, 5.5049, 27.5714, 17.1292, 24.0636, 13.5577, 27.6019, 18.9232, 2.723, 15.8289, 11.5268, 22.0324, 20.8722, 19.4951, 25.8965, 15.4772 ], 
          [ 29.1004, 10.9054, 12.3641, 19.5898, 13.5361, 12.5684, 5.26744, 16.0172, 13.3778, 6.02667, 3.24959, 4.49575, 20.1527, 1.64019, 15.6185, 14.0641, 4.85317, 6.3718, 9.62812, 21.5314, 25.1036, 5.7742, 13.2098, 20.608, 1.62119, 11.3712, 25.232, 12.4518, 19.4045, 20.9141 ], 
          [ 5.74469, 28.5836, 15.4196, 29.461, 16.5247, 25.775, 1.03047, 7.47042, 17.7438, 7.05358, 29.5425, 6.61544, 4.6723, 6.79802, 17.8683, 7.48339, 3.62379, 16.6796, 20.9709, 7.55882, 29.6442, 15.4689, 7.10453, 19.9919, 10.7922, 12.6714, 16.1159, 6.33465, 2.85778, 13.8244 ], 
          [ 17.0275, 20.6423, 1.80698, 28.7045, 22.5106, 2.37195, 1.91096, 7.3332, 3.92192, 24.5182, 23.3834, 1.57754, 13.994, 25.8348, 22.6855, 7.33696, 1.30583, 5.86716, 15.1032, 12.4236, 11.1405, 8.035, 19.7277, 5.96955, 3.59062, 19.1326, 15.0261, 18.4608, 29.2746, 25.014 ], 
          [ 23.2048, 19.1471, 13.9005, 4.45159, 29.8963, 18.654, 25.9168, 29.4257, 24.6757, 19.8152, 11.853, 28.7684, 6.11628, 9.07479, 6.11648, 20.3854, 11.7702, 19.6645, 5.24819, 23.9773, 27.0166, 5.37896, 2.56567, 7.90543, 20.0225, 7.08175, 22.0192, 9.53178, 24.3108, 28.2255 ], 
          [ 17.7843, 11.5242, 1.29004, 11.6228, 10.5439, 23.0848, 2.8147, 29.0236, 13.2444, 17.9175, 12.8024, 21.3793, 2.26698, 29.0982, 18.6037, 29.9479, 20.5811, 22.2476, 10.7647, 21.1251, 10.3771, 14.5853, 12.9037, 21.6798, 25.4138, 19.211, 22.7332, 14.3811, 11.3019, 3.94708 ], 
          [ 2.29842, 24.7188, 15.2533, 1.16146, 19.5512, 16.6881, 14.2318, 14.4927, 10.0744, 28.2783, 1.28987, 20.433, 2.07454, 19.779, 29.1031, 2.27319, 24.0618, 17.5378, 8.92752, 15.6798, 23.7096, 2.65558, 26.305, 15.3897, 9.81189, 19.9952, 27.3903, 17.7448, 21.5453, 11.5278 ], 
          [ 5.01486, 23.1769, 27.3129, 11.0099, 14.0251, 2.87027, 18.9539, 26.1067, 11.7531, 21.4431, 20.7101, 15.1368, 1.11786, 24.4411, 20.0824, 27.0078, 3.10619, 26.4584, 9.55404, 24.7986, 17.2701, 3.37277, 1.91728, 8.81124, 2.3602, 29.1847, 14.7971, 19.5025, 12.5279, 16.664 ], 
          [ 3.9426, 12.6221, 27.7052, 8.4382, 26.2385, 17.5253, 2.26125, 21.5163, 1.33192, 7.43196, 3.56004, 3.65861, 13.7752, 5.60693, 21.1168, 26.8593, 8.11825, 18.4768, 20.2515, 27.5369, 21.0281, 1.56891, 11.3267, 28.4983, 3.86269, 12.6019, 14.0525, 19.9857, 7.19608, 1.4369 ], 
          [ 25.1127, 23.5487, 7.69091, 20.1355, 23.6474, 11.6234, 10.7286, 21.5039, 24.924, 3.14875, 12.6304, 10.0937, 20.3427, 24.9549, 5.51279, 12.6855, 18.0181, 29.2315, 26.3755, 12.2776, 1.63731, 12.1527, 10.4267, 18.2963, 26.2262, 27.1789, 3.85998, 29.6535, 1.69624, 5.41761 ], 
          [ 23.5451, 21.4624, 13.6462, 17.4241, 17.3644, 12.5281, 16.6669, 19.3964, 22.9727, 8.79526, 2.33802, 25.6272, 26.6238, 7.53759, 26.9228, 23.993, 25.3885, 9.58572, 16.2393, 1.31973, 23.1609, 9.45239, 23.1109, 8.92523, 4.07463, 7.91128, 11.2058, 9.16249, 21.8845, 6.94516 ], 
          [ 15.6483, 6.47677, 11.3048, 18.5582, 26.9568, 21.038, 1.44042, 17.6114, 21.7855, 9.01776, 29.7824, 24.8654, 7.50107, 3.39054, 3.66351, 5.13005, 10.3152, 23.0209, 15.223, 12.5884, 15.5953, 1.15938, 2.91962, 2.55753, 21.4286, 13.2394, 6.16056, 29.252, 13.3326, 10.1179 ], 
          [ 22.7388, 1.48474, 13.0614, 18.6042, 3.13366, 21.1851, 13.2342, 4.80672, 6.30914, 25.4946, 11.1544, 23.7113, 7.69614, 8.71021, 24.5511, 8.44137, 19.6985, 10.2382, 28.4314, 18.0776, 25.7907, 26.3966, 24.866, 29.5763, 20.7148, 4.12479, 29.6469, 5.46138, 18.3106, 27.0327 ], 
          [ 4.06952, 24.0267, 2.26527, 28.0183, 24.0407, 3.99144, 11.8574, 27.5009, 29.5895, 7.78072, 25.0011, 28.9645, 9.62603, 12.6904, 22.1675, 8.03019, 24.8041, 22.8895, 19.5333, 28.7551, 16.7534, 7.89072, 19.0542, 12.9033, 28.5622, 6.97579, 9.39328, 2.41522, 28.1663, 7.79762 ], 
          [ 10.3344, 19.8233, 1.17743, 23.4687, 25.8428, 14.4347, 18.3814, 27.7771, 29.4184, 26.0146, 24.3876, 29.9278, 21.3695, 7.19625, 13.5893, 2.87245, 10.7921, 5.00858, 11.9578, 1.27538, 4.88415, 17.4473, 16.1076, 24.5458, 15.1703, 15.0329, 29.1696, 11.7529, 9.9465, 22.1599 ], 
          [ 20.066, 24.2393, 8.49646, 11.5036, 12.7263, 3.82675, 12.0365, 13.3471, 11.8236, 2.00933, 18.6008, 12.1663, 9.82023, 13.4038, 7.03804, 26.6432, 12.3195, 3.42196, 7.07481, 12.9741, 5.58797, 5.83855, 15.8588, 3.99396, 14.3041, 2.69316, 20.3872, 8.88774, 28.2127, 25.3865 ], 
          [ 6.04906, 25.9483, 27.8722, 16.3926, 6.75265, 23.5787, 2.5258, 2.17261, 23.1587, 6.52418, 22.5943, 23.3993, 5.63738, 26.6502, 24.7356, 11.8298, 13.5613, 25.6624, 16.7455, 21.8903, 14.078, 25.8708, 9.8867, 16.2513, 27.221, 20.3125, 22.8146, 8.64557, 20.0004, 21.5631 ], 
          [ 7.54897, 18.983, 8.31866, 22.3273, 26.4685, 13.3129, 26.7093, 2.3967, 25.1231, 26.7208, 12.6772, 20.422, 7.90371, 22.7372, 2.14212, 21.9443, 28.4042, 10.7796, 18.513, 16.1724, 27.5418, 24.1543, 28.9913, 29.9632, 11.7063, 7.37547, 13.932, 15.914, 22.3289, 12.8806 ], 
          [ 9.63689, 19.2638, 12.8292, 1.46415, 10.4893, 20.8188, 28.554, 18.5585, 27.0441, 28.8282, 24.628, 13.9013, 10.0058, 23.2057, 7.23503, 8.66129, 25.6894, 21.6112, 12.7438, 3.24317, 6.07747, 9.00435, 18.616, 8.8713, 16.3436, 1.33583, 5.30312, 12.1409, 10.8078, 13.1315 ], 
          [ 26.6026, 21.1424, 14.008, 12.3688, 7.1526, 11.3797, 8.0107, 6.65425, 25.5593, 18.0474, 7.46492, 27.2974, 9.1738, 18.4604, 29.3487, 1.81651, 11.3769, 25.3307, 6.66323, 6.07585, 26.7798, 5.97203, 11.0566, 25.2722, 12.7936, 3.22317, 13.8492, 24.184, 17.7018, 20.0991 ], 
          [ 2.03836, 16.6363, 22.0183, 22.0036, 6.41192, 16.9759, 13.0172, 14.1881, 28.4041, 19.7858, 14.7788, 13.3925, 18.7762, 2.98096, 19.4194, 28.0984, 9.54564, 9.44041, 19.2708, 13.524, 17.3516, 23.9141, 4.39012, 10.3954, 23.3997, 6.48495, 29.6638, 4.40105, 6.84955, 17.8705 ], 
          [ 9.29934, 17.8015, 5.61261, 16.9682, 24.3581, 29.6449, 28.7085, 11.0082, 13.5203, 24.2205, 8.49025, 7.58539, 16.8926, 15.911, 28.1769, 22.6432, 8.51477, 3.04473, 26.0404, 5.64274, 12.85, 10.489, 25.5739, 28.0672, 14.4767, 8.68148, 8.85529, 26.1731, 24.1902, 9.47132 ], 
          [ 9.21314, 9.86793, 17.1414, 10.2288, 11.0776, 22.3019, 24.78, 21.5549, 14.5623, 26.322, 14.6743, 22.0813, 27.5645, 6.87479, 17.8471, 19.5015, 4.43077, 8.11776, 3.42029, 8.88695, 9.30965, 21.3373, 11.7256, 26.7171, 1.61615, 2.93529, 15.9519, 26.7484, 3.84986, 13.1954 ], 
          [ 14.4565, 9.14411, 9.16481, 24.928, 19.9006, 25.0203, 26.6233, 22.1515, 20.2329, 6.6363, 16.5184, 3.3235, 7.87689, 17.3255, 17.3055, 5.68221, 27.7584, 27.1826, 25.9013, 25.5285, 13.8936, 20.0114, 27.526, 6.56876, 10.9514, 8.4558, 29.3472, 16.0432, 15.0387, 25.8311 ]
        ]
      ];
r = [
        [52361,65845.9,58387.4,56310.9,57490,70844.2,62364.1,74891.4,76707.1,64400,77218.9,58660.5,57851.7,62338.5,76705.7,58860.4,62838.1,80991.8,80949.3,57703.7,70225.5,73667.7,64662.1,59196.7,62717.3,70471.2,80679.1,57943.9,66854.3,79680.5 ], 
        [72513.1,54939.1,70965.6,61769,69723.5,66555.9,75290.6,66641.4,50893.4,76919,75654.9,68038.5,78344,70206.8,55672.5,79484.2,78635.6,80348.3,73818.6,64857.3,80137.4,52365.3,77842.2,57554.6,66168.8,54285.5,76299.6,53448.4,81200.3,74677 ]
     ];
d = [
        [24160.2,36985.7,46239.3,56681.1,15280.7,78723.8,17542.5,55193.1,42508.9,41147.3,86312.1,69487.4,28486.8,38823.3,11903,78952.3,63330.5,15129.7,86139.3,88228.5,9252.99,6552.31,1977.25,47125.6,25577.7,66662.4,28438.4,67528.7,87837,21287.5,40163.8,18805.9,62705.4,73122.9,74330.3,42631.2,46864.5,37689.5,65702.2,4859.8,66789.7,21745.2,36097.6,73866.8,52219.3,74797.5,50215.2,18765,10601.6,18330.7,11659.4,58520.9,54517,75757.7,43406,23783.1,27552.4,80967.6,28926.6,56773.5,62816.2,13069.6,12716.8,5910.61,23097.2,25539.5,2931.71,22686.3,50126.3,76273.8 ], 
        [72508.8,46589.3,34258.3,61301.9,49540.1,14608.3,36246.9,19967.6,64661,23038.4,62848,78340.5,28884.4,38923.5,44739.2,15284.7,73715.6,1133.79,19412.7,89566.7,80963.6,56883.7,60439.2,28238.1,22622.5,1056.36,57171.9,11596.2,52158.5,86611.1,18052.3,56219.7,3720.09,1945.57,8035.82,45440.7,33860.6,66599.8,5336.02,19468.2,75599.8,33421.6,84503,17172.9,57308.1,4311.27,38271.8,44395,46598.5,45245.6,68943.7,2266.67,8414.51,87209,53331.3,82183.1,33930.1,87956.3,14078.8,35157.9,35807.3,59466.1,72722.1,82847.1,24397.6,66995.1,46769,53577.5,81569.2,47153.5 ]
     ];
