/***************************************
* STOCHASTIC OPTIMITZATION
* OPL S2FVPP Data Generator
* by Jordi Mateo Fornes
* Model = S2FVPP; Stochastic (2S) MIP 0-1;
* Representation = Compact Representation;
****************************************/
I = 50;
P = 30;
C = 70;
G = 2;
p = [ 0.02, 0.02 ];
pc = 0.04;
ORCHARDS = { 1, 2, 3, 4, 5, 6, 7, 8, 9, 10, 11, 12, 13, 14, 15, 16, 17, 18, 19, 20, 21, 22, 23, 24, 25, 26, 27, 28, 29, 30 };
CUSTOMERS = { c1, c2, c3, c4, c5, c6, c7, c8, c9, c10, c11, c12, c13, c14, c15, c16, c17, c18, c19, c20, c21, c22, c23, c24, c25, c26, c27, c28, c29, c30, c31, c32, c33, c34, c35, c36, c37, c38, c39, c40, c41, c42, c43, c44, c45, c46, c47, c48, c49, c50, c51, c52, c53, c54, c55, c56, c57, c58, c59, c60, c61, c62, c63, c64, c65, c66, c67, c68, c69, c70 };
CGV = [ 15.075, 14.9031, 26.9731, 25.9945, 4.71777, 23.0418, 25.8037, 22.8487, 8.7723, 8.88741, 16.2434, 25.0695, 4.24681, 1.94114, 24.7818, 26.1864, 8.2733, 6.31399, 14.411, 16.6397, 6.97935, 11.36, 2.25969, 2.90389, 12.3891, 17.1504, 1.95159, 9.44976, 26.7828, 23.7265 ]; 
s = [ 0.175501, 0.126414, 2.3974, 0.976897, 0.389485, 0.254069, 0.785552, 1.7604, 2.9087, 1.72036, 2.5746, 0.21623, 2.37649, 2.55237, 1.68782, 0.161135, 0.617743, 1.34921, 2.79438, 1.77381, 1.9295, 0.415973, 2.55923, 1.6271, 2.98831, 1.48429, 2.59465, 2.61128, 1.89025, 29.9982 ]; 
CSV = [
        [
          [ 13.5335, 8.10681, 16.0114, 15.4508, 25.8453, 4.74272, 27.6928, 14.2227, 28.7163, 20.6781, 28.375, 8.91128, 27.8551, 10.7842, 1.50183, 19.078, 27.963, 10.9972, 19.7676, 14.1254, 18.6262, 3.82168, 24.8962, 12.3814, 8.5112, 25.5531, 18.8655, 4.7482, 13.5689, 17.2045 ], 
          [ 22.9345, 26.3641, 1.79396, 5.21823, 7.06044, 5.96533, 1.95361, 10.1634, 8.46043, 20.8008, 5.85775, 18.5469, 1.30549, 4.55062, 10.3628, 4.18386, 11.9553, 5.90901, 17.8566, 1.90179, 23.8455, 10.1672, 1.2387, 2.52295, 23.7408, 4.46652, 6.99204, 1.83364, 26.8062, 7.89088 ], 
          [ 21.4964, 12.1663, 25.3553, 5.63879, 9.64294, 13.5742, 15.3126, 7.69101, 25.7681, 3.69045, 1.4095, 19.022, 16.6761, 17.5066, 27.3988, 16.7697, 15.5986, 7.90116, 25.9548, 11.6816, 28.7483, 16.9732, 4.43439, 8.08332, 1.07986, 14.7472, 22.9842, 13.3553, 28.9125, 16.9606 ], 
          [ 26.6982, 18.0485, 3.56314, 3.70542, 13.6222, 23.0228, 12.4304, 11.6855, 20.341, 20.1402, 5.35909, 18.2525, 15.9709, 16.9412, 1.53878, 13.011, 27.7707, 22.2615, 17.3795, 13.4214, 20.4565, 27.8748, 15.472, 6.52091, 4.51941, 17.2742, 26.3461, 22.1422, 13.511, 27.1735 ], 
          [ 2.79538, 27.3397, 15.2178, 23.8015, 15.3189, 1.5045, 21.8759, 9.68456, 16.1034, 20.7117, 28.2809, 10.0641, 17.6467, 25.9609, 29.9274, 12.7168, 25.5232, 1.16672, 24.6235, 21.5842, 26.2353, 28.6518, 28.0839, 14.5212, 12.4792, 10.9717, 5.91671, 3.76893, 14.5016, 19.8839 ], 
          [ 28.6797, 8.31374, 6.5027, 27.3033, 9.33616, 25.7445, 22.5822, 26.918, 22.605, 14.9981, 23.5123, 24.2741, 14.3106, 27.9488, 15.758, 11.675, 12.5696, 27.3259, 28.8128, 5.65213, 18.0135, 12.0175, 4.9486, 28.6264, 26.6476, 11.491, 22.1057, 20.1526, 4.38787, 1.14799 ], 
          [ 14.528, 27.9913, 24.9845, 16.825, 29.3425, 3.31581, 9.75972, 14.0135, 19.9332, 12.5055, 14.8471, 15.5601, 23.64, 15.9622, 18.5583, 3.81616, 25.9189, 2.76136, 26.3603, 28.7998, 10.6162, 8.54015, 10.3567, 28.589, 28.6483, 19.5458, 17.5938, 23.0004, 14.8826, 12.8657 ], 
          [ 28.5851, 3.86815, 3.69871, 21.9293, 22.47, 12.1927, 28.9832, 11.1807, 11.7042, 18.6154, 18.8251, 24.2067, 11.5078, 16.9433, 1.93409, 10.1295, 6.08952, 10.2536, 28.4541, 2.52624, 19.8398, 14.7638, 27.2878, 23.8769, 23.5209, 10.6297, 29.5512, 27.3778, 17.7044, 10.2848 ], 
          [ 2.52588, 13.8523, 28.1515, 16.0361, 1.78331, 28.0759, 1.638, 6.71304, 13.4691, 3.74047, 23.8572, 5.47972, 10.2445, 5.40354, 3.74378, 16.6052, 5.9905, 22.9944, 19.216, 19.982, 15.1127, 3.69307, 21.5322, 9.37695, 16.2342, 28.0978, 21.6358, 26.6049, 2.63447, 29.8812 ], 
          [ 10.4191, 17.982, 15.994, 2.40345, 25.8204, 25.367, 16.5218, 15.6126, 5.03251, 6.59213, 13.8458, 14.8386, 10.811, 2.82223, 22.5822, 2.66968, 25.7732, 23.6899, 18.6574, 22.5846, 14.8374, 4.88726, 6.47856, 3.83757, 6.74337, 21.5333, 3.14738, 21.2319, 4.79248, 16.3713 ], 
          [ 14.5933, 23.5444, 3.95832, 4.80622, 1.63327, 26.3013, 13.2479, 13.4959, 22.0066, 24.8168, 17.6713, 9.41131, 24.0982, 1.64045, 29.4782, 17.7534, 13.6505, 17.4228, 11.6891, 4.8722, 12.5387, 23.7626, 9.32371, 26.8781, 8.86558, 7.52711, 17.9013, 25.9647, 28.5151, 27.126 ], 
          [ 21.0565, 1.10798, 9.59789, 27.4647, 19.2612, 11.9309, 21.3674, 20.3058, 13.5909, 11.8853, 20.0508, 24.7222, 18.7847, 19.739, 26.2141, 22.2865, 6.15247, 16.7425, 20.5318, 26.8119, 24.1098, 6.69486, 21.6695, 18.8998, 2.69066, 22.8283, 28.5663, 18.2277, 8.09785, 14.0533 ], 
          [ 23.8626, 10.0922, 11.6664, 25.7603, 20.4097, 6.31408, 2.79491, 24.7195, 4.02954, 22.4068, 8.58386, 14.0976, 10.3226, 5.28259, 10.8733, 4.0564, 28.5134, 6.39884, 15.6623, 11.7163, 3.10946, 8.73046, 9.13217, 2.85005, 11.9888, 2.76223, 28.1045, 22.4346, 25.8112, 18.4338 ], 
          [ 22.2725, 24.8592, 2.848, 5.22344, 11.5086, 7.34068, 29.6002, 14.2659, 23.2864, 2.4043, 24.1483, 26.9702, 23.9956, 19.2934, 5.61272, 5.42744, 26.5217, 2.60456, 19.2827, 13.1367, 10.7177, 25.9607, 13.8443, 24.6311, 11.2774, 16.5796, 9.68039, 20.684, 19.5375, 2.72826 ], 
          [ 21.4455, 12.2336, 9.5196, 18.7243, 2.12583, 16.3773, 4.48493, 3.88366, 28.9467, 11.4322, 29.1059, 23.0546, 9.08008, 19.619, 21.0479, 8.69436, 1.98252, 6.76913, 3.00067, 14.4424, 13.1883, 24.2439, 5.988, 28.0154, 28.0327, 1.52433, 21.9064, 15.7105, 10.4241, 11.6231 ], 
          [ 4.58502, 19.5114, 3.08304, 29.291, 16.3895, 21.6921, 6.52979, 8.26731, 25.2608, 4.94619, 8.93475, 21.532, 6.1146, 8.71518, 17.4219, 18.9702, 17.5945, 7.22543, 22.3212, 26.6961, 13.6317, 20.9836, 16.9702, 26.5785, 18.8906, 13.8471, 17.0621, 21.7064, 13.2564, 16.6576 ], 
          [ 13.96, 24.4526, 1.37206, 20.5592, 21.2166, 14.1908, 18.7903, 9.63484, 16.4845, 2.3079, 3.14389, 21.3608, 11.3081, 28.0822, 26.664, 19.7922, 23.3709, 6.55189, 20.0545, 19.839, 26.3422, 8.91656, 7.37914, 12.4407, 7.19933, 5.79555, 19.3313, 9.47798, 17.7473, 20.8623 ], 
          [ 3.5588, 28.0312, 23.7993, 23.7029, 4.81409, 29.2423, 12.4715, 1.01332, 13.0191, 14.5252, 10.6625, 21.3129, 5.24436, 22.6535, 8.08908, 7.72917, 26.7779, 18.1219, 14.7546, 3.05506, 13.8842, 19.5543, 12.5982, 16.1788, 28.6462, 9.6271, 19.4613, 17.8297, 15.5094, 17.2793 ], 
          [ 23.8263, 3.3379, 21.4009, 5.05026, 6.47413, 13.2686, 22.8437, 6.27656, 25.7845, 8.54082, 19.5005, 8.53395, 5.65746, 29.2681, 19.9798, 11.9922, 27.4813, 13.6377, 1.95684, 18.7249, 25.4103, 6.97433, 9.53006, 10.205, 21.108, 8.80463, 20.2606, 25.5173, 16.5503, 5.99943 ], 
          [ 3.49641, 2.48335, 9.79118, 28.4903, 12.0881, 8.66745, 6.34265, 11.6343, 28.2069, 25.4701, 4.69404, 27.9115, 20.444, 9.46808, 18.6968, 7.41986, 20.961, 1.75175, 10.8086, 19.1447, 9.80006, 4.56356, 19.3726, 12.504, 29.522, 12.685, 17.4398, 23.1694, 9.60132, 13.5143 ], 
          [ 29.2389, 16.7462, 3.68143, 6.91994, 25.0291, 28.0696, 7.20407, 7.12452, 1.27524, 21.9531, 8.31291, 10.6287, 5.97432, 26.0029, 10.0183, 7.05518, 18.051, 22.8857, 9.48184, 8.76578, 21.7024, 14.7973, 22.871, 5.23327, 14.2584, 21.6451, 23.7018, 9.52317, 4.79766, 6.82112 ], 
          [ 8.81803, 21.8529, 25.7174, 18.3785, 27.0727, 23.1894, 22.813, 4.88872, 20.3655, 25.0884, 24.3784, 16.6699, 20.5526, 22.7048, 12.4535, 15.0016, 10.0155, 25.9273, 13.1956, 11.1736, 26.0564, 12.1448, 24.7692, 6.18298, 13.3812, 5.54121, 20.9923, 6.70606, 15.5357, 14.2613 ], 
          [ 22.7876, 11.5551, 1.29007, 21.9526, 7.93517, 22.9282, 22.6898, 10.0218, 27.9551, 5.65703, 21.0943, 22.8723, 3.87811, 5.94335, 16.1919, 5.21791, 4.06567, 26.2254, 18.5558, 25.0081, 11.5026, 27.6129, 19.4332, 2.79747, 16.2259, 19.1886, 11.8956, 4.26774, 16.4018, 1.58797 ], 
          [ 25.8884, 4.6704, 19.6029, 16.1896, 9.63218, 21.2804, 13.4593, 24.7645, 6.44524, 2.34164, 22.9674, 18.5777, 2.1636, 10.6239, 27.0294, 14.9946, 17.9016, 22.974, 23.5103, 12.8161, 19.3351, 1.0915, 29.1781, 28.0619, 9.69195, 26.2419, 4.59819, 21.6152, 6.12369, 11.0499 ], 
          [ 8.42937, 1.27047, 24.3081, 17.1796, 4.15285, 10.1318, 1.62447, 7.2588, 20.7428, 26.7171, 15.2471, 8.91923, 28.6703, 2.12704, 24.598, 10.1364, 10.3729, 28.1904, 4.50041, 9.20234, 12.3743, 18.6569, 25.3112, 17.4081, 8.14545, 6.18195, 2.51808, 14.9604, 4.15102, 24.488 ], 
          [ 10.4951, 20.3723, 13.3686, 3.93958, 16.3437, 11.0053, 9.85855, 15.8479, 21.4076, 4.49381, 28.8663, 18.629, 5.2118, 16.851, 21.9581, 22.0856, 21.829, 20.5964, 8.45044, 9.87914, 25.3135, 29.8751, 19.7273, 24.0643, 15.5911, 12.8658, 6.47775, 29.964, 18.546, 10.6277 ], 
          [ 8.8129, 21.8635, 6.84117, 19.907, 15.8048, 26.5437, 17.5123, 27.7697, 23.3865, 4.51184, 20.1133, 22.9927, 10.7736, 13.0102, 6.92814, 27.2324, 18.1967, 7.29222, 20.9325, 21.2865, 5.62791, 19.734, 9.71005, 20.1941, 22.3777, 18.2845, 29.62, 23.564, 12.5586, 23.6462 ], 
          [ 27.222, 18.5371, 25.6852, 10.5515, 18.7344, 13.9737, 19.364, 22.9579, 4.50133, 20.2631, 5.8629, 29.6372, 9.22135, 18.8841, 25.6542, 16.291, 16.2203, 19.0936, 17.7241, 24.7535, 24.4993, 19.6896, 6.80861, 5.00387, 29.2329, 26.1089, 24.5838, 5.15159, 19.0548, 21.2115 ], 
          [ 19.1998, 22.5977, 11.8583, 21.908, 3.7055, 21.9862, 22.9579, 29.3692, 6.98937, 6.56424, 26.7125, 29.3363, 8.5989, 1.34088, 27.037, 17.3808, 10.7762, 17.5724, 12.158, 13.9469, 28.0568, 1.45833, 4.4958, 16.9977, 25.5889, 8.59839, 28.7793, 29.9538, 10.7511, 26.7908 ], 
          [ 6.57194, 1.67995, 10.2766, 28.3646, 25.5941, 19.4465, 1.80609, 27.2478, 22.3324, 23.9233, 1.61855, 24.3605, 24.4733, 2.72406, 19.647, 18.6717, 20.5944, 18.5909, 26.7259, 23.098, 8.24954, 18.1733, 22.0809, 26.0973, 13.9667, 28.7885, 3.26139, 10.6961, 5.23923, 20.7392 ], 
          [ 23.6981, 13.0963, 7.99359, 26.9116, 23.5209, 12.8015, 14.5813, 15.5423, 17.7671, 4.58212, 12.0751, 28.7646, 25.7951, 6.79264, 11.3409, 23.3855, 20.8399, 3.04274, 1.64272, 17.6216, 9.41963, 6.31524, 17.1135, 12.1008, 21.722, 20.1464, 5.31208, 12.6176, 16.718, 22.0589 ], 
          [ 2.52796, 29.2493, 18.1194, 23.0168, 7.43192, 8.89682, 5.57879, 13.6939, 1.49989, 13.2589, 24.8293, 29.5029, 9.06354, 1.30087, 8.73816, 11.4368, 18.8422, 4.10082, 15.3001, 28.8146, 15.7456, 8.92235, 20.5083, 3.83293, 9.85773, 12.0372, 14.3428, 20.2462, 1.07381, 19.0561 ], 
          [ 21.7968, 15.4508, 18.8103, 4.14549, 14.1476, 11.2688, 24.8518, 16.7908, 6.36352, 26.3525, 20.9533, 18.7161, 8.05599, 1.30755, 2.64353, 28.961, 22.9876, 3.92071, 18.9682, 11.0052, 26.0295, 21.6149, 6.71673, 19.773, 19.8465, 6.34685, 13.6142, 1.03901, 6.22325, 28.3918 ], 
          [ 1.1851, 15.136, 27.3096, 18.4888, 9.35207, 1.65533, 5.59685, 21.7106, 22.2613, 7.24818, 3.52411, 11.5588, 13.5649, 26.3383, 8.43463, 18.5576, 2.75519, 6.25117, 3.52161, 27.9229, 17.3103, 11.782, 22.962, 3.01122, 28.8298, 6.06693, 9.43174, 12.104, 1.74706, 11.6105 ], 
          [ 19.2896, 27.7462, 26.0057, 23.6932, 26.4324, 8.83479, 8.48787, 21.1565, 18.5409, 10.1838, 13.6749, 3.51564, 19.7894, 4.14787, 28.468, 23.3217, 12.1432, 13.8159, 21.3581, 21.0017, 16.9433, 4.83155, 28.2405, 19.5657, 17.5736, 14.2463, 17.726, 5.17669, 10.7336, 27.3099 ], 
          [ 14.8722, 2.65404, 9.37533, 15.0727, 27.6523, 22.1929, 12.7714, 7.4671, 4.29535, 8.81906, 1.36285, 22.9979, 26.2274, 14.6638, 7.05891, 5.74009, 6.78923, 16.256, 24.2119, 1.40875, 1.73105, 20.7951, 1.35935, 12.2826, 17.0574, 7.25003, 18.1979, 9.20448, 14.6538, 7.34887 ], 
          [ 13.0481, 24.8616, 13.5743, 17.0145, 6.4081, 17.5517, 24.7145, 2.46092, 17.3325, 27.4891, 2.44115, 20.8689, 1.66245, 25.6604, 24.2252, 28.3026, 14.6554, 7.92613, 28.3279, 29.8842, 1.533, 13.7795, 27.5553, 4.79311, 29.1537, 26.7814, 15.8459, 2.51267, 16.6118, 11.678 ], 
          [ 1.6578, 12.6346, 29.0647, 7.19782, 4.89994, 19.4923, 14.7, 13.678, 17.8892, 23.1849, 16.3914, 28.7812, 9.55506, 19.557, 26.9152, 2.88676, 28.7112, 20.1598, 23.7394, 11.4606, 7.14891, 23.6498, 21.1659, 13.1369, 22.0583, 9.1307, 27.3258, 20.7455, 26.4261, 16.7486 ], 
          [ 3.9872, 17.1846, 9.67129, 6.62342, 22.3834, 23.4025, 25.7787, 17.2052, 2.07958, 5.23663, 12.443, 26.4637, 25.7118, 8.68315, 10.631, 18.3007, 3.25577, 22.816, 13.6188, 18.293, 17.0052, 1.97951, 18.3567, 20.5789, 15.8314, 24.1727, 1.12574, 11.1627, 15.5133, 6.38821 ], 
          [ 11.2028, 23.9196, 11.9791, 24.0522, 11.2992, 23.9615, 19.2982, 23.8021, 7.90428, 8.8382, 16.488, 5.07192, 1.11304, 19.1623, 17.7212, 3.86853, 8.05335, 21.1097, 20.2706, 25.2074, 14.5648, 7.45871, 14.0872, 21.7901, 19.1914, 23.3995, 23.201, 15.8277, 20.0005, 9.69483 ], 
          [ 26.9009, 23.2597, 5.10989, 19.7315, 6.64374, 26.1073, 22.1868, 24.9571, 7.98286, 7.9003, 5.51044, 8.92177, 28.1942, 24.3183, 20.6809, 19.1232, 1.71452, 16.41, 13.9552, 15.1878, 18.2785, 3.97637, 22.4578, 6.80759, 5.83132, 11.0699, 20.3202, 6.9733, 23.162, 6.97125 ], 
          [ 16.5781, 23.9878, 16.6422, 25.7177, 2.97069, 2.98295, 4.70865, 16.3536, 23.8972, 1.48522, 20.388, 16.3932, 22.5132, 17.1742, 13.9832, 9.28364, 25.748, 25.1747, 28.4557, 4.31275, 8.39237, 24.3702, 26.051, 17.657, 17.7508, 6.21618, 15.9719, 21.7372, 1.49231, 29.6582 ], 
          [ 18.0023, 29.9071, 22.25, 19.7574, 29.5103, 5.67732, 22.3898, 5.27244, 18.1546, 22.5665, 5.03722, 8.52615, 18.2193, 28.0089, 23.2153, 3.31074, 8.04132, 5.35771, 25.8262, 16.6672, 29.2139, 3.93709, 2.90131, 18.3734, 22.3108, 21.8812, 9.37473, 2.51174, 13.0895, 11.656 ], 
          [ 21.9632, 27.3165, 24.864, 4.60889, 14.993, 14.972, 27.98, 6.30201, 5.10348, 25.8281, 19.9871, 6.50587, 28.5839, 19.7597, 3.17635, 5.62733, 10.408, 7.90866, 25.5505, 14.2179, 22.5957, 17.2109, 17.2715, 10.0188, 5.99689, 7.64108, 19.0515, 14.203, 10.9718, 12.0021 ], 
          [ 19.9013, 1.55084, 25.2151, 23.1071, 25.9234, 25.6805, 6.46027, 25.7959, 21.3368, 6.27862, 6.87545, 16.691, 8.57154, 24.799, 29.6014, 6.644, 19.5687, 18.074, 5.76888, 29.2116, 26.4011, 19.2441, 28.5643, 12.551, 8.46551, 2.25691, 27.4141, 14.7893, 24.9948, 19.5289 ], 
          [ 17.1882, 29.8346, 22.7236, 22.7396, 15.1172, 11.0218, 9.9909, 8.32695, 23.5873, 14.9295, 13.4821, 10.477, 17.5871, 22.9272, 19.7571, 22.378, 14.4511, 9.92291, 24.4832, 3.12446, 11.6911, 10.938, 6.1877, 26.26, 12.5741, 10.4354, 13.3698, 1.68979, 19.275, 12.5665 ], 
          [ 11.7177, 1.25451, 7.58606, 22.0957, 2.69119, 2.44942, 5.55063, 22.8347, 4.96426, 1.567, 9.22611, 7.31783, 17.5339, 17.0935, 20.21, 2.55207, 21.6494, 20.8684, 25.982, 12.8409, 22.3549, 29.251, 15.2078, 9.63494, 10.1744, 21.2053, 18.1038, 21.7911, 3.50925, 7.84085 ], 
          [ 2.98943, 18.8734, 5.52351, 15.5567, 21.3641, 29.8111, 3.9928, 18.7864, 11.4108, 3.20199, 16.237, 25.2044, 27.563, 1.25744, 21.3562, 1.23423, 7.85271, 17.6699, 29.9202, 4.21392, 15.5225, 2.63418, 18.7329, 2.94429, 26.8691, 28.8625, 3.50288, 12.8689, 19.389, 28.7728 ], 
          [ 7.62551, 11.0076, 22.6821, 3.17143, 25.3688, 10.1132, 17.9028, 23.374, 11.4511, 10.0437, 3.09484, 6.12847, 13.9356, 28.1352, 25.4807, 11.5521, 25.576, 11.2737, 23.6645, 22.6693, 4.87345, 12.0715, 17.7073, 8.34838, 21.998, 29.3152, 14.4222, 4.48417, 28.2811, 21.9698 ], 
          [ 4.89112, 21.201, 5.69875, 4.80638, 8.53504, 21.6497, 7.02267, 8.86662, 6.86568, 5.28328, 18.0767, 8.43526, 3.85673, 5.35009, 20.3511, 14.5726, 24.5773, 2.85965, 24.1593, 29.2392, 20.3659, 29.5284, 29.4813, 24.114, 23.6402, 27.036, 16.5355, 15.8262, 8.39601, 1.28674 ], 
          [ 17.3127, 3.05878, 26.8295, 28.6145, 13.9682, 2.6291, 21.2927, 11.1037, 8.91584, 6.16753, 4.60533, 27.1407, 19.3033, 16.2331, 9.63635, 24.5557, 8.073, 16.5517, 5.89345, 15.8091, 20.5506, 15.2936, 24.8291, 6.7993, 7.28734, 3.44967, 12.7993, 6.96132, 24.8901, 22.9543 ], 
          [ 16.2725, 25.1752, 27.5688, 19.3343, 20.6519, 13.1103, 3.18541, 16.5691, 20.8258, 20.9937, 6.15107, 20.7991, 13.2226, 16.2154, 26.9677, 21.3675, 6.8309, 22.9871, 9.7561, 25.4364, 4.76989, 1.25357, 14.7972, 9.94664, 22.2389, 14.1899, 7.30593, 1.98701, 25.6369, 20.1233 ], 
          [ 17.8195, 22.221, 18.0888, 14.6277, 7.97206, 4.2589, 24.1022, 18.1302, 12.3015, 7.7753, 19.6583, 9.83552, 17.9939, 28.9309, 27.2056, 20.1774, 12.3808, 1.10102, 20.014, 12.4556, 26.4324, 13.9285, 19.9328, 7.22917, 6.85067, 20.9221, 9.42203, 4.30863, 8.0191, 3.49378 ], 
          [ 22.7037, 14.365, 3.83361, 9.2305, 15.8666, 4.69024, 22.1681, 23.7861, 4.77326, 1.38314, 8.8082, 17.5863, 21.0061, 2.47838, 19.3189, 27.8294, 13.8915, 12.1983, 18.5923, 21.5807, 9.78584, 9.87864, 18.9294, 20.166, 3.46013, 25.2426, 24.2338, 1.25495, 4.33606, 2.9781 ], 
          [ 1.22418, 15.017, 25.5687, 17.9848, 5.88583, 26.6357, 17.7132, 25.3167, 5.99484, 22.7555, 21.278, 28.2505, 25.1106, 6.84267, 13.0627, 19.2294, 17.7397, 7.33444, 18.7032, 1.82756, 14.0732, 6.90032, 3.92268, 13.182, 18.6437, 6.11475, 28.7843, 15.2399, 26.6596, 5.88756 ], 
          [ 24.2031, 17.8969, 3.36762, 4.01432, 27.0426, 11.4096, 27.9066, 22.6991, 15.9472, 22.8794, 22.1228, 28.1296, 12.9903, 20.1457, 15.9724, 14.4703, 10.5399, 23.7385, 20.3545, 12.6257, 22.3195, 7.71256, 23.4822, 6.92529, 23.4338, 4.53522, 22.282, 25.2946, 24.9258, 21.5319 ], 
          [ 22.9767, 27.4205, 9.87647, 21.0342, 4.47556, 7.79543, 5.96925, 7.61001, 2.72618, 9.89848, 11.2954, 23.8615, 28.1084, 10.4341, 13.3026, 23.7732, 20.5007, 15.299, 20.5923, 11.9217, 8.81986, 13.5185, 19.9065, 14.7521, 20.5423, 29.3935, 3.13162, 14.9841, 12.4687, 26.9949 ], 
          [ 18.2586, 24.4611, 5.84535, 28.9316, 5.1976, 9.76979, 10.6937, 2.85159, 15.9932, 6.49867, 13.389, 2.02466, 23.2861, 22.8206, 24.7604, 21.8801, 28.6918, 21.2735, 12.4362, 12.4792, 27.5309, 21.1142, 11.9726, 3.70965, 3.68933, 12.2256, 3.55983, 1.1565, 1.47958, 9.40886 ], 
          [ 17.1811, 4.93777, 11.1581, 5.52017, 7.45506, 7.88849, 6.2843, 26.8137, 26.4289, 10.0468, 8.41226, 12.0644, 5.28831, 13.4867, 5.16091, 6.53681, 9.36488, 18.0438, 20.9634, 23.8166, 3.90203, 13.9818, 9.90852, 16.3559, 1.35249, 21.8461, 4.51731, 24.9163, 1.93729, 1.88586 ], 
          [ 1.91283, 22.0269, 25.2451, 6.07538, 25.4849, 23.0816, 5.8984, 25.9241, 18.4165, 1.96167, 1.22682, 4.77905, 11.897, 6.33351, 13.7446, 7.81976, 2.45354, 24.3065, 23.8633, 29.7218, 4.38275, 13.202, 1.77132, 19.4941, 14.9073, 16.0324, 15.8723, 21.5595, 17.3635, 24.6915 ], 
          [ 26.0476, 23.1255, 12.6403, 28.1963, 5.02562, 4.02687, 18.2636, 3.88698, 3.28671, 9.9008, 10.2068, 23.5432, 9.18173, 27.656, 15.2642, 15.1626, 4.86692, 21.5255, 23.6359, 22.8698, 4.20819, 9.21065, 14.2539, 26.0123, 5.8735, 22.3962, 12.7614, 23.2277, 6.17951, 26.1277 ], 
          [ 20.5033, 12.3636, 6.29684, 12.0937, 8.14284, 10.6196, 10.7553, 27.889, 17.943, 4.53224, 16.9529, 9.34746, 6.2257, 17.8888, 29.493, 24.6264, 29.2773, 2.90777, 28.8851, 11.7725, 18.5505, 12.0399, 23.8119, 1.43827, 10.2627, 29.9524, 19.6402, 14.9462, 10.347, 29.9196 ], 
          [ 28.2514, 7.45888, 22.7878, 2.78943, 12.7408, 19.1588, 12.6647, 10.2179, 26.4709, 29.2154, 11.4141, 11.6619, 3.62679, 28.4232, 5.03458, 4.60431, 11.1477, 27.9625, 1.53968, 10.8898, 22.3246, 10.6294, 8.98567, 4.0754, 15.6581, 26.8091, 21.1829, 29.6556, 9.82601, 29.7379 ], 
          [ 4.67537, 1.99243, 27.5733, 1.05938, 6.46467, 10.3131, 24.6604, 26.8457, 24.5066, 6.11959, 5.04772, 7.5499, 15.2943, 26.6857, 26.4192, 6.97778, 24.9625, 2.40073, 19.0473, 1.33819, 19.5128, 25.3811, 7.21696, 6.28345, 25.7698, 14.9849, 9.92478, 20.9758, 23.5657, 21.6659 ], 
          [ 8.08011, 6.50674, 22.1093, 3.41459, 10.481, 15.5627, 18.522, 20.2116, 29.025, 17.6579, 10.3482, 27.2562, 28.8622, 4.88696, 7.91799, 27.293, 10.0885, 19.2855, 22.7211, 4.34872, 29.9956, 17.4498, 23.0601, 25.9773, 19.4632, 22.6118, 26.3881, 7.09013, 11.6178, 18.505 ], 
          [ 1.82324, 17.1488, 25.3305, 12.9188, 1.35836, 13.1854, 21.9782, 6.37081, 9.11483, 23.0193, 17.574, 6.52214, 6.05799, 27.0301, 27.2119, 26.0152, 4.51678, 13.4077, 18.6808, 17.5369, 8.27189, 13.6663, 17.482, 18.1479, 1.63151, 27.5954, 20.249, 2.80681, 3.8739, 5.56095 ], 
          [ 26.063, 22.9431, 23.1012, 13.792, 21.7745, 2.35535, 4.15802, 14.6307, 17.7799, 26.3827, 23.4457, 6.69876, 11.8562, 1.47265, 1.69908, 24.3739, 16.4361, 16.7238, 7.70483, 13.327, 24.7062, 7.85762, 2.87704, 22.7047, 29.244, 10.6631, 4.71781, 4.42697, 22.6012, 18.1331 ], 
          [ 16.0839, 26.7993, 2.35741, 27.3456, 15.793, 19.8198, 15.8789, 10.4619, 27.5779, 24.1782, 20.3399, 14.9922, 14.2901, 19.4903, 22.0292, 2.92258, 8.64772, 17.1854, 14.2239, 12.4066, 5.25373, 7.58012, 15.4081, 28.478, 10.9883, 27.7157, 5.76917, 22.8491, 3.34598, 20.1135 ], 
          [ 22.6481, 19.7383, 16.2094, 2.14423, 28.5174, 14.9627, 9.17482, 2.36461, 11.4695, 6.47175, 26.6936, 20.9506, 23.6943, 12.0638, 11.5627, 15.1654, 13.2974, 12.2901, 18.5281, 3.10732, 13.5359, 22.2312, 23.329, 2.21639, 28.9244, 14.1602, 13.7314, 11.6978, 13.1176, 4.09816 ], 
          [ 4.73695, 28.7888, 25.8189, 8.93088, 26.2354, 17.4594, 21.3229, 20.4387, 21.8005, 1.14421, 27.7415, 13.8126, 2.38611, 14.3643, 25.2466, 9.04744, 21.5926, 20.6463, 9.41206, 10.4996, 7.73546, 6.43694, 20.6989, 9.82138, 25.6413, 13.5243, 8.58512, 21.7786, 4.78968, 11.2519 ]
        ], 
        [
          [ 15.2602, 17.2615, 18.7698, 29.1738, 21.6432, 20.0382, 25.7821, 9.15675, 18.0519, 20.7292, 28.307, 11.1608, 17.9629, 14.4282, 3.26955, 7.90103, 1.68279, 20.1323, 20.8146, 6.06427, 25.5254, 1.61653, 7.56208, 27.5375, 26.7908, 23.211, 24.5875, 27.3535, 14.9362, 18.9619 ], 
          [ 3.39392, 12.1326, 19.7723, 21.4616, 7.16488, 17.086, 2.17549, 6.87104, 14.144, 29.7974, 19.7433, 20.0297, 28.9588, 6.64982, 24.0455, 2.48828, 15.9355, 26.6751, 10.8171, 13.614, 5.42041, 21.771, 10.1134, 8.27531, 10.0412, 11.2247, 18.8427, 14.9844, 10.4496, 3.00004 ], 
          [ 24.4569, 18.6703, 1.62736, 26.7739, 5.90954, 6.16016, 21.3803, 6.14671, 18.4481, 10.1837, 11.6855, 11.342, 20.2594, 2.5226, 27.4735, 8.18969, 19.9247, 17.9401, 16.8792, 16.1684, 28.4077, 12.0668, 15.4304, 11.112, 5.64011, 19.8731, 6.07685, 1.80014, 29.6509, 7.72139 ], 
          [ 13.5193, 1.21786, 9.44226, 18.5855, 28.9924, 6.89317, 19.8487, 23.697, 6.44065, 24.7703, 14.2784, 23.755, 12.4503, 16.9813, 5.24337, 16.6275, 26.5991, 9.22327, 29.7778, 1.14157, 29.1963, 27.0163, 21.195, 1.76344, 29.749, 21.5016, 26.7891, 22.3279, 19.3461, 27.7295 ], 
          [ 4.03159, 25.2215, 23.834, 27.3907, 23.7968, 5.81642, 26.1482, 21.2174, 25.0518, 7.50361, 12.9321, 21.4856, 8.87781, 19.6488, 22.7689, 1.33348, 27.8333, 24.315, 17.9805, 5.22671, 10.4751, 29.2327, 20.1696, 11.9928, 23.9574, 12.9423, 4.63478, 17.1999, 28.7595, 28.4963 ], 
          [ 4.86719, 24.2789, 11.0731, 15.0348, 18.5264, 15.623, 20.2281, 23.0204, 23.6383, 8.19474, 29.8873, 29.4659, 29.1152, 25.7651, 14.9205, 29.6598, 8.52562, 2.2411, 7.82827, 8.15063, 2.41666, 21.126, 6.48697, 1.00458, 15.6994, 15.5338, 22.2991, 7.88933, 28.5076, 20.5469 ], 
          [ 17.2892, 10.9994, 8.87977, 29.3478, 21.4485, 18.3529, 27.2065, 8.10473, 7.13514, 7.78585, 13.1285, 20.9914, 9.95116, 17.3319, 20.8338, 22.913, 28.1665, 29.3673, 3.92169, 18.0001, 23.8393, 26.7334, 3.71596, 20.0429, 23.6493, 11.5015, 3.09889, 28.1909, 21.7694, 8.53829 ], 
          [ 5.50928, 6.46521, 9.66222, 4.77225, 29.5677, 20.3745, 22.6124, 12.7712, 16.6801, 1.72144, 8.1057, 29.9618, 25.7761, 11.0709, 7.03656, 1.2825, 2.64981, 10.5351, 8.24059, 19.4147, 9.52531, 11.2646, 8.19318, 20.2947, 19.6677, 18.9451, 10.8996, 11.8127, 18.289, 29.6016 ], 
          [ 9.665, 5.78494, 8.51712, 8.59742, 18.6764, 5.59634, 8.3877, 14.3026, 17.6202, 6.23989, 24.4611, 20.6755, 25.3495, 17.7658, 14.4075, 5.51163, 9.07508, 25.6197, 29.5427, 11.8943, 24.4275, 20.8558, 14.7055, 5.42432, 22.1767, 20.2648, 16.2448, 27.5889, 22.2652, 2.2427 ], 
          [ 2.25773, 11.5068, 1.56525, 15.8615, 29.8654, 10.7272, 12.6899, 6.85428, 23.3116, 9.83952, 20.107, 7.01194, 27.7291, 22.4584, 4.65987, 19.2139, 1.46164, 24.7824, 26.5079, 11.9813, 26.3508, 10.0825, 24.3601, 14.9696, 21.6925, 11.3326, 29.9107, 16.3608, 26.1624, 9.0134 ], 
          [ 28.4392, 21.1515, 6.2588, 11.9141, 13.8061, 15.8914, 12.2703, 4.38684, 21.9456, 5.38159, 8.35716, 10.0855, 20.7891, 19.8372, 1.09099, 9.77815, 17.6371, 15.1357, 26.4258, 26.1601, 17.9072, 7.41691, 14.8354, 1.26616, 23.8512, 17.5531, 13.7752, 24.513, 17.8159, 17.4784 ], 
          [ 24.3709, 18.8369, 14.3522, 16.8525, 13.3857, 20.3168, 14.1962, 29.7212, 5.82557, 4.00236, 21.3428, 3.73864, 16.1976, 29.1675, 16.4259, 2.38291, 19.6751, 6.58348, 26.8252, 22.1359, 11.2819, 2.76431, 20.5785, 14.8686, 8.72016, 26.6143, 23.4337, 10.6185, 7.54681, 27.7998 ], 
          [ 24.04, 17.4885, 5.2023, 9.58742, 29.4434, 23.2986, 15.7715, 20.6036, 18.7023, 4.33696, 28.9498, 12.427, 15.2453, 15.3533, 19.2702, 23.0242, 4.53921, 11.0163, 15.1194, 5.50435, 4.68977, 3.42766, 21.6109, 9.54675, 6.96925, 24.5768, 4.32075, 11.4647, 6.6658, 17.9552 ], 
          [ 27.851, 13.2077, 11.7625, 14.0588, 9.66337, 18.9901, 29.9752, 22.9188, 27.0243, 16.6173, 7.19357, 2.6787, 25.3574, 13.7141, 19.1432, 25.07, 12.2791, 9.13345, 2.00465, 8.34179, 12.6266, 1.84106, 15.0043, 29.6784, 12.808, 21.1069, 24.2717, 20.9928, 3.54135, 2.34075 ], 
          [ 22.4379, 25.4281, 21.3228, 4.24409, 21.3159, 28.2096, 6.40824, 16.6129, 7.67465, 6.50574, 5.12833, 7.42636, 1.96825, 13.7579, 21.9307, 22.2987, 13.2603, 17.8752, 18.7011, 6.18395, 20.123, 8.27333, 11.0757, 29.418, 1.06565, 12.6699, 3.61587, 24.5867, 3.47737, 10.0935 ], 
          [ 5.18211, 1.27152, 13.911, 4.17482, 24.576, 6.5971, 18.7047, 3.08061, 3.24011, 13.5637, 4.41141, 2.71538, 23.4404, 19.6054, 25.6305, 11.4804, 9.8801, 29.4653, 2.63034, 13.5492, 12.1484, 3.16253, 27.4965, 1.64487, 13.9347, 23.4582, 9.00614, 25.9082, 13.0168, 22.5426 ], 
          [ 26.3916, 8.86627, 4.93952, 22.4871, 5.178, 27.575, 6.25057, 6.0376, 29.2933, 11.3448, 18.1578, 8.36198, 24.4196, 7.02382, 9.06072, 7.23243, 26.2509, 26.345, 13.9498, 16.2034, 12.2735, 27.4419, 25.2492, 27.5128, 16.2117, 22.3211, 29.9972, 22.2245, 4.85871, 1.47376 ], 
          [ 8.32852, 1.12093, 22.024, 27.8165, 15.549, 24.9197, 3.2861, 10.0083, 18.8705, 13.1441, 4.49397, 12.9712, 25.3074, 29.3017, 21.8814, 17.1175, 14.3799, 27.022, 6.99327, 27.9026, 28.6379, 7.04088, 18.1163, 24.6174, 20.4819, 13.63, 22.7258, 17.4344, 9.1888, 8.95943 ], 
          [ 9.08828, 7.08292, 18.8922, 6.62828, 22.935, 1.89935, 24.6583, 27.0401, 10.7664, 22.9915, 6.63971, 4.06488, 9.03053, 25.0223, 20.0452, 29.8778, 7.0246, 4.69336, 7.2586, 18.3514, 13.2342, 9.93126, 8.85658, 22.5763, 5.97362, 11.7146, 3.84841, 23.496, 21.4186, 15.6058 ], 
          [ 9.73731, 21.1112, 10.0952, 13.5229, 7.68325, 10.1409, 12.4348, 10.6002, 7.67074, 7.48067, 22.6811, 20.1345, 8.24398, 3.66086, 20.2258, 12.3415, 1.28242, 17.5462, 2.78429, 17.7906, 25.9074, 1.63139, 3.69623, 28.0789, 12.2631, 21.6391, 16.3447, 15.2216, 9.27264, 13.0385 ], 
          [ 3.60054, 27.4951, 14.696, 21.8801, 11.7344, 13.8068, 5.6039, 9.79684, 27.9549, 19.9401, 6.24774, 20.6062, 14.7328, 13.2403, 18.7889, 27.9275, 8.58875, 5.12506, 3.21919, 9.50365, 5.45406, 3.80229, 8.60969, 27.3609, 10.1685, 27.7604, 11.444, 20.154, 27.1241, 18.6983 ], 
          [ 21.9872, 29.7251, 24.9914, 7.31143, 14.0764, 9.32028, 20.7476, 20.0586, 25.6752, 29.0027, 8.56932, 13.6919, 8.45993, 3.16435, 5.35509, 8.79233, 6.5323, 10.6941, 5.77561, 15.2756, 17.9509, 7.85299, 16.9363, 15.8681, 16.7121, 3.93668, 15.6647, 26.6663, 16.8956, 10.1492 ], 
          [ 8.9231, 1.21546, 18.6798, 4.01232, 22.6703, 2.81135, 6.07178, 8.67343, 1.35422, 9.89467, 17.3133, 9.07912, 6.41189, 6.41926, 19.7882, 2.80984, 8.07363, 26.9455, 20.0524, 13.1453, 29.1324, 14.905, 9.109, 7.37088, 5.66249, 8.54794, 13.8797, 16.1063, 4.27176, 20.5605 ], 
          [ 13.8352, 18.1897, 28.8862, 16.2194, 13.8424, 27.9226, 20.4234, 25.6107, 26.5014, 26.8973, 29.4773, 24.1028, 5.71796, 10.5379, 27.499, 2.22736, 21.231, 14.3061, 11.7426, 22.6561, 2.31153, 3.72906, 8.91485, 26.5615, 4.97721, 8.10751, 27.2208, 24.2395, 4.10051, 28.4908 ], 
          [ 22.3067, 26.3549, 9.42792, 22.234, 5.56088, 8.74436, 26.1084, 26.2263, 29.7272, 17.3093, 13.3651, 15.3961, 7.73665, 21.1129, 26.4081, 10.3993, 19.8003, 25.8128, 2.52799, 1.02492, 23.394, 13.9992, 9.4165, 28.1182, 4.23028, 15.2937, 5.74527, 1.87004, 2.99751, 6.59576 ], 
          [ 3.89435, 3.84117, 24.1545, 9.47765, 28.076, 29.9722, 15.6647, 16.5624, 1.75589, 25.0341, 14.6303, 7.6303, 19.9804, 27.6929, 8.04412, 25.6901, 3.79515, 28.6424, 29.2597, 16.0254, 6.54048, 8.74537, 16.9514, 6.59677, 7.74328, 2.08855, 4.72549, 13.7058, 12.5718, 27.5788 ], 
          [ 22.4299, 14.273, 20.75, 5.57042, 28.837, 12.8562, 10.7042, 20.5056, 26.322, 15.3955, 12.5359, 19.9123, 25.2959, 24.5839, 10.7543, 21.5816, 25.7951, 24.8569, 6.93395, 26.0403, 4.25291, 15.8933, 10.8838, 24.0781, 28.6076, 3.98598, 8.81791, 29.4784, 23.279, 23.921 ], 
          [ 23.4838, 1.07262, 2.54588, 25.7078, 29.1256, 28.9172, 25.2293, 20.4781, 29.691, 25.4643, 13.6414, 19.3209, 20.9293, 8.01868, 2.07738, 15.5756, 16.7837, 15.1938, 9.65148, 27.9936, 25.272, 1.5846, 27.1296, 26.5248, 27.9067, 1.70027, 28.3418, 27.1624, 28.298, 18.6053 ], 
          [ 16.7373, 29.9106, 7.15576, 9.70752, 29.9169, 4.1688, 13.8479, 7.83148, 6.1655, 8.97628, 29.6555, 29.3742, 22.7677, 4.57572, 14.1757, 20.5369, 8.01588, 27.9383, 10.1637, 2.10327, 24.9582, 7.49744, 5.33997, 17.68, 19.6969, 22.6115, 2.62218, 20.1689, 11.8444, 14.8533 ], 
          [ 2.61246, 29.7283, 4.26617, 15.3909, 18.3101, 7.26446, 7.8918, 16.0442, 20.6112, 15.6456, 10.1051, 7.71105, 19.1448, 22.1647, 10.696, 9.45291, 10.8955, 25.4831, 21.1308, 17.2994, 23.6075, 7.08988, 4.29867, 20.7961, 25.7581, 20.086, 3.23942, 22.2284, 2.29171, 28.4303 ], 
          [ 26.9125, 2.82115, 22.468, 10.013, 13.6788, 12.7852, 22.7052, 10.6395, 22.9945, 24.6672, 20.7548, 13.0709, 17.4222, 18.8307, 29.5469, 18.8781, 18.1556, 3.07432, 18.8039, 14.9285, 19.4141, 29.1839, 28.412, 8.045, 8.88028, 20.8463, 6.33339, 26.6107, 4.95401, 25.7304 ], 
          [ 12.1191, 14.7645, 13.8161, 23.4221, 22.673, 24.5761, 11.1112, 29.6102, 27.6968, 12.5112, 10.6577, 10.1177, 29.4235, 9.13899, 9.10467, 25.5942, 20.4835, 23.0611, 18.9313, 16.2449, 21.5809, 2.08421, 4.64688, 11.6709, 11.3545, 5.34343, 8.5013, 27.5204, 16.5868, 1.17216 ], 
          [ 21.9842, 9.40981, 26.2462, 23.4539, 25.0315, 20.2227, 3.32017, 9.8583, 10.7259, 1.61882, 26.8318, 16.6663, 16.9131, 17.0733, 5.3281, 17.1493, 17.5547, 1.88458, 5.92784, 27.1902, 2.09876, 17.0053, 15.518, 22.033, 29.2703, 29.6817, 26.1257, 25.8513, 23.1009, 8.64635 ], 
          [ 7.26818, 8.0679, 14.904, 6.69526, 22.6477, 15.4036, 11.7066, 13.812, 7.5936, 17.2717, 27.4971, 18.2518, 22.2624, 26.8436, 8.79302, 29.7651, 1.92475, 22.5368, 19.1235, 20.5274, 26.2153, 3.74051, 8.03911, 4.41439, 3.85704, 26.7075, 14.5657, 9.91239, 17.1653, 1.98564 ], 
          [ 29.2146, 28.2485, 2.91456, 10.3679, 11.9993, 17.7547, 14.4126, 8.31776, 24.7659, 2.88753, 17.8939, 18.3407, 22.5217, 25.1437, 22.0973, 9.85899, 24.9035, 8.97609, 19.5088, 9.42569, 8.36551, 16.0111, 21.9095, 22.248, 15.0577, 9.10039, 15.1595, 14.5811, 14.9552, 17.1476 ], 
          [ 28.8112, 5.11024, 7.46245, 21.9678, 12.3355, 22.8845, 20.3033, 20.5161, 6.95312, 20.4796, 14.0682, 13.047, 15.9589, 22.2371, 11.3073, 27.052, 27.0989, 2.56152, 2.44299, 1.32744, 21.6255, 19.2536, 27.6344, 16.9759, 9.60085, 22.1564, 20.683, 13.573, 3.44331, 15.9577 ], 
          [ 28.2524, 5.0693, 4.97643, 25.0726, 11.9636, 2.33118, 12.6405, 15.929, 18.5221, 12.8683, 26.7075, 19.0915, 1.82909, 11.1289, 29.5484, 11.1121, 12.7641, 26.4329, 7.42277, 8.79005, 12.594, 11.8058, 15.1586, 29.9449, 16.9548, 18.6037, 9.65482, 13.3791, 13.3739, 3.10628 ], 
          [ 15.2051, 5.17423, 5.50465, 17.4455, 5.44437, 15.9363, 20.957, 18.6554, 28.2393, 29.1226, 27.6449, 28.4721, 25.1672, 20.4452, 16.0613, 6.1288, 1.22837, 3.83497, 23.1437, 14.5937, 29.3705, 5.97794, 4.69832, 21.2535, 11.7632, 6.42736, 3.99807, 6.80145, 6.45258, 19.0317 ], 
          [ 9.25931, 17.1849, 26.6299, 2.37145, 16.9531, 28.4287, 28.3963, 2.75881, 14.7277, 18.2439, 24.3837, 29.3805, 21.303, 26.3354, 14.6592, 27.7395, 26.1802, 3.66931, 24.7545, 20.1202, 9.70451, 29.5617, 2.60141, 11.4107, 10.9527, 9.07639, 1.327, 27.2287, 2.67152, 9.09385 ], 
          [ 28.0352, 10.7538, 8.96817, 27.2798, 29.2294, 9.77924, 2.87579, 23.8069, 6.24508, 26.5361, 5.07303, 5.53537, 6.15038, 20.1718, 19.5529, 1.57708, 8.35023, 16.6717, 11.4279, 15.1542, 9.14678, 7.10489, 18.2949, 29.3965, 15.7824, 11.3988, 26.6537, 10.32, 20.1208, 25.9594 ], 
          [ 17.774, 23.8718, 7.4875, 8.43667, 9.96388, 11.8315, 15.4676, 11.2801, 25.1616, 2.19889, 22.2017, 20.703, 28.0937, 28.4781, 1.00965, 7.85368, 20.2343, 2.81101, 4.29167, 29.4187, 23.3106, 28.2531, 26.5577, 25.3763, 11.6937, 27.9865, 12.7877, 24.4778, 10.1172, 5.76449 ], 
          [ 20.9903, 22.0564, 11.8525, 18.7712, 15.0541, 16.754, 3.26289, 16.6863, 1.10932, 27.3964, 19.9502, 22.2369, 6.11916, 11.432, 23.455, 17.5065, 3.43891, 26.9808, 28.8434, 16.5205, 19.6376, 22.0346, 17.1799, 6.3212, 27.817, 2.56258, 20.8292, 4.32363, 6.24799, 25.8089 ], 
          [ 26.8178, 25.5821, 3.22553, 5.63493, 19.1334, 3.81599, 22.5849, 1.19855, 17.9321, 2.56991, 24.1304, 19.5206, 9.17615, 20.6067, 12.7918, 27.7831, 11.2472, 11.7541, 23.0749, 17.3598, 16.8363, 28.3922, 29.6711, 29.5367, 27.9591, 6.90293, 5.17926, 25.1929, 17.5192, 13.6351 ], 
          [ 27.4424, 2.17506, 2.92005, 5.44533, 2.39589, 12.9122, 1.40589, 28.7113, 27.107, 6.65537, 24.9424, 8.41068, 22.4773, 9.2355, 4.44386, 17.3526, 9.40579, 15.3753, 8.79487, 12.9043, 26.9998, 22.8054, 10.9427, 6.09604, 20.1448, 14.4351, 21.9958, 26.4115, 22.2094, 3.39033 ], 
          [ 10.7709, 13.3573, 18.4192, 24.4122, 20.992, 3.09083, 3.31504, 24.6637, 12.5388, 29.7426, 24.856, 23.8154, 3.03298, 24.3142, 13.1066, 28.4306, 27.4987, 18.8544, 1.43226, 13.1048, 10.5519, 23.608, 16.0747, 11.4096, 5.86541, 15.6262, 27.7763, 13.4328, 5.75389, 24.0085 ], 
          [ 1.10751, 26.7963, 23.5391, 26.3955, 15.9795, 3.87652, 17.3188, 2.89651, 8.75573, 5.51557, 26.3767, 3.03274, 22.3264, 19.1054, 22.5138, 4.61961, 8.71818, 1.30945, 23.0615, 19.0486, 1.55141, 29.9709, 1.01043, 3.70312, 4.25948, 1.71223, 10.0908, 14.297, 3.17938, 27.4286 ], 
          [ 8.45753, 2.55563, 20.5825, 10.8992, 15.1226, 21.4391, 1.4735, 2.37012, 7.43868, 28.1682, 4.48615, 6.51081, 1.32396, 21.2655, 29.3649, 1.30269, 3.79009, 20.1412, 8.73447, 1.1468, 22.0039, 28.1676, 3.45969, 6.98568, 20.2504, 14.3007, 13.4694, 24.2669, 13.3908, 14.396 ], 
          [ 13.4115, 6.39441, 9.74426, 28.4781, 10.0395, 27.8371, 5.07984, 29.0994, 18.3379, 26.8404, 20.902, 4.02271, 16.9786, 15.0332, 7.83614, 15.9509, 22.1629, 5.0966, 5.77199, 17.5525, 14.779, 20.1029, 23.0156, 29.1937, 9.6803, 21.1385, 24.7993, 22.6046, 26.2294, 2.34699 ], 
          [ 20.5558, 15.8273, 10.5159, 9.75455, 2.24824, 22.7165, 22.3378, 19.8988, 6.11372, 28.73, 6.61585, 13.9701, 29.2556, 20.9228, 20.7529, 8.33496, 7.69729, 16.5335, 22.5195, 13.1086, 9.34103, 11.9649, 12.9042, 27.0061, 5.6041, 8.51972, 2.67838, 24.7612, 14.842, 6.44472 ], 
          [ 11.4328, 21.4608, 5.51053, 14.0001, 29.5879, 4.88651, 5.73593, 26.729, 26.259, 10.2066, 26.866, 10.6244, 14.6126, 28.6048, 4.66149, 16.7068, 21.1477, 23.7305, 19.873, 15.8932, 23.4832, 7.01954, 21.4129, 7.16133, 12.0958, 4.35613, 22.2705, 24.1047, 18.2291, 21.406 ], 
          [ 19.351, 18.8476, 1.06328, 10.8565, 1.19687, 26.0735, 19.0993, 8.5816, 13.1951, 20.2947, 2.06609, 13.2801, 10.2421, 6.98281, 27.6388, 9.18765, 21.7712, 26.5985, 17.6703, 1.07284, 23.2492, 9.88534, 25.906, 8.81228, 10.3358, 13.4934, 22.8964, 4.94604, 25.7216, 17.1534 ], 
          [ 22.6597, 2.25171, 8.49859, 4.53645, 26.4359, 28.9174, 3.2917, 15.8329, 9.01885, 19.4353, 13.0545, 22.595, 23.5831, 19.4703, 22.9528, 23.9877, 15.7867, 12.7329, 3.11511, 3.63474, 4.92485, 17.3006, 7.21702, 28.3691, 6.82395, 26.0562, 21.3894, 26.884, 13.2853, 23.3626 ], 
          [ 10.0136, 28.2455, 14.1592, 6.08328, 10.2008, 2.70128, 12.4377, 25.2676, 16.3216, 25.0476, 29.1778, 10.9273, 3.8862, 11.6147, 26.7169, 1.31118, 26.5599, 18.157, 7.67554, 2.30356, 18.7872, 18.0436, 5.29393, 9.05137, 22.7894, 17.1237, 13.8685, 4.28657, 12.1298, 17.691 ], 
          [ 16.5684, 19.4428, 16.7269, 9.9987, 21.288, 6.19603, 7.76131, 6.80501, 1.48045, 20.6265, 10.6361, 23.3139, 8.70553, 3.22116, 26.3783, 10.0599, 10.4516, 17.4462, 12.6785, 11.4177, 7.3094, 24.1161, 10.1932, 3.384, 5.10543, 2.239, 19.0128, 13.6374, 15.2682, 22.8684 ], 
          [ 2.63594, 21.8984, 21.0285, 5.53988, 14.7029, 7.36815, 2.78472, 19.1163, 28.9004, 17.7987, 9.55386, 28.721, 13.9298, 19.2543, 15.3874, 28.845, 18.8413, 21.162, 2.3905, 18.0907, 28.7771, 4.48458, 10.3324, 13.5107, 17.0131, 28.968, 1.04612, 2.14465, 19.261, 2.83661 ], 
          [ 3.72518, 3.09157, 22.1935, 20.4092, 22.4302, 19.0467, 20.4633, 8.2745, 22.2899, 26.5281, 3.2154, 23.725, 19.6003, 13.4916, 1.29832, 5.5158, 1.96978, 8.06209, 1.00922, 21.8671, 4.74112, 17.7228, 20.4191, 26.1925, 17.3024, 21.8163, 16.5172, 28.81, 2.41235, 25.6277 ], 
          [ 11.1889, 21.3853, 4.59024, 24.9874, 27.4609, 11.6935, 7.73216, 6.6594, 17.8034, 13.2968, 1.58418, 2.60881, 13.5927, 14.4258, 21.0281, 22.2294, 19.6954, 24.9916, 18.4859, 28.0274, 7.47845, 25.5524, 11.4662, 24.6341, 8.69976, 24.3072, 12.6686, 14.8972, 10.8113, 9.37485 ], 
          [ 13.2689, 24.68, 27.5238, 25.0758, 10.492, 13.5989, 14.6447, 15.9998, 27.6414, 5.57728, 18.175, 21.9362, 8.33628, 29.8347, 23.453, 26.8605, 18.586, 3.24219, 19.8147, 6.3707, 4.19794, 6.21829, 19.3654, 23.9405, 8.43535, 18.2978, 7.75129, 13.2182, 12.4083, 2.14079 ], 
          [ 20.2505, 16.8544, 25.1312, 8.74894, 19.7999, 25.9023, 18.3818, 23.7015, 3.83233, 9.89447, 11.2434, 2.998, 24.8672, 4.34277, 28.4934, 14.4028, 24.8922, 23.1074, 7.50196, 15.4546, 11.8508, 15.4342, 29.5384, 21.9895, 4.40362, 8.89262, 2.58105, 29.698, 12.725, 12.8665 ], 
          [ 17.3596, 26.941, 28.1182, 11.5927, 27.7026, 16.9734, 27.607, 11.5863, 27.5053, 14.8517, 25.2765, 25.5415, 13.0708, 12.011, 7.41293, 21.5254, 18.3308, 25.6384, 12.1051, 23.7002, 23.8061, 21.452, 28.5692, 28.1334, 1.74173, 18.1943, 24.6687, 8.62914, 13.9816, 4.14068 ], 
          [ 29.1964, 7.2521, 28.7524, 20.869, 2.52881, 6.07024, 25.6216, 13.0693, 3.81365, 21.7839, 11.7308, 26.6703, 2.17733, 18.6274, 28.0011, 7.94189, 1.34294, 21.9603, 5.46269, 13.862, 24.8714, 13.6144, 4.27682, 5.43845, 25.6356, 22.9236, 22.4976, 22.7205, 25.5049, 27.4585 ], 
          [ 26.4384, 6.9244, 19.5432, 18.7603, 29.1612, 29.1385, 15.7905, 8.71527, 6.49617, 26.402, 24.9835, 1.18393, 29.1171, 28.7375, 14.7233, 18.1554, 10.5101, 23.4291, 17.5221, 18.4615, 6.10637, 28.9412, 14.7981, 29.9474, 16.162, 25.4084, 9.59546, 14.0015, 18.3656, 18.1083 ], 
          [ 2.43675, 24.9532, 4.00384, 5.75083, 11.4239, 29.5241, 9.59317, 13.069, 21.8214, 29.6893, 2.20711, 20.303, 4.07264, 14.0857, 12.9978, 22.9717, 17.6439, 20.2472, 4.58983, 7.27938, 3.91441, 4.18669, 18.3946, 6.32745, 19.6057, 1.7679, 12.3204, 22.0466, 15.92, 7.47877 ], 
          [ 1.89032, 1.66767, 12.2902, 6.93659, 19.4909, 24.0181, 14.2051, 2.30191, 13.4083, 27.4018, 25.9089, 2.22033, 28.9873, 2.44875, 18.5134, 3.20765, 16.3012, 28.2733, 25.0681, 15.6505, 25.9896, 19.9089, 22.5265, 28.4022, 12.1824, 22.4592, 11.8216, 7.0652, 22.2552, 2.80565 ], 
          [ 6.55729, 28.6277, 9.10317, 29.9038, 15.4883, 2.04474, 10.9179, 6.26665, 1.76537, 21.3982, 21.0532, 20.8516, 8.66969, 26.9885, 14.841, 6.04296, 25.3195, 1.61999, 14.0046, 18.1049, 29.8212, 2.63796, 14.5747, 29.9964, 15.5517, 13.4117, 18.7228, 26.5617, 6.77898, 9.21224 ], 
          [ 8.34594, 5.71809, 2.60496, 12.8032, 8.47022, 23.1278, 19.5891, 29.5878, 2.16134, 26.6426, 26.1532, 6.83102, 23.7719, 13.2833, 24.3463, 13.4268, 18.9911, 13.2443, 5.09388, 16.7819, 7.45889, 10.2555, 29.2656, 13.7239, 21.7116, 2.10416, 14.5528, 9.82634, 14.6422, 11.346 ], 
          [ 4.69016, 11.6423, 21.6597, 4.40409, 16.5621, 22.2329, 23.265, 5.75172, 21.4723, 10.0614, 13.3221, 12.9938, 27.2886, 17.7306, 3.57368, 12.424, 8.14271, 6.64523, 11.0342, 3.79274, 3.52867, 16.3013, 1.08674, 7.18406, 24.123, 25.7598, 3.21691, 14.6482, 11.376, 20.3116 ], 
          [ 10.912, 14.051, 21.0559, 4.81325, 18.5635, 16.6146, 15.3505, 6.45541, 1.25809, 17.5748, 13.5986, 16.9867, 9.18005, 15.1622, 16.3149, 13.3592, 26.7184, 14.2964, 4.67213, 19.4228, 22.6998, 10.5274, 20.5993, 17.0353, 17.8514, 8.18171, 12.1306, 9.99259, 1.48555, 13.4657 ], 
          [ 16.4762, 13.3942, 24.3103, 24.4168, 12.5871, 11.8205, 8.71451, 10.5206, 4.51295, 29.6955, 17.257, 25.2788, 18.8594, 8.4783, 25.4282, 25.6501, 8.66684, 24.3338, 21.2071, 25.4413, 13.5041, 29.4153, 9.78771, 20.521, 19.2752, 8.10438, 3.87364, 13.8531, 28.2592, 22.1989 ], 
          [ 25.37, 14.9275, 14.3614, 26.8763, 15.0275, 14.7216, 7.55664, 28.5594, 3.58453, 15.2535, 23.9612, 23.675, 25.7236, 14.6621, 27.0922, 26.6351, 3.58922, 19.1933, 15.1458, 9.6865, 17.8811, 14.7068, 20.8905, 29.6257, 20.523, 11.77, 8.80205, 22.0575, 17.9976, 12.7401 ]
        ]
      ];
r = [
        [68779.7,57380.1,57463.1,77731.7,67862.7,80679.3,80544.6,52015.4,64249.8,73780.9,67575.3,61478,54110,64719.2,71562.6,55305.8,67754.9,76678.1,56002.6,60408.8,71518.3,63607.3,76442.7,55963,54968.2,79666.5,77320.2,70760.9,78937.2,50935.8 ], 
        [73047.5,68587.2,73220.2,61126.3,63551.3,58230.9,59680.9,65702.5,58822.5,56095.4,76071.3,50301.2,61399,79737.4,62389.4,79992.7,68395.1,81137.6,79291.8,78432.7,80788.1,62215.2,76110.1,53019.5,72823.9,64748.8,60279.9,78524,69633.5,62900.6 ] 
     ];
d = [
        [38624.5,25237.1,22406.4,45494.4,3179.8,88860,69419.1,5385.62,28793.6,2397.24,44631.4,75165,76440,15780.1,48578,63209.9,43493.3,23588,45825.5,83387.1,16649.8,28141.5,71834.5,42873,34685.1,21309.2,64485,42233.6,67889.5,1303.4,61606.1,28312.9,43426.2,29778.7,75609.1,58713.3,89177.5,53614.2,89055.6,53351.3,26584.5,46987.6,51904.1,9371.6,82922.6,8093.47,79004.4,64896,43301.7,41529.7,80300.8,84992.1,74824.9,30616.9,65814.3,36020.7,76221.8,22707.3,64171.1,16754,25133.5,74168.8,39367.6,58591.8,24344.9,20155.2,47520.9,45281.4,48093.5,21358.1 ], 
        [54115.6,19453.2,24790.9,28945.1,81253.7,14314.5,28163.3,58760.6,78470.1,64833.4,2971.75,85686.1,49268.1,35514.9,21845,29024.4,38726.8,35162.4,24886.2,65499.9,68323.3,83064.7,19950.6,34675.1,79735.7,32777.8,81149.7,7778.91,61172,12201.8,28803.2,3699.18,84075.3,16147.7,14520.2,68802.9,27850.3,41065.9,46265.6,3782.28,55641.4,80719.4,87756,50858.9,37939.9,89507.5,39297.2,7846.39,50399.2,84647.7,37601.1,89399.3,35188.9,6565.22,66757.7,77025.6,49955.6,46927.9,30641.4,16616.8,24588.9,88352.6,10806.5,46035.1,46923.1,53272,4098.57,38674.6,71440.3,84413.4 ] 
     ];
