/***************************************
* STOCHASTIC OPTIMITZATION
* OPL S2FVPP Data Generator
* by Jordi Mateo Fornes
* Model = S2FVPP; Stochastic (2S) MIP 0-1;
* Representation = Compact Representation;
****************************************/
I = 50;
P = 30;
C = 70;
G = 2;
p = [ 0.02, 0.02 ];
pc = 0.04;
ORCHARDS = { 1, 2, 3, 4, 5, 6, 7, 8, 9, 10, 11, 12, 13, 14, 15, 16, 17, 18, 19, 20, 21, 22, 23, 24, 25, 26, 27, 28, 29, 30 };
CUSTOMERS = { c1, c2, c3, c4, c5, c6, c7, c8, c9, c10, c11, c12, c13, c14, c15, c16, c17, c18, c19, c20, c21, c22, c23, c24, c25, c26, c27, c28, c29, c30, c31, c32, c33, c34, c35, c36, c37, c38, c39, c40, c41, c42, c43, c44, c45, c46, c47, c48, c49, c50, c51, c52, c53, c54, c55, c56, c57, c58, c59, c60, c61, c62, c63, c64, c65, c66, c67, c68, c69, c70 };
CGV = [ 15.075, 14.9031, 26.9731, 25.9945, 4.71777, 23.0418, 25.8037, 22.8487, 8.7723, 8.88741, 16.2434, 25.0695, 4.24681, 1.94114, 24.7818, 26.1864, 8.2733, 6.31399, 14.411, 16.6397, 6.97935, 11.36, 2.25969, 2.90389, 12.3891, 17.1504, 1.95159, 9.44976, 26.7828, 23.7265 ]; 
s = [ 0.175501, 0.126414, 2.3974, 0.976897, 0.389485, 0.254069, 0.785552, 1.7604, 2.9087, 1.72036, 2.5746, 0.21623, 2.37649, 2.55237, 1.68782, 0.161135, 0.617743, 1.34921, 2.79438, 1.77381, 1.9295, 0.415973, 2.55923, 1.6271, 2.98831, 1.48429, 2.59465, 2.61128, 1.89025, 29.9982 ]; 
CSV = [
        [
          [ 22.8122, 7.72392, 19.8813, 5.68488, 21.7379, 3.7072, 23.1922, 26.3848, 22.7125, 22.8409, 20.2709, 8.89694, 20.7502, 4.80221, 23.6424, 7.18816, 7.64579, 8.94211, 12.4569, 5.16789, 23.2157, 24.5367, 24.1795, 3.54038, 18.5772, 16.646, 25.8576, 12.5155, 6.28757, 12.4921 ], 
          [ 6.19988, 20.0853, 27.7983, 28.8441, 7.11019, 22.9989, 19.5397, 14.3597, 14.72, 10.7286, 15.3353, 4.73655, 19.9999, 23.4432, 24.3874, 1.31318, 15.3462, 19.7402, 6.42811, 1.79788, 7.23147, 11.7538, 17.1473, 14.78, 4.9895, 11.5713, 26.8979, 6.34613, 1.93126, 5.89724 ], 
          [ 24.43, 11.6419, 23.9963, 28.3718, 3.31258, 11.2613, 9.26203, 3.1315, 15.0711, 16.5638, 1.25168, 16.0776, 5.06899, 28.6584, 29.5486, 4.7758, 25.1853, 5.34752, 19.1799, 8.48429, 6.34529, 14.4122, 15.2509, 21.108, 13.5472, 25.1763, 26.2815, 5.02301, 5.79383, 4.22761 ], 
          [ 14.8743, 10.2141, 15.995, 10.4806, 10.6892, 16.421, 28.166, 17.1176, 6.53304, 2.83501, 19.6863, 23.7455, 19.0998, 25.6946, 26.1509, 2.84046, 9.11029, 25.8352, 18.1963, 8.43039, 10.0525, 4.99392, 27.2704, 27.0904, 19.8119, 1.17056, 12.5685, 23.2556, 3.94016, 14.3166 ], 
          [ 6.0392, 24.8667, 5.72855, 21.7149, 15.92, 13.9541, 25.6256, 5.22458, 28.2964, 14.0475, 18.9377, 3.21486, 8.20039, 20.0952, 21.4966, 1.31507, 13.2848, 21.1306, 8.25581, 20.7453, 10.353, 11.5017, 23.4756, 14.143, 17.6735, 27.5234, 10.3206, 4.46281, 15.0094, 20.0637 ], 
          [ 9.37381, 16.0467, 22.9219, 28.1352, 28.7818, 20.1448, 9.45115, 24.7773, 5.41444, 4.89966, 13.0504, 22.8259, 11.5499, 20.0116, 8.6265, 25.3635, 8.84004, 16.2562, 12.2158, 13.7243, 16.0077, 2.71237, 17.9453, 5.43934, 20.607, 16.5277, 21.6552, 25.4612, 7.42143, 14.6601 ], 
          [ 16.4008, 9.68176, 17.7867, 27.9256, 23.2379, 5.66479, 24.8495, 4.43995, 20.8068, 29.1228, 4.46263, 16.8254, 13.9383, 8.26607, 27.4362, 21.5173, 28.2707, 15.0184, 20.3328, 29.5375, 26.101, 15.6096, 16.8614, 16.4732, 6.46765, 25.66, 7.23838, 24.2107, 28.4965, 8.00972 ], 
          [ 5.73274, 22.9392, 7.15497, 13.1931, 10.4297, 5.16746, 9.9373, 19.5593, 28.4519, 8.27416, 21.0188, 9.35519, 14.6827, 1.43081, 2.44277, 19.2237, 17.1321, 22.0411, 13.5209, 7.61458, 11.2479, 5.99234, 12.5181, 5.89131, 13.3935, 11.156, 26.4358, 28.7023, 17.4652, 2.64534 ], 
          [ 26.8551, 21.3967, 11.848, 6.8976, 24.5875, 11.1788, 9.12921, 26.4956, 3.1516, 2.82347, 10.6613, 2.87308, 1.01431, 7.20318, 21.8434, 20.4903, 3.77746, 12.1359, 3.39432, 28.6413, 23.8848, 29.1187, 25.2434, 14.3482, 20.0907, 4.68992, 28.41, 7.18985, 8.28753, 21.8808 ], 
          [ 20.8481, 16.2355, 26.4106, 16.8828, 19.5049, 1.53137, 5.94131, 29.4267, 29.4971, 12.6587, 9.73885, 3.8002, 10.8397, 6.94814, 14.0839, 11.7418, 18.3511, 29.6299, 9.66847, 21.1566, 3.09399, 10.3252, 2.06418, 16.7476, 29.4458, 7.07138, 17.315, 4.0874, 25.7213, 28.2178 ], 
          [ 18.6893, 15.4034, 14.8326, 25.9332, 26.2178, 3.79326, 15.9898, 28.4765, 22.2822, 8.53772, 6.8206, 19.1892, 3.07658, 18.1797, 2.71079, 25.0979, 3.7351, 14.4323, 3.27082, 13.9845, 13.4467, 27.6233, 11.4682, 29.4291, 17.871, 29.2028, 21.0956, 17.9094, 12.4224, 25.207 ], 
          [ 15.3855, 25.6059, 4.84572, 2.19501, 15.7688, 9.27931, 9.86672, 3.12579, 26.3554, 6.63605, 8.41826, 2.12741, 11.059, 25.5689, 24.8058, 8.93785, 14.7307, 11.8471, 5.18419, 22.0552, 6.99287, 5.74503, 20.8449, 7.2866, 13.6165, 4.62135, 16.7769, 12.4771, 12.3153, 10.4166 ], 
          [ 25.8198, 21.6254, 20.7421, 9.69743, 18.1851, 27.2073, 16.0275, 3.79614, 10.8638, 22.7547, 12.5587, 18.051, 24.7753, 28.2679, 18.9543, 4.87311, 18.3388, 23.001, 22.1013, 27.2958, 9.43295, 6.07413, 11.5201, 24.9882, 21.9342, 10.6408, 18.9196, 6.47133, 15.4963, 25.8682 ], 
          [ 5.71726, 5.07814, 9.36475, 2.21746, 6.23178, 6.30811, 22.4067, 21.7167, 25.4247, 6.07094, 6.73238, 18.3979, 26.3672, 9.60063, 25.1571, 8.52652, 3.61704, 15.7101, 9.91943, 1.47236, 28.1071, 21.5295, 6.63068, 4.87896, 11.2756, 23.1651, 2.03416, 19.2067, 20.4067, 19.646 ], 
          [ 20.204, 27.2485, 2.839, 20.4087, 20.2835, 23.2115, 22.6067, 23.5412, 17.458, 18.6067, 13.0989, 24.1665, 25.8492, 12.4148, 18.9055, 22.236, 9.50947, 3.18336, 10.0759, 12.9775, 2.47177, 19.6631, 6.06449, 5.6942, 28.7564, 3.87912, 23.5892, 18.6422, 13.8308, 3.98204 ], 
          [ 26.2105, 14.3135, 13.2995, 9.02224, 4.09968, 10.7018, 2.76883, 22.2375, 20.3829, 9.29808, 22.5822, 4.21183, 9.0701, 26.7271, 15.9541, 4.51121, 12.3448, 14.5394, 24.6717, 5.40193, 25.2984, 12.5333, 28.5528, 27.2645, 8.7568, 18.1621, 21.5572, 14.144, 1.67834, 25.6181 ], 
          [ 1.12395, 13.1072, 3.51144, 16.1013, 20.7999, 29.3543, 11.0175, 4.20182, 20.4065, 8.2547, 22.254, 22.2896, 8.12427, 11.1044, 5.10901, 25.6418, 3.50066, 4.85065, 7.46754, 6.33135, 5.84162, 8.33721, 3.85811, 15.2319, 21.7784, 26.1023, 27.7901, 25.7689, 9.36079, 20.744 ], 
          [ 28.2557, 25.003, 9.78503, 3.54333, 22.1328, 10.8322, 26.0218, 29.5702, 21.2445, 23.3652, 11.3655, 29.0178, 27.4125, 14.222, 21.5538, 19.2406, 10.7749, 27.0149, 23.3766, 1.13325, 17.6618, 11.5704, 16.6236, 14.5573, 12.4741, 9.39017, 2.54983, 7.58944, 11.2096, 13.5851 ], 
          [ 3.87074, 19.3673, 14.4114, 25.8168, 18.7855, 18.798, 1.11069, 26.8423, 9.79988, 18.0048, 3.42003, 22.2737, 7.53699, 3.47238, 6.1771, 5.01995, 11.9547, 29.3368, 2.73728, 17.3964, 26.2271, 24.4835, 25.0869, 28.3351, 6.97309, 20.6146, 7.10812, 29.6731, 14.161, 9.75229 ], 
          [ 21.1544, 28.1126, 22.9161, 22.5436, 17.27, 22.9655, 26.9284, 2.61197, 16.5615, 11.6877, 7.35216, 1.79006, 20.9626, 23.4123, 6.0301, 3.7212, 6.78338, 5.1733, 22.5721, 16.3347, 21.2974, 25.5501, 21.1356, 8.88648, 22.366, 21.2992, 14.8271, 17.2956, 10.2948, 25.8629 ], 
          [ 15.3091, 27.381, 23.6061, 1.38638, 17.2989, 25.0786, 6.23406, 15.4594, 28.9308, 18.026, 25.6126, 14.523, 19.6308, 9.7882, 7.03105, 22.3153, 20.4014, 4.47525, 27.3807, 1.90031, 16.0964, 18.0012, 13.7435, 19.064, 14.7768, 21.618, 23.9469, 9.3383, 29.8229, 25.9251 ], 
          [ 14.4294, 1.4471, 25.0316, 19.2685, 5.22906, 8.3986, 24.267, 7.42355, 26.1564, 2.55889, 3.86249, 9.80228, 25.4616, 11.3071, 12.1137, 14.627, 18.5309, 5.55149, 5.96946, 22.6091, 12.8168, 19.1406, 17.3327, 7.32044, 5.93061, 14.7688, 22.3857, 18.8422, 5.02252, 24.1162 ], 
          [ 25.6521, 16.9489, 5.99431, 5.76946, 1.77238, 9.89811, 29.0672, 8.67662, 28.1223, 25.939, 4.8396, 10.4201, 28.4423, 29.6794, 16.6523, 5.72803, 29.879, 7.38473, 3.27907, 14.5496, 17.9293, 13.4899, 23.488, 1.3897, 10.4298, 7.80733, 12.108, 10.4915, 28.807, 4.9592 ], 
          [ 26.7975, 26.1916, 20.6627, 7.05144, 17.9357, 21.6447, 19.6093, 10.9094, 4.50482, 18.6075, 26.1017, 20.3936, 3.10859, 14.8422, 8.93684, 11.8896, 12.9247, 27.9008, 12.9763, 4.7478, 23.2081, 11.5485, 21.5083, 6.85672, 3.70797, 8.70644, 14.8062, 21, 16.0556, 14.9638 ], 
          [ 24.6527, 19.8248, 10.0751, 20.2886, 21.7104, 28.5523, 7.25948, 4.90254, 22.9107, 28.9023, 24.9839, 14.9267, 22.195, 20.0756, 25.3189, 28.7725, 21.6372, 26.342, 14.9808, 11.5527, 2.28426, 18.0958, 9.29073, 8.96102, 3.4624, 11.0328, 22.5997, 13.9273, 9.39973, 11.2187 ], 
          [ 7.11217, 15.1063, 24.3931, 6.45571, 19.8088, 26.8135, 5.87621, 14.037, 21.4507, 20.2242, 11.7905, 21.4789, 19.5689, 3.49885, 13.5326, 19.7676, 17.109, 27.246, 23.748, 26.1621, 12.3524, 24.5194, 10.4193, 26.7272, 28.9746, 18.8532, 23.5977, 4.36999, 25.5106, 11.8969 ], 
          [ 4.13722, 20.4107, 6.22318, 21.4638, 28.3605, 14.3159, 14.2657, 12.1227, 13.8783, 27.5309, 7.58395, 21.9625, 6.13928, 21.6383, 13.3596, 14.6253, 10.6782, 10.9579, 21.9756, 6.73254, 17.0709, 28.8969, 19.751, 10.0242, 24.6385, 7.3161, 21.7554, 19.7219, 8.19946, 23.3757 ], 
          [ 28.0216, 22.8603, 8.75581, 28.7652, 22.136, 27.9809, 9.70448, 8.06029, 6.71296, 23.7598, 25.3629, 1.57051, 16.0461, 10.8906, 12.918, 14.0307, 13.648, 15.2183, 13.3859, 2.11392, 15.1418, 6.52561, 22.12, 20.9591, 10.2785, 21.3147, 16.1398, 25.3134, 14.6076, 26.2713 ], 
          [ 19.7375, 17.1704, 21.9252, 4.42985, 3.40619, 24.8031, 5.07677, 5.27787, 8.01221, 21.6543, 17.7352, 29.0819, 8.91461, 4.59359, 19.1206, 11.3021, 20.0847, 5.20421, 8.59916, 12.4039, 28.5892, 27.8501, 7.83486, 26.7234, 17.3056, 21.4832, 20.6001, 5.45237, 22.5964, 20.7157 ], 
          [ 5.37464, 28.6649, 10.8434, 10.2385, 15.0538, 18.1027, 22.5832, 9.61747, 16.0794, 19.0333, 16.8607, 7.63698, 14.6568, 7.86551, 28.2082, 9.65843, 12.9265, 24.0867, 29.8696, 23.3145, 22.5311, 19.463, 7.94018, 28.1091, 24.531, 28.3635, 10.7703, 12.0234, 1.75991, 26.124 ], 
          [ 12.3351, 28.3616, 23.8574, 5.58871, 10.8847, 2.67259, 28.8707, 12.5744, 20.788, 20.8923, 21.352, 12.331, 4.3551, 11.4174, 16.3626, 6.12199, 20.7334, 8.25565, 17.7588, 15.2794, 10.2248, 12.1196, 20.2722, 2.27659, 4.55875, 26.1826, 3.82987, 16.064, 24.714, 21.9127 ], 
          [ 4.31959, 25.2743, 11.6622, 27.0961, 23.6354, 18.134, 20.9823, 11.8992, 27.7659, 18.651, 7.17897, 18.7061, 29.8283, 23.4127, 24.7052, 23.6513, 1.83461, 1.6052, 4.94444, 7.3967, 21.6672, 11.1246, 10.2445, 14.2328, 5.36567, 25.9611, 20.4968, 17.7054, 22.6292, 7.78478 ], 
          [ 8.51931, 27.5206, 14.9023, 14.3739, 20.2491, 26.8574, 26.7979, 2.73012, 29.2257, 28.1972, 27.9546, 7.16349, 24.9673, 20.0059, 7.35847, 18.2344, 7.52143, 12.7679, 19.7546, 29.3694, 5.35024, 7.33355, 15.6844, 23.675, 23.1191, 17.2202, 22.1328, 21.6256, 26.9273, 28.2175 ], 
          [ 23.5759, 21.993, 7.90792, 7.40767, 5.39211, 13.7501, 16.7095, 7.10431, 24.0104, 9.79952, 10.7373, 5.07742, 5.49246, 12.9476, 28.9661, 23.4967, 10.3038, 8.49134, 25.039, 14.6477, 2.15523, 19.1104, 6.38018, 17.0551, 3.0073, 14.8085, 28.9828, 23.2483, 22.4324, 2.09095 ], 
          [ 2.47212, 14.0961, 11.9616, 7.01421, 16.9157, 18.1784, 15.5851, 9.39942, 4.14714, 13.5048, 27.8509, 23.7497, 8.5265, 16.7391, 1.61223, 4.12702, 17.5036, 17.2573, 29.0355, 20.9952, 28.9672, 17.0595, 29.555, 15.3128, 7.537, 12.2555, 6.6452, 26.8623, 16.6968, 14.6503 ], 
          [ 5.54277, 13.2101, 6.67703, 7.58319, 24.7524, 18.0875, 11.5278, 4.82801, 16.6942, 5.71463, 23.7364, 6.96415, 23.0553, 13.9865, 14.6901, 8.64655, 4.32823, 17.8432, 21.0715, 3.57423, 16.7869, 20.9894, 15.5667, 26.8482, 21.4614, 6.59775, 11.1441, 6.87289, 20.9971, 9.73238 ], 
          [ 11.5705, 14.5563, 16.541, 17.6149, 16.6182, 19.4636, 27.44, 11.9215, 8.42874, 17.6342, 15.6614, 1.73326, 4.8172, 5.17684, 7.18942, 28.2419, 17.151, 10.5673, 17.2215, 1.6194, 27.8837, 9.08149, 8.22529, 8.83826, 18.3014, 16.1879, 9.58551, 18.9325, 1.02918, 24.9903 ], 
          [ 20.0271, 29.2389, 8.7233, 27.4368, 28.5554, 19.0168, 29.845, 2.8475, 5.9143, 20.7518, 23.5553, 17.9141, 2.55438, 15.7637, 29.8143, 7.65653, 29.0266, 12.0375, 12.5105, 2.73405, 28.8704, 29.5389, 24.6397, 22.1082, 24.4898, 11.9524, 27.9408, 2.6788, 1.17357, 14.5412 ], 
          [ 2.20366, 14.324, 17.0196, 9.85922, 16.0271, 21.6142, 25.8327, 10.2822, 8.82774, 18.9856, 12.03, 28.1986, 17.2912, 12.661, 5.84974, 1.30478, 15.4278, 25.2145, 4.80652, 3.54487, 12.6324, 17.4486, 23.9745, 11.9094, 16.9313, 2.82033, 25.0065, 17.8197, 7.60135, 22.8712 ], 
          [ 11.2832, 25.662, 22.7215, 4.68737, 12.9274, 7.60431, 29.7324, 27.6885, 13.6652, 13.1159, 15.1524, 20.4286, 3.22058, 1.06815, 8.97421, 23.097, 10.2808, 4.07049, 20.1058, 26.582, 19.8049, 11.3853, 23.6117, 29.1306, 19.2825, 27.1176, 5.94957, 7.25027, 15.7161, 24.2815 ], 
          [ 18.8548, 22.9748, 15.6296, 4.87679, 24.7235, 2.40336, 10.2708, 7.66697, 5.21897, 29.3, 23.3361, 24.1251, 18.2438, 7.48959, 2.29137, 1.10196, 15.4182, 18.4715, 13.3848, 21.6161, 13.2138, 4.85741, 2.47063, 13.7294, 26.8821, 11.2155, 22.2846, 5.69386, 10.2465, 26.5817 ], 
          [ 18.0548, 9.64683, 1.77051, 21.1255, 10.3628, 21.8154, 24.1366, 20.769, 25.3229, 3.38784, 22.66, 10.9661, 1.37668, 9.97713, 17.7037, 1.65535, 11.8753, 27.1244, 28.4858, 25.4353, 9.62874, 9.39044, 22.1591, 1.93317, 27.2523, 4.38497, 21.5477, 25.5044, 10.6186, 10.4742 ], 
          [ 23.4271, 22.7186, 27.4449, 1.83043, 3.18772, 27.6854, 11.2198, 3.40095, 27.0371, 28.597, 12.2548, 28.2804, 8.89075, 29.9939, 13.2257, 19.8708, 23.5416, 10.8732, 13.3401, 6.39709, 6.63112, 5.95247, 25.5408, 17.5588, 22.6362, 10.9289, 20.0547, 3.12211, 26.5921, 25.5105 ], 
          [ 29.6608, 7.98114, 29.2344, 17.3995, 17.5262, 28.5912, 6.6333, 10.2522, 26.509, 15.8348, 9.22445, 23.6173, 17.4244, 13.2235, 4.69693, 29.3715, 8.27017, 23.1838, 19.0894, 19.3129, 1.2932, 25.8993, 27.0057, 27.3374, 23.7633, 11.7038, 5.04486, 6.76484, 16.7689, 17.8042 ], 
          [ 5.68363, 21.4239, 6.27527, 3.41482, 7.57102, 2.85426, 9.89191, 19.7269, 5.00013, 1.64428, 27.1134, 3.24395, 1.33726, 9.65131, 22.3265, 25.0863, 22.6323, 27.3636, 6.75866, 13.5257, 11.2713, 22.6022, 17.2212, 12.9105, 19.751, 4.7681, 15.0147, 13.0772, 27.0991, 3.5714 ], 
          [ 3.63552, 18.1591, 22.9918, 28.975, 20.0881, 22.4555, 10.1233, 19.586, 13.6022, 19.5976, 7.22281, 12.7251, 23.0539, 11.2495, 28.0865, 4.73766, 4.06928, 19.1968, 18.5594, 4.06645, 10.2782, 15.9767, 25.9382, 8.65726, 16.3708, 2.08772, 8.38795, 17.8625, 1.43455, 29.3964 ], 
          [ 18.2733, 23.5743, 1.38028, 1.36642, 16.0554, 16.7399, 29.1723, 28.7805, 8.28269, 14.1028, 21.6451, 7.24871, 8.51207, 12.5125, 3.64996, 27.082, 24.7159, 19.2707, 20.5844, 10.8389, 18.6979, 21.1442, 11.3378, 20.2897, 1.1279, 23.5253, 11.0812, 1.96528, 16.9851, 10.6139 ], 
          [ 13.9061, 13.9039, 26.8628, 9.69672, 8.89076, 1.09462, 29.1995, 6.01892, 16.8692, 3.75535, 21.3466, 11.8352, 6.15574, 13.8548, 28.3666, 22.1657, 5.01159, 23.8475, 17.8804, 7.78473, 27.1695, 6.45182, 5.59065, 2.40791, 22.3603, 26.5464, 20.7883, 9.47052, 6.99454, 16.2938 ], 
          [ 1.60173, 3.46041, 21.1578, 29.3952, 6.20726, 13.5194, 6.53212, 4.92621, 18.6161, 21.1752, 24.8572, 24.2046, 23.5488, 20.0011, 11.4479, 15.0932, 26.4514, 23.2051, 22.551, 11.3346, 17.0188, 13.9445, 20.7568, 22.5377, 22.0516, 23.5449, 6.75541, 10.6384, 19.8921, 9.76446 ], 
          [ 13.7703, 12.064, 7.741, 5.47958, 12.564, 21.1476, 20.3766, 23.6327, 26.9967, 5.1624, 3.64321, 17.793, 16.7106, 19.1458, 25.7615, 20.2156, 26.2504, 29.868, 1.05895, 16.7188, 9.92542, 28.6635, 10.7226, 2.08803, 14.4516, 12.1449, 14.4023, 5.8905, 4.95181, 11.5743 ], 
          [ 29.1127, 20.1833, 29.3545, 12.3104, 14.2247, 12.0207, 1.38594, 18.1604, 17.167, 12.7358, 12.9192, 25.7185, 26.1111, 20.9061, 17.4427, 29.6733, 7.67861, 18.632, 23.2139, 11.651, 15.7598, 29.6853, 23.5367, 27.2627, 18.6725, 12.0387, 21.3508, 27.28, 15.7529, 21.003 ], 
          [ 7.13334, 21.4463, 24.4345, 22.9958, 26.956, 13.8954, 23.6804, 9.47961, 2.98004, 21.4299, 5.73187, 1.29556, 13.9611, 12.7893, 17.5158, 18.3442, 11.6947, 6.48396, 26.1169, 25.0753, 13.7228, 22.6252, 3.45001, 15.2144, 15.1618, 17.8314, 29.0709, 28.5861, 28.3222, 10.9085 ], 
          [ 3.55251, 24.8849, 4.20024, 19.6124, 8.97587, 10.4307, 15.4209, 22.4624, 2.74157, 28.995, 17.8346, 17.4663, 2.7841, 27.8155, 17.9232, 3.67983, 4.49843, 7.53076, 3.56559, 12.9657, 20.7864, 16.6012, 8.7452, 16.1068, 19.037, 9.42845, 17.1589, 23.3161, 29.4575, 20.6142 ], 
          [ 20.1328, 24.9462, 9.44688, 18.9482, 28.1389, 28.6305, 7.19302, 26.8522, 8.99644, 5.98865, 20.8729, 18.7718, 27.3783, 23.6403, 26.5308, 25.4936, 4.47251, 5.01176, 17.0177, 20.271, 2.69296, 24.834, 6.68056, 10.1096, 1.45874, 2.81334, 3.06697, 8.39777, 3.26296, 27.8018 ], 
          [ 15.614, 22.9563, 23.3553, 16.4017, 12.2815, 24.4063, 13.9761, 3.47973, 17.3643, 20.1727, 24.3199, 8.60055, 7.60153, 8.13997, 3.66676, 5.62875, 3.66528, 11.8934, 28.7012, 1.24074, 1.84051, 25.663, 4.35863, 13.0167, 15.0404, 22.24, 18.36, 5.56623, 11.6641, 27.0657 ], 
          [ 4.72702, 3.04151, 4.48301, 11.6547, 28.8557, 26.9132, 5.72553, 1.76789, 2.92771, 14.5228, 18.4187, 21.0617, 21.0966, 1.42075, 29.4865, 3.00393, 9.93718, 14.6424, 11.651, 10.0656, 9.43715, 11.7326, 5.95039, 10.9702, 18.6458, 27.1152, 5.86517, 23.6108, 12.8384, 24.4739 ], 
          [ 6.33048, 8.31024, 20.2725, 22.6416, 9.49964, 23.7393, 4.52341, 7.07175, 14.9022, 1.44957, 8.25473, 26.7889, 12.4588, 10.0153, 16.3395, 14.5227, 9.95306, 20.5665, 21.2031, 8.91621, 25.952, 24.4205, 8.43428, 8.08515, 27.1675, 16.7791, 28.9201, 21.7907, 17.0084, 3.05329 ], 
          [ 27.62, 24.9442, 19.512, 12.7112, 21.014, 27.4775, 9.83466, 9.86509, 15.6959, 18.8677, 6.0598, 21.291, 20.5904, 19.4206, 25.3235, 26.7576, 19.1796, 25.6548, 26.771, 20.8881, 22.88, 20.2518, 9.54369, 9.58769, 19.7905, 17.0757, 5.30639, 15.6024, 4.51399, 15.6553 ], 
          [ 16.3828, 26.4459, 8.65646, 2.38087, 14.7994, 5.11586, 16.2498, 12.4722, 3.27813, 7.74701, 17.5784, 27.1951, 20.6302, 27.7588, 4.21545, 29.0811, 27.4872, 12.8783, 29.4248, 15.1209, 20.3085, 21.1305, 13.9363, 29.1146, 10.2658, 8.30546, 18.9036, 22.3425, 7.0879, 19.9919 ], 
          [ 9.97579, 4.45546, 9.3903, 16.2952, 12.4261, 21.9675, 6.7999, 29.7753, 9.50821, 20.5871, 15.3341, 14.5103, 14.0702, 15.4697, 21.7386, 5.47849, 7.88954, 16.4317, 25.1524, 22.6927, 24.553, 15.9033, 22.103, 9.91776, 29.7599, 5.71086, 12.1926, 4.87182, 19.6378, 18.3235 ], 
          [ 6.30676, 25.4701, 11.5476, 20.2385, 13.1612, 17.8577, 24.6876, 9.89452, 21.3664, 28.229, 22.6439, 15.8534, 14.54, 5.69807, 18.3942, 6.01503, 14.1502, 18.6587, 23.3213, 12.8424, 7.7254, 19.6937, 12.115, 8.31875, 4.09984, 19.1103, 5.68526, 4.07671, 17.7047, 14.0606 ], 
          [ 14.753, 18.0029, 8.00066, 12.4025, 1.02508, 28.4616, 18.9678, 17.4439, 27.7547, 22.4616, 25.0334, 3.81921, 20.1108, 11.3538, 17.419, 29.2007, 2.18619, 4.56233, 15.5362, 8.85412, 15.1049, 1.62152, 13.1767, 26.3767, 29.7341, 14.8462, 8.74754, 11.4503, 24.9331, 5.15512 ], 
          [ 7.23997, 26.9044, 29.4001, 5.75561, 6.31756, 6.08782, 8.448, 29.8102, 9.25818, 3.85882, 28.5223, 11.4621, 11.108, 10.8187, 15.7434, 15.8359, 5.56486, 5.91435, 9.9122, 21.496, 2.75332, 19.4589, 7.73835, 3.66415, 8.27747, 9.09036, 29.7816, 23.6501, 28.6257, 16.1747 ], 
          [ 3.20815, 12.7029, 18.0803, 19.6432, 9.47111, 28.9636, 19.4317, 15.1445, 12.9404, 14.2347, 9.27601, 29.2175, 8.14087, 28.021, 10.4509, 24.9469, 24.8537, 23.2558, 5.86802, 24.2852, 12.5511, 13.4731, 23.193, 7.03661, 9.15303, 21.5543, 14.4675, 18.4518, 6.17241, 26.8652 ], 
          [ 2.68623, 7.90037, 20.0223, 20.7805, 22.0069, 12.8453, 9.29068, 8.12005, 15.9426, 19.8751, 22.6331, 21.8469, 17.5447, 29.4472, 21.6287, 14.2404, 22.5929, 11.6787, 29.2042, 25.4093, 7.95242, 8.53476, 14.2352, 20.5524, 18.4237, 9.18453, 28.4972, 26.7821, 16.2918, 16.9121 ], 
          [ 10.4222, 6.7311, 8.4799, 6.62498, 15.2915, 22.7256, 28.165, 10.6079, 26.8512, 25.0569, 19.139, 1.24488, 8.1094, 11.7353, 20.8063, 24.2763, 22.4241, 28.6317, 23.5772, 14.0773, 27.9349, 17.754, 9.82914, 11.4321, 1.88652, 12.2005, 21.9995, 6.66282, 28.6202, 23.0269 ], 
          [ 20.9526, 17.6705, 27.4396, 7.57232, 7.4609, 20.604, 24.356, 25.3389, 15.9415, 15.1552, 1.34967, 6.91573, 10.7136, 13.0351, 24.7665, 12.7986, 18.4473, 4.2113, 2.42931, 14.664, 2.94966, 2.59769, 27.3095, 15.5123, 26.1172, 5.11259, 4.78631, 21.7851, 28.6647, 7.91853 ], 
          [ 26.3699, 6.79501, 19.7656, 12.2425, 24.0309, 21.1002, 23.1708, 2.86486, 29.2977, 29.9666, 29.3513, 16.5426, 15.779, 25.5651, 16.0888, 15.4989, 23.8437, 3.81294, 29.5468, 24.4725, 7.01611, 25.537, 21.6617, 25.1778, 26.8051, 19.069, 8.98842, 12.4959, 23.5839, 16.9671 ], 
          [ 19.875, 16.038, 1.04638, 15.178, 2.89558, 29.1742, 14.1912, 20.7755, 20.8773, 2.98153, 13.5678, 26.9927, 13.4698, 27.0885, 27.5268, 17.0869, 6.80177, 8.56559, 8.31055, 14.7563, 14.3187, 2.29699, 10.499, 12.9783, 14.0731, 8.92229, 14.3713, 17.3343, 5.52455, 4.23256 ], 
          [ 1.33064, 23.6265, 6.54553, 29.6075, 14.5691, 4.39851, 5.70822, 18.2985, 5.26982, 2.99039, 7.54012, 16.2376, 1.4445, 17.2444, 13.116, 7.35547, 26.4355, 10.5844, 20.6382, 27.1626, 5.75163, 20.4907, 17.2127, 17.0797, 6.51776, 8.54478, 17.6683, 8.82392, 28.4806, 15.898 ]
        ], 
        [
          [ 10.4347, 28.6349, 18.5831, 19.127, 6.29944, 25.5752, 5.54348, 20.2973, 14.0308, 20.2739, 27.1213, 26.7616, 6.175, 13.8613, 6.9799, 8.93014, 20.3981, 15.3196, 28.9593, 16.9292, 10.3517, 1.78505, 6.68102, 21.1301, 1.89715, 3.92626, 4.32454, 26.4801, 29.1961, 24.535 ], 
          [ 17.1632, 11.8403, 21.7772, 11.8998, 8.43394, 28.7291, 8.20355, 20.0305, 8.94479, 2.04211, 25.8522, 23.7003, 26.6673, 21.248, 1.26594, 7.23464, 1.08169, 25.5864, 12.6515, 27.6261, 27.1451, 6.5774, 3.33877, 9.59491, 13.9975, 14.6304, 20.0203, 19.0028, 28.0118, 20.2357 ], 
          [ 18.7291, 5.24372, 1.13348, 12.0005, 13.2924, 29.3725, 5.9713, 9.50753, 22.7865, 1.31788, 12.4024, 12.0815, 14.5199, 11.9294, 19.4494, 24.6769, 6.82736, 13.2851, 27.1236, 22.0806, 3.76739, 25.1559, 16.1339, 10.8697, 20.3425, 28.9172, 20.5275, 18.5036, 15.67, 25.0465 ], 
          [ 14.0574, 11.795, 17.1661, 23.2173, 18.2604, 18.1323, 15.8456, 27.1463, 7.42021, 15.5301, 28.3515, 13.2495, 24.9773, 8.00461, 19.3689, 11.8344, 20.6316, 13.5946, 25.3449, 18.4054, 16.3734, 15.2916, 24.1708, 24.528, 5.65423, 15.7835, 3.43026, 1.03313, 15.645, 19.7405 ], 
          [ 2.01506, 10.5614, 17.6942, 23.2811, 20.5479, 8.45518, 18.5552, 9.61504, 19.0739, 3.77509, 19.287, 9.71364, 14.7984, 9.81326, 10.794, 8.47449, 21.7912, 2.77727, 20.9612, 9.10083, 15.0338, 9.4123, 9.49922, 8.49056, 17.4637, 24.4758, 6.22855, 24.3581, 7.42774, 11.5779 ], 
          [ 2.77979, 2.21858, 19.1651, 10.359, 15.4578, 6.79674, 7.45139, 8.49801, 24.5379, 7.44615, 2.95673, 17.915, 24.8684, 13.6321, 2.08863, 20.3912, 28.431, 15.5272, 10.4738, 29.141, 4.94917, 28.7865, 16.7629, 20.1682, 15.3038, 17.8899, 25.5658, 8.14445, 23.487, 22.67 ], 
          [ 14.889, 28.6388, 25.8832, 24.5467, 22.7294, 10.5673, 22.7851, 28.3774, 10.3373, 5.42986, 12.2095, 15.8241, 23.1938, 17.1266, 6.21789, 8.83302, 6.32023, 19.5584, 9.42364, 8.94724, 27.1151, 6.86929, 22.8958, 8.96882, 5.66005, 28.2523, 1.98668, 7.55518, 12.6114, 25.1162 ], 
          [ 29.3363, 3.63496, 27.7999, 15.5083, 21.162, 8.32691, 15.2278, 28.6207, 29.5071, 4.00932, 16.122, 1.75274, 7.0537, 12.6804, 16.9101, 12.2177, 4.73404, 1.98731, 6.9134, 19.9757, 6.76573, 2.87652, 18.6439, 6.31902, 18.1859, 26.8867, 23.4048, 14.5517, 10.6047, 8.8716 ], 
          [ 7.69318, 25.2255, 26.3553, 9.57972, 27.683, 3.11712, 28.1431, 20.7587, 11.6133, 15.2639, 23.657, 23.5971, 18.8841, 16.4329, 5.19865, 5.81267, 16.6954, 11.8588, 4.11906, 10.6667, 22.8546, 25.4522, 14.8415, 5.13072, 18.4511, 3.64087, 17.9445, 27.1615, 6.73056, 4.0816 ], 
          [ 18.0495, 20.3972, 11.566, 19.4733, 21.7359, 6.74196, 29.9842, 9.6785, 7.44173, 6.37606, 13.7943, 4.85864, 2.71923, 28.9163, 17.4842, 3.04724, 11.2838, 25.4393, 1.61884, 20.2405, 24.9059, 21.7035, 4.48475, 2.20256, 9.49342, 25.9235, 4.04583, 5.32295, 18.3746, 28.1638 ], 
          [ 8.76727, 27.1737, 7.74679, 6.2832, 2.59263, 26.8556, 8.53551, 3.03516, 7.51532, 24.0819, 12.6481, 1.80761, 24.5656, 16.547, 28.6205, 26.0017, 6.01505, 20.6001, 20.5039, 16.6396, 15.0484, 17.7584, 26.1378, 18.6803, 20.0113, 22.1148, 24.151, 2.92983, 7.90848, 7.82993 ], 
          [ 25.074, 19.935, 5.70864, 7.70685, 11.0071, 25.5701, 19.3348, 10.9865, 12.29, 26.5664, 18.4033, 26.4049, 2.49818, 24.6862, 6.77555, 8.13101, 28.0026, 16.0385, 28.9981, 16.6068, 3.79553, 15.4409, 10.3426, 3.87541, 20.6164, 17.6452, 29.4187, 11.9875, 28.002, 3.12467 ], 
          [ 9.73359, 27.1482, 5.40413, 4.4881, 20.8862, 9.08802, 13.0672, 15.3556, 16.5986, 7.4678, 24.8321, 13.8865, 5.94411, 6.1811, 28.776, 4.83934, 19.4025, 29.9906, 10.2739, 1.83271, 7.33517, 13.3134, 6.06373, 23.1882, 28.2586, 9.95, 12.5675, 25.569, 14.0815, 19.3174 ], 
          [ 23.4159, 21.4609, 26.7444, 11.1095, 18.9607, 1.96603, 1.18932, 9.78879, 21.4617, 2.98658, 2.65852, 15.3633, 23.1822, 24.8613, 18.9045, 3.44082, 17.8191, 18.3915, 4.62779, 8.64913, 19.4325, 19.837, 10.4663, 5.38316, 25.09, 21.0811, 5.6163, 19.8204, 14.7037, 18.4406 ], 
          [ 6.28451, 28.444, 2.10216, 4.07818, 5.87198, 6.64041, 9.98824, 1.67909, 23.8361, 17.5007, 26.5053, 7.19227, 25.2832, 11.8331, 14.0446, 8.9613, 29.1134, 3.11378, 28.5978, 11.9134, 27.3939, 13.3714, 4.77084, 16.0228, 7.40029, 11.3583, 10.7993, 11.7025, 24.4689, 24.2992 ], 
          [ 28.8407, 8.53733, 8.74982, 23.6351, 12.2709, 16.0615, 3.42106, 5.05389, 22.3077, 13.1873, 29.7623, 22.3744, 5.70705, 25.4215, 29.7444, 2.54394, 19.1176, 5.34341, 2.40428, 1.37682, 2.1902, 6.54934, 13.7533, 12.9908, 10.2581, 3.94064, 1.28021, 29.7548, 2.2335, 7.24098 ], 
          [ 29.9269, 7.59275, 3.86691, 9.96077, 6.20661, 21.3976, 2.71272, 9.11804, 5.68502, 24.7951, 8.23842, 25.4148, 28.432, 27.6295, 9.84367, 6.76858, 29.6081, 12.6781, 20.1351, 21.8373, 25.8524, 18.4825, 8.22605, 23.3325, 12.0453, 5.00708, 10.7094, 25.7348, 2.18454, 5.7948 ], 
          [ 11.3323, 5.14689, 12.9533, 27.8356, 20.758, 11.923, 11.4616, 11.3607, 9.43766, 14.3927, 6.49372, 2.30153, 9.56261, 19.3033, 17.6192, 6.55302, 17.0037, 24.6056, 26.6824, 23.991, 5.48657, 6.96496, 21.5699, 22.0724, 14.7622, 28.601, 11.9694, 25.4935, 9.71486, 2.7568 ], 
          [ 28.3653, 19.4187, 6.56921, 15.2045, 7.07604, 15.193, 2.85719, 12.309, 21.0981, 1.52616, 27.5857, 27.1016, 12.6403, 19.6908, 15.1753, 14.1968, 12.5772, 24.5713, 24.5026, 29.8577, 4.71416, 26.5833, 24.3109, 6.12351, 13.0927, 27.1418, 11.6976, 7.15292, 27.6172, 13.3041 ], 
          [ 8.87609, 12.1643, 13.9282, 1.76578, 22.7947, 4.50373, 8.96448, 5.21858, 9.67695, 17.1136, 25.1911, 2.93533, 6.53833, 10.9608, 29.0736, 1.81431, 21.3431, 1.29221, 7.00341, 19.3414, 27.3975, 24.9876, 14.4932, 13.9991, 1.50061, 21.6461, 9.59086, 28.1914, 5.01912, 5.92694 ], 
          [ 20.6743, 10.6182, 12.6502, 18.3884, 23.9161, 17.8729, 2.27345, 6.75983, 19.0357, 5.29451, 8.2136, 25.4185, 27.2474, 22.4627, 13.7184, 11.0383, 21.8537, 20.5789, 26.7563, 3.15461, 25.9301, 13.3311, 13.2882, 11.3423, 9.02356, 10.0616, 27.228, 17.8368, 23.5995, 9.54578 ], 
          [ 15.0322, 25.3726, 16.5669, 8.59021, 18.876, 3.76738, 26.0177, 11.9174, 8.30223, 16.2731, 4.31735, 19.9875, 19.6328, 2.80734, 8.86185, 6.5146, 16.148, 23.6868, 10.3826, 14.5051, 10.6037, 6.94309, 19.3344, 7.85198, 11.8073, 5.89044, 1.61161, 27.2128, 23.1076, 26.371 ], 
          [ 9.25241, 22.8839, 28.5951, 19.0172, 15.2781, 24.2775, 7.59122, 14.259, 5.6442, 19.8889, 8.62534, 22.262, 7.52353, 6.07834, 15.0821, 28.4723, 24.6611, 15.8171, 7.90099, 27.8715, 21.5302, 13.7887, 21.6903, 24.912, 16.2253, 21.7546, 14.4598, 21.9729, 17.5048, 14.7145 ], 
          [ 11.2978, 14.0397, 28.5159, 22.3358, 20.5096, 10.1477, 2.08566, 6.02687, 23.2879, 11.2112, 16.833, 12.4238, 26.3311, 9.23463, 25.5319, 17.1166, 7.86857, 20.1677, 6.60195, 19.6092, 15.2791, 10.0413, 1.98177, 14.9003, 1.49531, 8.21434, 18.3859, 3.21286, 13.3923, 15.4523 ], 
          [ 13.2569, 15.7254, 12.4139, 17.0052, 13.221, 12.7253, 12.5256, 26.3643, 8.29751, 8.29737, 2.20661, 16.8617, 29.0421, 2.00165, 27.3871, 2.37508, 28.836, 23.3439, 27.8441, 10.4964, 12.6389, 26.2521, 2.92042, 19.2181, 1.9901, 18.4527, 14.6378, 21.1644, 16.6347, 22.4734 ], 
          [ 14.3525, 18.1091, 5.09353, 29.1516, 8.10874, 10.1754, 21.8955, 11.2598, 17.1849, 8.48945, 28.1083, 12.5822, 3.61516, 24.3122, 14.5094, 3.37685, 23.1479, 27.3778, 28.5332, 15.9191, 16.146, 11.5293, 17.8024, 27.3815, 5.4397, 24.3421, 25.8136, 10.0626, 17.2555, 3.57752 ], 
          [ 20.6966, 8.1586, 11.39, 24.83, 12.262, 11.8754, 13.8102, 8.88852, 8.85909, 13.6146, 3.99214, 27.4357, 28.2398, 23.4124, 16.4544, 5.28756, 24.1978, 21.7937, 20.8361, 9.64486, 1.02605, 19.3454, 2.27955, 11.2032, 29.5888, 14.0323, 16.5484, 17.2821, 13.1983, 11.0632 ], 
          [ 22.242, 2.23405, 3.97473, 16.1718, 3.81462, 9.30672, 2.4172, 8.14954, 14.2352, 6.77627, 22.4846, 16.4176, 28.773, 23.6125, 25.7457, 25.7436, 12.2671, 3.18781, 17.4046, 1.43617, 1.42178, 27.0162, 21.8962, 26.5405, 12.6285, 18.8318, 16.6353, 27.9803, 18.2268, 2.43919 ], 
          [ 4.73001, 12.9763, 20.057, 4.19152, 28.4251, 11.8569, 22.4367, 20.9658, 15.9797, 11.8569, 21.4497, 29.9046, 18.9669, 12.6716, 22.5187, 22.4399, 11.8558, 2.39317, 22.2339, 4.474, 15.2955, 10.7542, 8.58652, 4.3432, 23.8427, 1.90355, 22.2793, 19.7607, 9.68597, 14.3092 ], 
          [ 17.1861, 8.45592, 19.0511, 25.2083, 7.555, 22.5555, 24.8356, 25.7049, 3.20046, 2.26021, 13.4046, 25.3206, 27.2117, 29.4433, 6.55964, 19.4762, 14.1852, 13.676, 13.5161, 1.00044, 26.75, 10.8824, 28.533, 13.5676, 21.0181, 25.1501, 1.92157, 26.0686, 9.48704, 18.9989 ], 
          [ 18.461, 6.66201, 2.06801, 26.6984, 4.4612, 15.9743, 17.0807, 7.3885, 25.3848, 8.08342, 4.49537, 22.1926, 4.89881, 15.695, 15.8189, 21.3909, 16.1344, 28.2739, 26.7949, 26.3665, 22.1361, 20.3308, 3.83901, 18.0858, 29.3748, 15.2279, 16.6318, 9.20761, 12.6695, 27.4947 ], 
          [ 18.3842, 22.622, 1.7666, 27.8953, 6.13758, 3.47575, 16.0523, 11.2564, 25.0174, 22.1044, 2.62162, 10.6814, 25.4504, 8.85008, 20.9793, 24.0564, 5.04483, 5.76241, 15.6565, 15.2869, 3.24364, 19.3604, 27.608, 18.3073, 21.9737, 27.6601, 23.0244, 27.7517, 3.87441, 2.48154 ], 
          [ 18.7906, 11.7632, 15.8147, 13.3094, 3.53243, 29.1604, 19.6381, 2.10385, 16.6273, 4.22753, 3.88498, 4.57335, 16.8219, 14.2033, 6.48431, 11.2679, 22.2612, 8.42375, 28.2405, 23.783, 7.76996, 23.1885, 10.7235, 3.81142, 28.8227, 21.065, 28.3319, 5.48651, 22.617, 24.4163 ], 
          [ 13.1365, 2.14858, 23.0378, 17.4521, 28.7089, 20.9609, 1.60112, 22.6409, 9.32584, 21.7452, 12.9549, 18.3651, 4.89067, 24.0782, 25.4371, 17.8834, 25.2933, 11.9389, 16.2471, 28.0977, 4.6501, 10.7943, 4.21291, 3.30867, 19.8654, 24.4165, 28.5392, 2.72096, 2.67897, 29.6729 ], 
          [ 8.12559, 23.8137, 28.7759, 17.5086, 27.2153, 26.935, 29.2675, 20.7277, 18.8142, 3.75022, 26.1343, 18.0173, 26.6147, 11.5321, 27.1093, 10.3946, 6.46241, 28.8918, 18.2448, 29.7411, 4.36847, 12.5516, 11.2609, 9.91667, 23.0597, 19.5063, 5.65904, 3.08786, 29.7473, 6.12492 ], 
          [ 6.1939, 15.7463, 4.25915, 13.4116, 6.06608, 13.3464, 4.98851, 12.3834, 27.6836, 24.053, 10.066, 20.7752, 12.1438, 29.0121, 24.4654, 18.5071, 19.2704, 25.9091, 28.0527, 29.3385, 29.2747, 11.0639, 19.0756, 19.8666, 18.5381, 11.0662, 22.7241, 26.2516, 28.6053, 24.0515 ], 
          [ 15.2928, 10.9699, 13.0011, 4.3658, 26.801, 27.555, 25.2502, 3.70704, 8.43448, 8.59694, 4.70313, 16.6406, 27.3575, 18.2885, 5.83192, 22.7037, 27.8544, 19.9024, 20.0577, 9.86271, 3.34589, 17.8972, 5.63667, 8.67339, 14.1288, 18.3076, 4.36959, 10.2365, 2.94712, 11.3026 ], 
          [ 26.9369, 3.05386, 27.634, 11.5181, 22.3342, 6.69052, 11.9007, 4.04575, 20.4915, 23.0291, 10.9557, 21.6065, 16.0903, 16.7974, 29.5781, 1.18331, 6.92665, 27.9743, 19.416, 29.9292, 14.7783, 12.9349, 23.3655, 10.8232, 6.07467, 7.47275, 7.74595, 26.4033, 21.3867, 11.9674 ], 
          [ 2.36038, 23.3727, 28.3514, 22.4325, 15.8871, 22.0888, 16.3314, 3.77675, 27.0744, 22.0622, 27.617, 27.7078, 4.68093, 5.51463, 10.2013, 18.8355, 18.9985, 21.9215, 26.9799, 12.7588, 7.45839, 26.7236, 7.63282, 20.5828, 29.6667, 8.36029, 20.5175, 17.4337, 3.53758, 28.7162 ], 
          [ 12.5163, 15.9739, 19.0753, 23.0796, 5.75441, 3.94715, 7.06468, 24.3521, 3.64305, 24.6882, 25.5652, 24.4129, 26.079, 21.8459, 14.935, 10.9888, 1.844, 23.4531, 16.948, 23.5553, 14.6892, 1.63173, 4.60455, 28.7113, 17.14, 25.8046, 8.75483, 6.66425, 8.22659, 26.3501 ], 
          [ 1.91662, 8.22381, 27.0456, 4.48305, 9.36145, 19.5879, 17.3257, 16.3713, 2.26863, 6.76704, 3.81461, 19.5966, 10.4534, 18.0563, 20.9285, 11.9932, 7.99449, 25.6169, 9.12957, 12.629, 6.77245, 19.5733, 26.6256, 8.37903, 15.6368, 11.0673, 15.3651, 7.6867, 9.58929, 5.34615 ], 
          [ 15.8287, 1.19867, 22.8136, 14.6421, 7.36621, 6.75658, 15.7757, 14.5361, 6.98593, 22.2935, 7.70819, 14.8273, 5.58256, 2.44075, 14.9222, 17.9914, 1.15193, 19.1865, 4.06789, 27.869, 22.7158, 1.04078, 19.6079, 16.0546, 17.8169, 16.9784, 25.3456, 22.3085, 25.7458, 3.56636 ], 
          [ 13.4916, 13.896, 19.2848, 1.16195, 3.49127, 13.4288, 10.7357, 1.55735, 13.5341, 3.74199, 27.7963, 26.9711, 24.3537, 16.0116, 28.3597, 27.7884, 28.3068, 9.77721, 3.80498, 12.4, 27.3562, 13.0577, 20.599, 4.7177, 26.459, 2.42157, 27.3764, 18.8582, 15.6521, 6.68283 ], 
          [ 16.681, 18.8447, 7.59532, 8.17242, 12.8366, 25.1837, 28.1659, 3.20079, 5.26497, 4.98334, 13.4526, 22.9125, 20.3464, 21.5477, 29.5358, 7.91843, 23.6248, 4.02417, 9.72155, 29.7235, 20.7056, 21.9171, 18.6225, 16.7114, 27.9459, 28.2573, 26.2306, 6.06188, 28.968, 8.82137 ], 
          [ 3.28779, 8.81576, 12.4295, 6.78796, 19.8274, 20.5384, 17.9268, 22.2956, 10.0892, 4.0794, 5.27418, 7.09498, 8.66236, 29.835, 11.5677, 8.98872, 23.7449, 18.0325, 23.2281, 29.3341, 7.82076, 22.0044, 26.5941, 19.1692, 16.0636, 11.0419, 9.29234, 13.9271, 5.37003, 12.0913 ], 
          [ 16.5748, 13.2554, 28.2485, 19.1862, 3.10879, 12.4566, 26.3615, 27.2749, 4.04211, 9.60643, 15.6001, 10.0614, 27.4728, 6.48457, 2.05869, 24.8751, 16.2943, 13.6047, 10.3338, 15.3197, 12.0019, 9.4625, 3.51944, 28.1027, 7.10505, 19.956, 25.1723, 20.8228, 15.368, 27.4948 ], 
          [ 15.4251, 22.3059, 24.2724, 7.55646, 7.81529, 16.4657, 2.72988, 27.0112, 9.35817, 10.503, 12.829, 2.98888, 10.8673, 4.80747, 16.3792, 27.8819, 17.9648, 23.4731, 20.9122, 26.361, 17.363, 18.9025, 26.9293, 2.81944, 25.1119, 24.6158, 12.6583, 11.9665, 27.1278, 29.3211 ], 
          [ 28.8496, 4.11175, 23.3241, 14.0519, 4.99626, 5.24909, 5.99812, 2.15009, 26.4227, 2.29404, 4.60018, 8.33051, 9.65063, 7.78605, 1.18863, 17.2995, 16.4756, 19.5588, 11.7626, 9.47766, 18.3404, 29.5854, 14.9759, 4.10754, 13.1054, 7.56234, 6.88449, 18.5022, 12.0321, 8.8905 ], 
          [ 19.5859, 6.29678, 4.76747, 14.049, 11.1709, 13.2371, 5.75239, 4.84097, 19.929, 1.49035, 23.8191, 20.1911, 9.94454, 19.455, 19.0423, 5.02189, 24.0223, 2.36809, 5.25361, 14.6513, 5.32036, 24.8025, 13.1609, 18.0325, 17.464, 13.2147, 20.8775, 13.8739, 3.27471, 18.1749 ], 
          [ 1.38266, 27.7402, 17.0666, 27.7397, 8.93354, 4.57356, 16.5626, 29.0905, 19.3272, 25.5569, 13.2958, 12.9936, 28.5648, 29.4209, 1.946, 28.9566, 26.8751, 16.9406, 1.72614, 29.3848, 26.2448, 14.9374, 12.2571, 23.8661, 20.676, 13.76, 7.01688, 9.43371, 3.70249, 15.5186 ], 
          [ 14.1957, 7.03096, 12.2331, 27.1117, 22.4417, 3.92502, 16.064, 18.0065, 4.1271, 17.4574, 16.1035, 12.522, 11.2311, 19.5696, 16.4518, 8.56588, 2.35619, 24.8092, 18.5509, 20.4006, 27.4021, 2.15069, 19.0742, 5.45906, 25.1942, 5.57294, 20.9485, 21.4448, 29.8881, 9.02824 ], 
          [ 10.3482, 18.7045, 8.85811, 27.5433, 21.4675, 9.5797, 1.6966, 18.2533, 4.27189, 24.661, 22.4202, 9.67267, 21.4284, 23.4103, 1.71779, 8.15553, 13.3535, 25.4204, 29.651, 18.1511, 13.2981, 19.4027, 18.7719, 26.0367, 29.705, 27.9832, 10.979, 12.8811, 1.51282, 17.1541 ], 
          [ 13.4408, 25.722, 2.56577, 6.82599, 26.6537, 6.04186, 3.30563, 20.8057, 15.6307, 8.13607, 10.5926, 16.7837, 24.9149, 13.5732, 19.9846, 9.34517, 11.5317, 8.40338, 28.3619, 29.4021, 25.9505, 29.6074, 9.27393, 19.0059, 18.3393, 14.3335, 8.76723, 20.2303, 24.8709, 28.9586 ], 
          [ 15.294, 17.3571, 12.8591, 21.9143, 5.18355, 20.4245, 27.6245, 20.7829, 24.9143, 5.09814, 17.5417, 10.5933, 13.884, 27.7403, 29.6081, 28.5161, 15.878, 8.69313, 25.6393, 24.5511, 29.5192, 1.42775, 18.0218, 15.7467, 12.7351, 29.4407, 1.62453, 14.8672, 10.0807, 4.14186 ], 
          [ 29.6572, 21.8117, 22.1915, 13.7745, 24.6667, 27.6334, 23.5928, 29.4474, 13.5497, 25.0031, 22.9807, 14.3568, 27.6366, 27.6448, 20.118, 8.07084, 8.2405, 2.30291, 13.8509, 16.4563, 3.49286, 10.7811, 25.0929, 24.4207, 29.3898, 9.99049, 16.7215, 10.9298, 22.9466, 16.8246 ], 
          [ 24.3528, 4.1897, 26.0615, 5.52366, 12.7936, 25.7833, 23.8427, 6.59991, 26.0412, 4.01138, 17.3945, 4.70601, 17.3096, 28.8578, 6.51738, 29.9852, 12.2429, 9.33256, 6.45381, 27.6905, 25.5351, 12.2395, 23.5297, 15.9914, 14.8785, 6.76738, 25.358, 6.70768, 1.58488, 23.0449 ], 
          [ 2.68623, 3.85899, 10.8837, 2.89585, 1.86446, 2.89709, 14.2118, 23.6098, 19.2294, 4.06886, 11.9954, 16.0481, 13.2671, 17.5439, 9.75855, 29.466, 24.2003, 10.8317, 1.25594, 24.2952, 9.37367, 28.8929, 25.3786, 12.9437, 24.5035, 23.1554, 7.94505, 25.5465, 29.9178, 6.96622 ], 
          [ 23.3752, 17.0211, 17.0995, 17.1112, 19.5985, 20.9443, 16.6481, 2.24135, 20.4788, 9.56721, 6.63016, 21.3725, 11.5329, 11.2627, 23.7894, 22.5406, 19.3741, 28.8848, 20.4021, 15.3971, 13.7128, 1.40912, 1.24328, 12.6721, 9.05415, 18.37, 5.39153, 16.795, 3.83933, 29.1179 ], 
          [ 10.8245, 14.6882, 7.18094, 12.0935, 17.412, 21.0382, 2.28968, 18.7975, 24.0641, 11.7836, 24.9499, 23.5115, 10.7323, 20.4854, 17.9761, 22.3469, 8.20973, 26.0805, 29.4536, 17.1858, 25.5927, 3.9204, 10.3245, 27.5847, 21.5345, 21.0383, 16.025, 11.7954, 1.08787, 23.453 ], 
          [ 27.9091, 20.8522, 22.273, 3.01886, 17.8318, 12.473, 12.3149, 17.9194, 10.8625, 18.0074, 25.5177, 8.33721, 26.9271, 16.3072, 22.7052, 22.7891, 14.3004, 1.55998, 7.98248, 10.9934, 24.6616, 2.99295, 1.98936, 8.07522, 24.1164, 26.1394, 15.1808, 21.4237, 23.2798, 25.6215 ], 
          [ 27.7235, 19.1738, 14.2946, 14.5134, 3.80174, 14.3906, 19.009, 5.29863, 19.421, 21.1418, 15.9851, 16.141, 26.4737, 26.7718, 8.97679, 2.2271, 9.29625, 5.13159, 28.1066, 19.1215, 23.8151, 6.32123, 5.61437, 10.897, 21.2987, 21.4036, 8.89594, 5.87566, 11.599, 3.11885 ], 
          [ 7.46398, 3.49286, 27.3749, 2.43288, 21.7906, 10.0704, 18.3899, 22.0657, 1.35479, 19.2007, 24.4372, 23.2545, 22.4807, 14.2175, 17.5969, 19.8322, 25.6457, 23.8566, 29.3411, 21.1232, 5.49965, 14.9452, 8.71518, 4.26993, 26.5518, 9.18449, 17.5578, 22.3351, 11.7895, 15.3621 ], 
          [ 4.94382, 23.579, 4.75034, 3.85035, 16.3445, 11.4041, 9.51799, 25.3381, 2.82344, 6.48922, 29.2443, 11.7791, 20.0967, 8.17707, 10.0043, 29.9239, 23.9465, 21.0784, 28.7395, 11.7177, 4.29346, 15.6122, 8.4631, 20.3937, 10.3341, 21.9622, 22.2375, 16.0802, 13.1791, 3.99634 ], 
          [ 21.1414, 20.6857, 29.8341, 23.7573, 24.8457, 5.5193, 25.3735, 6.13616, 18.0291, 17.9395, 12.6332, 13.9331, 7.94546, 25.7083, 18.2056, 9.25662, 24.3195, 5.61662, 24.2866, 26.2829, 3.93, 27.0453, 25.2822, 21.1915, 7.6219, 3.24145, 1.98941, 26.5178, 17.3011, 17.9545 ], 
          [ 19.9772, 4.15426, 6.54872, 24.2867, 21.3934, 10.8866, 23.6194, 4.71768, 19.1174, 27.2764, 22.4232, 18.0852, 19.383, 22.3782, 25.0814, 28.0633, 18.1577, 24.2362, 9.47746, 5.65906, 8.06635, 28.7533, 26.3516, 1.79439, 25.899, 13.8017, 2.85768, 7.13857, 21.0919, 7.8616 ], 
          [ 21.4732, 8.31313, 7.25517, 18.7515, 18.5689, 27.0774, 23.4007, 20.2056, 20.0006, 15.7819, 12.2058, 3.92209, 18.1873, 5.01709, 10.2625, 18.4604, 5.71629, 23.8392, 22.3047, 27.7331, 5.07034, 4.45108, 4.15719, 5.19657, 28.9245, 2.27659, 23.0321, 10.4699, 6.65411, 27.3698 ], 
          [ 13.7096, 5.58681, 16.9776, 27.582, 11.1935, 3.22397, 4.66942, 23.4231, 4.89898, 2.6974, 11.6083, 29.9569, 28.4848, 9.22547, 5.28894, 16.8963, 4.50268, 10.8052, 13.593, 7.94631, 16.3616, 5.6395, 13.3238, 11.7351, 25.0162, 14.3926, 17.052, 22.703, 14.554, 18.3799 ], 
          [ 1.31779, 16.2886, 19.4261, 18.622, 26.1808, 24.0309, 4.35044, 1.45054, 23.9057, 9.85299, 20.7713, 15.5972, 6.14291, 16.7461, 22.6645, 24.8753, 14.1708, 2.59593, 23.2268, 2.23816, 25.5727, 6.9051, 17.6072, 3.00591, 13.2716, 17.3994, 15.9957, 26.3056, 1.94344, 2.24707 ], 
          [ 29.386, 26.1368, 25.3826, 16.7804, 23.1516, 18.544, 2.08712, 26.6259, 17.9506, 19.6722, 9.97672, 13.7273, 29.0667, 3.23509, 6.49313, 12.7842, 3.18512, 28.4545, 9.69762, 15.8348, 20.3607, 17.3857, 19.2592, 12.5926, 11.1815, 14.1388, 11.6023, 15.3589, 17.012, 23.8953 ], 
          [ 4.06099, 8.29186, 4.84677, 13.6224, 25.8379, 11.0726, 25.8687, 18.6781, 10.0826, 12.1435, 14.2461, 22.0112, 18.3768, 10.2709, 29.9087, 1.65333, 21.9604, 15.5649, 1.82921, 16.3732, 29.161, 7.00371, 18.1287, 28.7799, 4.17735, 17.1964, 6.26754, 27.3996, 8.95063, 18.8644 ]
        ]
      ];
r = [
        [72351.4,51943.8,65548.5,81760,68770.8,50648.6,64197.7,71407.8,52990.5,65267.2,72651.5,50065.7,59425.5,59403.5,57008.3,72051.2,68002,57418.2,59727.4,63493.8,79749.5,74618.8,66686.2,51938.6,55890.9,58618.9,78795.9,54567.7,79142.6,69056.6 ], 
        [77457.3,56170.8,62538.2,51090.3,60341.6,56538,58715.3,78644.3,61965.5,50787.4,50106.4,77080.2,59150.3,67682.9,63067.6,50062.9,56264.2,69181.1,58228,64688.8,60418.2,57803.7,63951.6,78197,66261.8,55234.3,71331,54501.4,65620.5,56508.7 ]
     ];
d = [
        [63926.6,26225.2,48108.2,20873.7,48141.6,34426.9,54576.2,77292.3,8554.53,23079.8,29023,53155.4,29881.7,6749.43,71475.2,43684.6,43631.5,13590.2,36466.6,21560.7,41605.6,17272.6,42843.2,80554.3,7608.53,49530,61623,59924.6,73720.7,46915.6,24651.9,36600.9,57844.6,88943.3,65139.5,38974.6,25097.9,15791,14081,87822.3,43144.8,18945.6,42499.7,70553.6,2735.27,68099.9,35334.6,58236.7,2191.38,39655.2,34097.4,46061.8,55184.2,70581.9,14087.8,52982.6,37380.8,41078.5,40050.1,37567.1,66836.6,89232.6,22625.4,73632.7,43112.3,28286.2,45388.1,58837.8,59720,4938.14 ], 
        [11483.4,65126.7,38820.1,44459.9,75242.9,19159.5,17386.7,60450.2,39098.7,79882.1,65434.9,71057.8,10302.8,12373.1,3226.24,59356.9,16493.1,69131,16198.9,13481.9,46030.6,55447.2,36536.1,33807.9,54741.4,77702.3,9154.18,27301.5,36320.6,5120.98,17839.7,60255.8,59560.5,22405.9,56711,85675.5,53884.3,57019.9,29879.8,72557,1911.67,15844.2,11691.1,7697.51,18402.8,70257.1,32415.1,15732,66392.5,11185.7,69657.5,58968.1,31358.3,63479.1,56655.6,23368.4,42314.2,53941.8,80224.1,5396.53,73878.2,71379.4,42534,8103.33,15661.3,18867.9,85890.8,4754.48,9388.83,7622.04 ]
     ];
