/***************************************
* STOCHASTIC OPTIMITZATION
* OPL S2FVPP Data Generator
* by Jordi Mateo Fornes
* Model = S2FVPP; Stochastic (2S) MIP 0-1;
* Representation = Compact Representation;
****************************************/
I = 50;
P = 30;
C = 70;
G = 2;
p = [ 0.02, 0.02 ];
pc = 0.04;
ORCHARDS = { 1, 2, 3, 4, 5, 6, 7, 8, 9, 10, 11, 12, 13, 14, 15, 16, 17, 18, 19, 20, 21, 22, 23, 24, 25, 26, 27, 28, 29, 30 };
CUSTOMERS = { c1, c2, c3, c4, c5, c6, c7, c8, c9, c10, c11, c12, c13, c14, c15, c16, c17, c18, c19, c20, c21, c22, c23, c24, c25, c26, c27, c28, c29, c30, c31, c32, c33, c34, c35, c36, c37, c38, c39, c40, c41, c42, c43, c44, c45, c46, c47, c48, c49, c50, c51, c52, c53, c54, c55, c56, c57, c58, c59, c60, c61, c62, c63, c64, c65, c66, c67, c68, c69, c70 };
CGV = [ 15.075, 14.9031, 26.9731, 25.9945, 4.71777, 23.0418, 25.8037, 22.8487, 8.7723, 8.88741, 16.2434, 25.0695, 4.24681, 1.94114, 24.7818, 26.1864, 8.2733, 6.31399, 14.411, 16.6397, 6.97935, 11.36, 2.25969, 2.90389, 12.3891, 17.1504, 1.95159, 9.44976, 26.7828, 23.7265 ]; 
s = [ 0.175501, 0.126414, 2.3974, 0.976897, 0.389485, 0.254069, 0.785552, 1.7604, 2.9087, 1.72036, 2.5746, 0.21623, 2.37649, 2.55237, 1.68782, 0.161135, 0.617743, 1.34921, 2.79438, 1.77381, 1.9295, 0.415973, 2.55923, 1.6271, 2.98831, 1.48429, 2.59465, 2.61128, 1.89025, 29.9982 ]; 
CSV = [
        [
          [ 8.19473, 10.759, 21.5553, 1.92498, 26.8931, 16.4763, 11.9411, 17.9761, 9.18035, 19.3263, 8.97255, 11.4043, 9.49632, 3.4881, 28.7419, 6.65215, 21.4954, 11.1695, 28.6514, 18.8369, 6.8437, 29.9022, 25.3025, 24.3612, 27.7568, 22.2019, 27.5286, 15.772, 20.5369, 12.9798 ], 
          [ 1.47928, 21.6924, 27.3221, 27.4075, 9.84205, 17.8773, 2.11985, 14.7444, 7.94779, 5.36525, 1.11283, 24.7529, 6.54161, 19.174, 25.9481, 13.03, 6.26835, 4.90634, 2.17868, 15.2919, 25.7649, 10.8863, 16.9062, 14.0245, 11.554, 26.9255, 6.48332, 3.44296, 26.1203, 10.1433 ], 
          [ 1.85186, 2.19804, 8.28799, 12.0847, 26.5377, 10.2659, 3.28077, 18.7438, 14.6023, 1.72325, 29.4416, 28.8254, 23.0202, 24.3612, 25.8218, 15.8483, 26.6331, 26.7102, 3.02695, 5.2466, 22.7097, 12.3847, 19.0176, 2.6953, 10.6687, 8.02777, 16.6823, 8.54041, 29.5932, 23.5535 ], 
          [ 27.301, 10.6715, 16.5781, 4.51204, 2.24244, 20.3762, 18.2248, 11.9238, 13.3672, 18.5882, 6.99225, 26.7598, 28.3926, 14.3839, 16.0983, 5.09479, 14.8621, 4.96054, 28.9195, 7.52699, 19.1422, 3.92615, 11.9146, 19.313, 19.7657, 25.6004, 4.02331, 5.77023, 17.3298, 2.37332 ], 
          [ 16.6152, 21.3863, 25.0891, 13.5674, 26.6495, 16.9118, 3.97025, 3.01824, 1.61768, 27.202, 6.78776, 9.89749, 13.5888, 10.3253, 23.641, 6.71989, 22.0061, 1.18865, 20.6252, 4.37207, 16.866, 6.19321, 21.8763, 29.5689, 9.30621, 20.3468, 6.51731, 18.4515, 10.7914, 5.67575 ], 
          [ 26.4835, 29.8645, 16.1441, 28.5162, 1.59122, 23.4997, 20.7483, 28.7334, 3.89331, 6.43757, 14.1261, 18.2611, 8.21765, 12.7513, 10.1043, 5.0888, 6.08897, 7.22603, 26.744, 23.5754, 21.9582, 13.0703, 27.3107, 15.4488, 10.5437, 3.53627, 6.08979, 9.19246, 2.59036, 17.3415 ], 
          [ 14.471, 23.0701, 18.1988, 19.8824, 25.9244, 25.2051, 15.7387, 13.6996, 13.6574, 23.6412, 6.97951, 10.814, 8.27657, 4.80697, 20.9499, 3.67104, 11.7045, 29.4561, 9.16573, 27.1049, 25.9472, 28.0101, 12.4637, 16.4318, 26.9296, 15.4936, 21.2461, 16.4548, 18.9588, 23.232 ], 
          [ 15.3795, 7.86732, 13.7867, 18.5427, 28.6377, 4.47887, 21.7881, 29.0144, 11.2734, 28.0367, 10.9645, 7.66752, 12.4894, 14.0964, 21.4679, 28.8045, 15.6499, 18.5586, 6.10603, 9.84168, 25.1225, 29.2223, 17.5826, 5.7585, 14.8978, 29.4339, 16.3525, 23.2296, 14.7654, 24.8823 ], 
          [ 15.1231, 5.42372, 1.19555, 21.7744, 25.5213, 21.1672, 23.5485, 22.8312, 16.4462, 14.85, 29.5725, 8.66758, 9.1631, 8.48896, 14.1604, 16.5165, 3.82366, 13.0983, 28.7989, 12.8434, 28.1726, 8.90739, 23.0197, 11.0637, 10.7531, 7.45903, 14.1491, 7.69029, 3.14033, 5.88922 ], 
          [ 14.3435, 8.01287, 24.8217, 11.188, 16.3109, 9.43265, 8.52141, 5.30045, 2.62097, 14.8357, 12.4652, 17.106, 29.1433, 28.5071, 17.5693, 16.773, 26.7192, 5.72536, 26.3807, 14.4724, 12.1, 20.1484, 9.3568, 9.40425, 11.8698, 13.3015, 12.3966, 25.2117, 4.9831, 3.19068 ], 
          [ 19.525, 11.0982, 11.2739, 7.68407, 23.4251, 19.3197, 27.029, 23.117, 21.8388, 28.7492, 20.5063, 29.8814, 18.3187, 29.8166, 8.32229, 11.3779, 27.9849, 28.1029, 19.761, 19.5851, 1.15618, 13.7786, 29.6011, 16.1554, 6.87642, 26.6478, 29.3875, 21.3074, 13.8709, 17.7452 ], 
          [ 28.3991, 7.54989, 17.6629, 1.03728, 11.9162, 4.85949, 20.2661, 13.5651, 4.56218, 17.3821, 9.24506, 28.1996, 15.6473, 22.608, 4.91281, 28.8758, 6.98564, 16.4412, 28.2123, 7.88991, 26.2891, 24.4719, 6.73535, 24.7702, 17.3681, 17.5612, 19.2951, 4.28412, 7.28374, 19.0446 ], 
          [ 29.2647, 13.9446, 11.9467, 2.00709, 25.3574, 26.2564, 4.50581, 28.821, 20.2718, 13.6393, 19.4699, 19.6214, 5.1836, 26.7783, 27.1222, 2.91679, 22.6289, 7.00711, 1.37704, 22.9942, 6.70075, 25.6818, 15.2136, 17.2468, 4.96246, 28.9237, 8.7612, 22.216, 7.89937, 7.26416 ], 
          [ 13.2012, 23.2068, 25.7473, 20.5214, 6.69864, 6.29429, 1.88716, 12.8587, 6.77171, 3.31017, 24.7471, 4.98773, 16.7608, 10.4962, 7.68662, 4.72233, 18.739, 12.2908, 13.3443, 23.9175, 27.9108, 19.0809, 28.8788, 3.01274, 28.9997, 1.825, 7.89807, 8.91602, 13.2254, 15.3339 ], 
          [ 2.50475, 24.4381, 1.88805, 27.5127, 15.9359, 9.87579, 20.5982, 1.91487, 18.7192, 21.4616, 23.7332, 1.53604, 18.3067, 2.75146, 25.4655, 13.1389, 8.53682, 4.9811, 7.79298, 2.50386, 7.66775, 7.1001, 28.2237, 7.45861, 26.565, 9.49393, 19.5738, 8.28329, 21.277, 4.09391 ], 
          [ 23.1962, 8.70004, 1.79454, 21.1102, 7.73226, 14.5799, 8.90171, 11.9, 6.52266, 17.093, 23.9336, 8.02271, 26.6544, 1.3025, 17.5388, 21.3228, 6.71878, 9.85392, 29.625, 19.3268, 13.9859, 5.24796, 9.82002, 18.0319, 13.1011, 29.368, 11.956, 27.06, 14.6061, 15.1058 ], 
          [ 6.53991, 21.9541, 3.2535, 13.1303, 23.1228, 22.2342, 14.6698, 22.8516, 23.0206, 17.0053, 28.9068, 22.128, 24.9493, 1.35017, 2.89921, 13.5739, 28.5133, 13.0219, 12.1115, 14.7415, 26.0805, 13.5502, 10.1978, 9.56166, 6.15149, 2.39686, 13.088, 5.26758, 4.82386, 22.0306 ], 
          [ 15.1376, 8.69778, 28.2392, 19.9729, 10.5963, 15.8167, 17.3333, 21.0553, 18.0373, 14.9168, 28.6527, 4.98476, 29.7336, 11.405, 4.71702, 28.3662, 10.3225, 13.5585, 18.4321, 1.00106, 23.6543, 8.97259, 15.042, 28.1532, 21.9738, 13.7009, 20.6426, 20.5437, 1.83968, 10.5799 ], 
          [ 11.8227, 25.8134, 28.2055, 3.2773, 27.3682, 28.1294, 27.5301, 7.65319, 10.4437, 28.4168, 11.5149, 13.7519, 10.4769, 19.4522, 4.40946, 16.5136, 24.6216, 16.3439, 10.0548, 11.8075, 21.5454, 19.9118, 28.6275, 20.584, 14.7077, 14.1238, 6.19775, 16.1175, 23.268, 3.21486 ], 
          [ 3.14117, 28.7929, 24.5901, 4.47787, 27.1405, 18.1819, 2.64169, 5.11588, 15.4434, 16.095, 1.2867, 28.253, 21.092, 28.1384, 5.03766, 14.8757, 7.78579, 26.1099, 1.56454, 28.074, 26.8537, 12.3205, 22.2118, 29.5527, 25.9956, 18.3268, 29.9797, 20.4957, 20.4587, 12.5673 ], 
          [ 23.964, 2.29823, 6.52474, 10.7563, 23.9627, 15.0473, 24.5485, 11.5882, 19.7805, 16.0965, 26.3091, 29.6861, 14.7551, 18.7711, 4.49834, 8.11127, 17.6913, 29.2289, 3.69814, 25.6746, 20.7906, 20.2793, 9.25438, 10.4863, 20.7956, 23.4246, 17.7681, 12.7845, 21.2215, 19.3988 ], 
          [ 11.694, 2.82847, 20.8461, 25.6103, 20.8214, 28.4191, 6.44024, 3.70128, 27.1066, 3.96812, 4.33653, 13.2275, 10.0142, 29.1113, 13.6779, 1.6038, 18.5652, 4.04281, 24.6658, 13.4185, 9.63919, 8.25357, 19.2277, 15.0569, 2.8558, 22.498, 15.6613, 20.299, 20.4121, 12.0282 ], 
          [ 9.02361, 7.03265, 2.04062, 7.20355, 16.4424, 24.6064, 20.4208, 20.6048, 12.4348, 21.8472, 29.2518, 29.1977, 25.9233, 13.4465, 22.818, 7.06611, 18.9093, 14.0356, 13.8367, 6.17464, 28.6096, 22.8201, 28.0811, 21.4552, 2.10444, 28.3972, 3.46437, 17.935, 19.1422, 3.61863 ], 
          [ 23.7805, 2.0983, 18.0736, 8.76671, 1.60139, 6.09454, 21.4209, 28.6262, 15.3823, 22.4048, 13.5336, 3.56565, 14.0435, 15.9828, 24.0279, 19.7126, 13.9746, 12.708, 27.3426, 19.9781, 6.63418, 16.1032, 11.5275, 20.0898, 8.24254, 18.3403, 1.97698, 10.1051, 26.3259, 22.3473 ], 
          [ 26.8802, 3.38439, 20.541, 24.7815, 23.207, 9.58462, 28.4207, 3.51042, 22.8144, 13.994, 2.93185, 19.8292, 21.7335, 24.9287, 14.0981, 11.5222, 28.4116, 1.65383, 2.78624, 10.1956, 7.05621, 6.20794, 28.9317, 9.05213, 12.4257, 6.98013, 6.72048, 18.8805, 21.7625, 21.9317 ], 
          [ 16.3213, 6.98583, 16.3434, 27.6922, 3.09239, 14.0515, 25.4896, 27.1175, 28.4306, 23.1199, 15.0654, 10.1304, 17.6338, 1.93404, 18.7066, 18.9836, 26.836, 28.7048, 17.3173, 21.2345, 17.4275, 28.0397, 3.34305, 5.14403, 24.0756, 14.7271, 29.7299, 3.70492, 8.85561, 19.6945 ], 
          [ 4.10991, 18.688, 6.71464, 21.0405, 16.6762, 26.6817, 8.33741, 10.6638, 8.23266, 4.36887, 16.9815, 4.5251, 12.6267, 15.6018, 29.8922, 16.9408, 9.27748, 21.144, 14.6152, 5.1649, 26.3776, 1.97477, 15.6116, 6.20201, 25.7058, 14.4381, 19.3927, 12.2491, 14.959, 12.8033 ], 
          [ 4.96686, 27.0011, 8.61117, 25.5559, 10.2179, 6.39468, 6.01242, 9.34115, 22.9135, 15.6037, 10.436, 13.8265, 12.5142, 14.6261, 22.0382, 7.91425, 10.0496, 18.5355, 3.29351, 13.0366, 8.07591, 17.0238, 18.0722, 6.70551, 17.8848, 3.82652, 4.69203, 22.7482, 25.5198, 20.1464 ], 
          [ 28.4319, 28.473, 9.12214, 17.346, 12.1939, 20.0459, 20.0039, 6.8716, 3.39456, 21.9821, 9.12061, 14.3141, 3.05361, 23.0763, 11.2175, 29.6242, 28.2745, 20.6965, 5.74552, 5.05707, 16.4327, 12.3623, 27.0325, 17.0472, 4.55977, 13.231, 23.577, 26.1985, 10.897, 3.05754 ], 
          [ 2.16656, 18.377, 16.7345, 14.6328, 6.8629, 19.675, 8.87217, 22.4667, 27.7597, 11.7999, 17.5055, 2.34138, 14.303, 26.8934, 20.3937, 14.0834, 24.018, 28.412, 8.78527, 9.42618, 25.8559, 12.9723, 25.809, 17.8025, 2.0637, 27.0779, 7.72814, 12.7905, 13.5923, 1.90227 ], 
          [ 13.0616, 11.2093, 1.44979, 5.33476, 2.24165, 28.0946, 27.9852, 27.3693, 5.70889, 3.08326, 18.5704, 26.8091, 8.53446, 1.10664, 19.1565, 6.70839, 27.1001, 27.1183, 27.4942, 11.6427, 23.585, 2.61401, 3.65419, 28.2201, 25.4421, 12.0596, 11.4425, 25.603, 28.5303, 27.1267 ], 
          [ 8.96007, 1.14479, 28.6572, 14.5251, 21.5774, 17.4561, 25.3146, 14.2765, 11.9187, 19.8831, 29.9636, 26.2801, 5.1344, 20.6936, 15.9307, 2.08118, 23.0626, 28.6862, 24.2221, 10.9172, 23.2962, 13.167, 2.8586, 23.7021, 14.7196, 5.08402, 21.5859, 25.6724, 23.944, 6.85504 ], 
          [ 3.62051, 3.41719, 15.6329, 4.1708, 29.4271, 19.6558, 1.78073, 13.0623, 3.77928, 27.7322, 23.4423, 23.3743, 9.97174, 26.2332, 9.81312, 24.1944, 18.5806, 15.8177, 21.7374, 11.5383, 4.63282, 17.2564, 25.1441, 21.6341, 10.0398, 17.0303, 24.9906, 9.49165, 18.9688, 23.5508 ], 
          [ 1.54104, 26.6473, 23.2702, 25.7911, 28.0752, 3.56063, 24.6652, 5.15564, 6.56908, 12.3387, 22.6538, 9.53256, 5.91972, 28.2109, 28.3081, 2.26968, 27.94, 26.1092, 26.8129, 20.4556, 16.2044, 14.9277, 19.8816, 9.93426, 20.3181, 11.3959, 25.0431, 5.32613, 25.5862, 8.51196 ], 
          [ 14.2723, 13.5321, 4.72653, 15.7958, 14.5233, 27.3119, 10.4513, 27.9454, 4.63365, 13.8108, 4.98641, 10.572, 27.1322, 10.0837, 2.90496, 17.734, 26.5409, 27.0462, 1.21053, 12.8077, 18.2328, 26.1832, 4.21134, 3.80459, 15.1557, 22.8569, 4.71179, 19.0657, 18.805, 20.072 ], 
          [ 25.8568, 23.9823, 4.51749, 8.3055, 16.3735, 5.39825, 10.2314, 19.6367, 4.68908, 6.47881, 20.5394, 29.1373, 19.3656, 5.08181, 1.17139, 2.92969, 3.60663, 25.2972, 3.29479, 11.7376, 12.7534, 3.8184, 19.8979, 4.59088, 3.72049, 2.18537, 11.8226, 19.9948, 26.266, 17.6996 ], 
          [ 6.67421, 21.3254, 19.137, 8.52327, 11.574, 11.0165, 16.2063, 27.9532, 20.044, 21.0675, 17.9949, 3.01337, 18.4308, 17.6936, 21.2967, 22.8916, 18.7648, 11.1684, 10.1953, 19.9694, 18.0822, 7.52867, 10.5019, 8.15362, 13.6867, 18.8366, 28.9944, 18.5063, 16.6182, 6.33701 ], 
          [ 27.9116, 13.7502, 3.56129, 14.726, 22.7576, 5.095, 29.0802, 11.564, 17.4089, 18.8704, 3.19257, 4.69445, 2.28821, 26.8156, 18.1834, 10.1986, 21.5866, 9.56993, 19.571, 23.0025, 23.8841, 15.8083, 11.8821, 19.8742, 15.9712, 26.8249, 7.33452, 4.09892, 16.6612, 16.2333 ], 
          [ 27.845, 25.5178, 22.9697, 20.4373, 5.73638, 25.6507, 21.1716, 25.9041, 10.4963, 24.9399, 19.3119, 15.4387, 27.3737, 15.9504, 19.7042, 7.50102, 15.7369, 13.2909, 8.35526, 24.3618, 21.9497, 24.0776, 25.3532, 6.43818, 18.3322, 2.14131, 9.74332, 14.9281, 2.54794, 6.74343 ], 
          [ 8.86942, 22.5471, 25.0579, 7.50822, 6.66357, 10.5166, 16.469, 10.2228, 18.0173, 25.0326, 9.8802, 5.13546, 28.916, 19.7546, 2.18367, 1.05242, 12.6126, 19.3277, 2.4121, 8.24544, 1.28159, 17.9483, 1.28958, 9.52148, 2.2763, 15.9352, 23.9725, 9.16006, 12.9263, 18.7025 ], 
          [ 9.51431, 19.1449, 14.5301, 14.8818, 24.9829, 7.81206, 20.0837, 12.6022, 2.93286, 24.5499, 27.6032, 7.66638, 24.8022, 23.3635, 18.2785, 4.18318, 23.6181, 8.87417, 14.1958, 6.02141, 14.7356, 1.21087, 19.5463, 1.81602, 14.9852, 18.3624, 16.8223, 22.8007, 17.751, 28.2494 ], 
          [ 13.0736, 18.7179, 6.61043, 21.5525, 6.7072, 26.1657, 26.2057, 1.51701, 25.7354, 18.8722, 6.41884, 20.3975, 6.17048, 21.8018, 10.1497, 7.92015, 19.2119, 10.2868, 25.17, 3.79012, 22.5144, 25.7123, 19.6075, 8.72177, 8.22926, 29.0219, 3.77423, 16.9432, 20.8619, 28.6785 ], 
          [ 28.7901, 26.3434, 7.56309, 26.2365, 29.6007, 25.4616, 20.1963, 26.7682, 23.3878, 9.30988, 21.9344, 24.1838, 7.2222, 19.1264, 18.1828, 12.5794, 15.8406, 28.29, 12.1466, 19.9264, 15.4876, 22.3854, 13.751, 5.33631, 28.4633, 19.9616, 21.4981, 18.261, 8.23932, 5.60134 ], 
          [ 13.1858, 4.92586, 13.8378, 7.83558, 18.1894, 12.9155, 25.1188, 13.092, 25.9547, 12.166, 11.5264, 22.052, 11.8546, 9.03265, 19.5166, 24.7553, 23.3259, 23.3398, 13.1141, 8.55511, 29.2615, 11.3241, 5.76024, 19.6409, 6.54375, 13.0333, 1.71239, 20.5804, 27.1084, 20.7691 ], 
          [ 13.031, 8.58054, 18.0694, 9.48287, 14.9325, 8.52132, 18.3879, 26.3805, 19.877, 8.02393, 10.6622, 14.851, 18.6927, 11.0572, 18.1206, 5.28014, 21.1496, 8.91073, 7.48808, 3.97572, 19.4011, 12.1675, 9.48459, 14.4249, 3.21986, 21.6002, 2.91632, 18.7287, 13.0885, 23.4529 ], 
          [ 14.7634, 11.2326, 11.44, 9.93358, 22.4621, 26.9733, 27.4942, 15.9009, 16.7226, 27.2994, 13.7066, 27.0651, 7.73653, 14.4425, 11.5238, 3.12313, 13.7212, 8.55392, 16.4751, 24.4009, 15.3708, 8.65263, 26.7968, 19.2205, 10.3341, 15.0134, 12.1491, 8.9852, 4.1712, 14.3106 ], 
          [ 18.0626, 27.2036, 1.1673, 12.0598, 18.0667, 10.3335, 19.2929, 23.4416, 16.8213, 15.5899, 13.2921, 9.59173, 15.1961, 6.37114, 18.9677, 8.71247, 26.6529, 17.9032, 22.7647, 8.09048, 25.3155, 19.8907, 18.2607, 7.86902, 17.9808, 15.2157, 16.871, 10.4325, 20.2239, 12.6049 ], 
          [ 27.8273, 12.7505, 16.3214, 5.49361, 5.24038, 19.3258, 29.5229, 1.85146, 20.9831, 19.6406, 16.1567, 29.9011, 22.2409, 12.3997, 7.51549, 9.24998, 18.0577, 24.6262, 12.1818, 1.87084, 7.38785, 14.2, 7.59851, 10.6723, 8.3716, 11.9336, 3.56103, 6.65116, 14.4515, 18.5158 ], 
          [ 22.1237, 16.1421, 13.6673, 7.47409, 28.1598, 12.7558, 1.86256, 25.5836, 16.4612, 3.30252, 19.5596, 25.3497, 19.8705, 19.02, 28.8877, 3.4096, 27.1997, 1.87922, 15.4598, 7.46047, 16.9352, 10.9015, 4.91338, 26.0024, 16.2873, 10.5214, 25.4171, 6.92968, 9.45788, 15.4269 ], 
          [ 1.9135, 15.8769, 5.25783, 29.7124, 19.1133, 13.0201, 6.83502, 9.24593, 26.4567, 7.79292, 29.1361, 17.9024, 18.4098, 5.21503, 7.58415, 8.4052, 25.0667, 20.2161, 9.76225, 27.8232, 13.7317, 16.6729, 15.7787, 8.09845, 13.8451, 28.225, 5.3432, 23.0265, 18.5629, 2.36006 ], 
          [ 15.7369, 15.2558, 21.2251, 10.4598, 13.6478, 23.4234, 11.487, 27.1129, 19.5914, 27.0531, 20.8938, 15.863, 21.5697, 5.99009, 11.2627, 11.1618, 2.25537, 5.97949, 1.81927, 26.1466, 19.1279, 3.99144, 13.6463, 1.31302, 24.6299, 26.6238, 6.6604, 21.088, 21.056, 26.2032 ], 
          [ 2.05306, 16.5767, 22.1942, 2.7047, 21.7277, 3.75209, 9.1574, 17.0672, 6.23064, 6.76899, 16.6633, 25.1151, 4.72245, 10.005, 28.4303, 18.3661, 10.0296, 16.8946, 16.2718, 5.15277, 11.7957, 5.0343, 18.5253, 22.3469, 9.84717, 27.1387, 17.8685, 15.1009, 20.2143, 2.03189 ], 
          [ 13.0535, 18.9674, 22.961, 20.6638, 26.4708, 13.1468, 19.7934, 6.11406, 18.4214, 21.1835, 11.3324, 3.81528, 1.85674, 5.02211, 16.7888, 14.2769, 29.7628, 6.13221, 9.59133, 4.29087, 18.3716, 12.7008, 29.1642, 9.15609, 7.17459, 8.37839, 22.6985, 28.0319, 12.8314, 4.71613 ], 
          [ 22.7775, 25.8705, 6.81121, 15.215, 9.14331, 4.92052, 20.8651, 22.0516, 17.4079, 20.2567, 6.30526, 12.0874, 25.7523, 17.1506, 17.5358, 18.2924, 27.2519, 1.51172, 8.04543, 5.52957, 14.7549, 18.7183, 16.8507, 3.08993, 12.874, 7.60255, 11.3085, 14.4008, 9.59512, 6.52719 ], 
          [ 18.8627, 28.2605, 28.4829, 26.4954, 26.9081, 16.7971, 11.5763, 1.38152, 23.0965, 3.45318, 14.5246, 14.503, 8.3949, 27.7087, 3.54308, 20.0897, 17.4247, 24.6638, 19.2546, 3.19453, 22.8391, 6.78557, 5.26025, 17.9702, 9.63218, 3.72424, 24.3619, 14.814, 7.50647, 25.6599 ], 
          [ 10.1567, 21.5855, 19.2475, 11.2937, 3.84469, 16.7439, 11.8495, 10.8168, 22.4013, 15.8197, 27.6463, 5.22092, 28.7345, 6.86962, 12.4764, 24.7238, 12.1401, 27.9389, 25.0932, 20.0177, 20.992, 25.1874, 9.7942, 8.27572, 9.42194, 25.0253, 29.3803, 21.2348, 28.6366, 4.1333 ], 
          [ 19.6674, 1.42135, 11.0771, 6.48435, 4.60582, 21.0432, 12.2686, 24.9607, 9.61125, 28.5081, 10.0243, 5.31167, 11.9116, 3.61954, 15.2848, 17.8908, 18.0326, 6.69432, 7.0267, 9.85577, 17.5966, 10.8665, 28.6261, 22.449, 27.6908, 5.89443, 16.9021, 19.6022, 13.2798, 3.11975 ], 
          [ 27.5954, 19.9061, 9.9439, 29.6864, 8.5232, 18.2061, 5.71822, 27.1591, 28.5966, 23.3799, 21.9287, 18.254, 16.4737, 22.7234, 27.4585, 25.3153, 24.1605, 21.4096, 1.90179, 17.3249, 27.8643, 6.97481, 9.62567, 2.66152, 26.4165, 7.89378, 11.568, 17.4963, 15.4627, 21.4066 ], 
          [ 6.13144, 7.12055, 21.989, 10.0584, 20.6768, 1.32442, 14.2308, 3.46273, 7.68832, 28.307, 23.8891, 25.2221, 13.9709, 23.6627, 24.0387, 5.95844, 6.29182, 8.10203, 13.8968, 16.3934, 17.6537, 1.64709, 24.7597, 20.3555, 5.50978, 23.2299, 2.54257, 12.3601, 17.8649, 15.8856 ], 
          [ 5.93937, 5.91532, 16.5633, 20.093, 11.4227, 1.38863, 23.3314, 15.8664, 7.30269, 29.5812, 19.9357, 14.1113, 2.51966, 15.2001, 24.7804, 27.0934, 23.1253, 18.4678, 24.6933, 7.60013, 3.92243, 15.9713, 20.7008, 19.1284, 14.8505, 29.4921, 20.0663, 23.4141, 5.72305, 16.7813 ], 
          [ 14.4852, 22.4913, 11.759, 15.4077, 14.8767, 7.82554, 9.26888, 5.55612, 5.32437, 22.4307, 2.26649, 11.3357, 9.23712, 23.8066, 18.6801, 9.431, 5.1682, 25.1473, 5.54532, 8.8486, 6.10987, 25.3706, 23.3609, 29.2767, 13.0783, 20.7472, 28.7453, 20.1006, 19.7299, 10.3492 ], 
          [ 12.2689, 26.2818, 27.9779, 11.7116, 27.0458, 21.1957, 28.1804, 18.961, 4.67867, 14.6852, 15.2106, 18.725, 9.18855, 15.4273, 3.74353, 25.3255, 6.97221, 6.08124, 8.59538, 18.7239, 3.72842, 22.5979, 12.8028, 11.8555, 20.3618, 25.3705, 1.82032, 28.6194, 3.29742, 25.8486 ], 
          [ 11.8873, 27.6234, 25.9393, 9.34657, 24.9406, 29.6749, 9.49507, 13.7008, 18.0227, 13.0505, 20.3758, 2.31572, 3.0283, 5.63499, 29.6392, 11.2649, 13.4858, 22.9287, 16.6168, 11.2908, 21.1148, 15.559, 26.6954, 24.8219, 22.1819, 6.57794, 12.5695, 22.6349, 23.2634, 22.1718 ], 
          [ 3.01421, 1.80783, 12.2275, 20.5859, 7.51626, 14.7543, 10.1733, 18.5365, 29.199, 28.4081, 11.3223, 4.95332, 22.0695, 8.63576, 14.5291, 28.2054, 20.0288, 18.2609, 29.7017, 25.721, 7.70676, 10.2069, 11.9916, 14.9203, 28.0749, 20.4199, 27.9167, 16.2596, 27.543, 5.31989 ], 
          [ 23.8352, 13.0821, 10.5573, 11.8989, 23.5619, 7.63834, 19.1973, 22.7463, 6.85538, 28.1421, 29.9356, 25.9204, 17.7161, 1.9687, 20.1274, 6.17477, 29.8679, 12.7004, 1.52912, 23.1139, 2.41688, 1.47624, 12.8971, 18.1495, 6.31548, 5.25891, 14.3315, 8.88998, 12.4462, 14.9905 ], 
          [ 6.98624, 5.33356, 17.4828, 17.5752, 20.281, 16.5774, 5.73433, 9.00374, 25.9898, 27.5963, 5.9883, 17.8936, 20.0831, 20.485, 12.7397, 3.70546, 3.50832, 25.0444, 22.5812, 6.84732, 3.81056, 28.6406, 5.40457, 25.6424, 13.9806, 9.51844, 11.2539, 8.85904, 19.6318, 22.4256 ], 
          [ 3.95904, 25.499, 22.0809, 12.4718, 6.19523, 16.8404, 20.592, 28.1352, 15.7006, 8.18403, 1.98676, 25.8009, 16.4746, 19.5989, 7.31367, 14.3593, 9.45365, 14.5709, 25.4315, 1.06405, 2.29169, 5.70421, 18.7, 5.08185, 22.8189, 2.35958, 26.1126, 10.1057, 17.6513, 12.6282 ], 
          [ 25.4311, 18.3669, 14.38, 6.14382, 1.03934, 27.802, 20.2317, 7.28944, 15.4702, 29.0905, 25.1575, 8.50773, 26.2208, 22.9792, 20.1724, 16.6233, 26.8862, 10.1826, 22.5669, 7.12484, 4.915, 13.4776, 11.3426, 1.80461, 18.4355, 2.43516, 8.69937, 6.57384, 25.2321, 26.1517 ], 
          [ 7.67355, 11.9651, 22.0684, 11.5197, 26.9574, 15.7352, 9.77166, 29.9831, 11.9628, 24.653, 22.981, 3.4077, 15.046, 9.3391, 6.49328, 16.2596, 23.6631, 9.77395, 17.3101, 24.4131, 10.5921, 3.63223, 13.3876, 11.039, 6.71921, 26.1758, 27.2548, 5.38566, 15.7908, 24.4492 ], 
          [ 18.9202, 10.8833, 15.9505, 3.65389, 12.3854, 26.0441, 12.4302, 27.1479, 1.25089, 8.2555, 24.3819, 11.7286, 13.25, 6.09061, 25.0919, 3.34224, 11.2704, 20.3453, 3.46451, 1.04747, 7.5469, 29.9254, 7.91637, 18.1394, 24.5008, 23.4872, 9.38481, 17.2217, 29.4584, 28.6323 ]
        ], 
        [
          [ 5.55521, 13.4019, 19.6915, 23.2105, 7.84286, 29.1507, 16.8167, 22.7556, 24.7734, 14.406, 15.8983, 6.54601, 9.53156, 24.0612, 22.2564, 15.4306, 8.88781, 7.65747, 17.618, 28.6677, 22.4889, 19.087, 16.371, 17.8978, 28.4821, 4.05986, 4.80206, 23.0998, 9.54997, 25.7753 ], 
          [ 3.99528, 9.69406, 15.9392, 18.5725, 15.6645, 21.4028, 7.19167, 1.59591, 15.3406, 6.40705, 29.3294, 7.42347, 2.71535, 15.6906, 11.3523, 17.3145, 15.6877, 3.89514, 5.73229, 5.91694, 27.3343, 12.0614, 15.1677, 20.5492, 17.1893, 28.9148, 9.579, 24.5011, 13.1994, 3.21621 ], 
          [ 20.859, 28.9821, 21.8861, 26.4294, 12.2135, 27.925, 19.3893, 11.1125, 6.20927, 27.6826, 14.9234, 22.891, 3.53313, 3.33236, 26.7171, 22.2966, 5.9815, 21.9134, 4.46259, 7.16594, 21.2217, 9.29323, 27.3819, 24.1002, 18.8072, 12.1669, 7.11282, 20.9244, 16.4416, 15.1576 ], 
          [ 6.10048, 16.8008, 12.6396, 17.9149, 16.8518, 20.1861, 21.3011, 10.9613, 5.82266, 11.5776, 22.7125, 4.63882, 5.80271, 11.508, 11.9177, 17.1881, 5.58262, 25.8518, 24.2742, 25.2991, 20.0034, 18.1245, 4.07927, 21.3453, 10.4743, 4.63002, 26.6597, 5.09481, 10.7046, 27.7968 ], 
          [ 19.3822, 19.8022, 13.1793, 29.6382, 14.9699, 18.7563, 21.1479, 14.2354, 27.2029, 9.63054, 6.99238, 13.4854, 27.1503, 16.7443, 4.26604, 4.47771, 20.3394, 9.8074, 24.015, 3.07281, 23.4665, 14.635, 6.31941, 28.7536, 20.2358, 27.2546, 18.7715, 29.4319, 9.77772, 9.49868 ], 
          [ 22.757, 4.2845, 28.9678, 11.4846, 25.4809, 25.4426, 20.3678, 2.08013, 12.2249, 1.99535, 17.6194, 13.4993, 15.3334, 12.2808, 24.0711, 27.3893, 29.5516, 26.1843, 29.1781, 2.13623, 22.4469, 27.5822, 17.6463, 20.5231, 8.33824, 6.71916, 8.83184, 8.53008, 27.2721, 17.9258 ], 
          [ 22.9063, 7.92724, 20.49, 26.7537, 7.20857, 9.36319, 7.32901, 12.9876, 12.3194, 5.05111, 23.4667, 19.2681, 29.7038, 26.373, 7.1793, 14.2631, 3.0755, 19.673, 4.59609, 16.216, 17.1092, 2.26572, 11.0366, 11.9653, 3.65785, 26.7188, 4.88862, 19.7921, 7.34771, 2.49878 ], 
          [ 5.21364, 11.5247, 4.07088, 22.8175, 26.4916, 28.4202, 4.77553, 5.38453, 19.8948, 6.57516, 12.5746, 25.8493, 14.0622, 2.80247, 15.3851, 17.9701, 20.7502, 29.9876, 10.3415, 29.8383, 16.9587, 10.836, 26.3939, 4.1653, 7.85438, 24.3134, 22.2411, 12.624, 20.5946, 1.36507 ], 
          [ 6.89391, 21.181, 13.1838, 11.1157, 25.6811, 27.1494, 17.2035, 29.3501, 14.2629, 20.891, 22.8832, 1.70377, 29.8658, 2.75635, 10.5066, 7.70452, 18.2436, 8.81206, 15.1354, 15.9879, 12.715, 17.6014, 24.288, 4.29717, 22.7625, 10.3014, 23.8114, 11.1444, 14.0243, 22.3146 ], 
          [ 5.86096, 9.57754, 22.0479, 20.0123, 28.8965, 16.2381, 11.9498, 14.8022, 27.1411, 23.6833, 8.30347, 17.6756, 22.3706, 19.7324, 5.83253, 9.90782, 1.2866, 20.6954, 17.5341, 13.191, 18.2278, 25.1389, 29.2702, 17.7253, 24.1013, 10.1337, 19.7292, 22.4011, 9.2508, 13.3221 ], 
          [ 9.89947, 19.8561, 6.92208, 27.4346, 25.6255, 20.3278, 21.7059, 25.6641, 4.79491, 19.2725, 24.0474, 5.21849, 9.84924, 27.1313, 9.09147, 19.8273, 5.89587, 12.5778, 28.1323, 25.5983, 11.7516, 29.8703, 3.52361, 13.7211, 25.6474, 15.6445, 3.35413, 6.7264, 21.1339, 21.7804 ], 
          [ 26.6499, 11.2487, 7.51975, 22.1539, 14.2856, 4.37719, 5.17487, 6.49031, 14.0294, 28.7747, 5.84621, 7.6422, 2.48585, 10.0108, 19.2462, 19.2802, 22.2753, 7.34317, 27.1038, 24.181, 8.83024, 3.25646, 8.23032, 28.6526, 27.239, 20.7654, 28.2194, 19.1105, 15.3031, 9.26586 ], 
          [ 4.12776, 22.1869, 16.5306, 12.2565, 1.13679, 22.3146, 14.7393, 27.807, 29.268, 25.3728, 26.905, 19.6477, 29.8402, 26.4418, 10.1029, 4.41913, 17.5016, 27.1764, 19.257, 8.01523, 28.5955, 12.8506, 25.9583, 25.6727, 24.621, 27.0234, 21.9988, 18.2911, 11.4428, 1.19984 ], 
          [ 4.59971, 12.9666, 25.6849, 1.70103, 5.15366, 7.41212, 10.423, 8.3147, 2.10825, 7.26696, 26.5848, 20.0874, 1.62751, 11.5592, 29.1012, 6.85467, 27.7769, 7.8325, 8.78978, 23.8997, 29.1382, 19.5432, 7.11597, 28.8971, 5.59943, 2.94711, 24.0618, 25.2985, 13.6056, 25.5366 ], 
          [ 4.92079, 27.015, 6.84279, 7.82581, 19.6969, 7.16252, 29.896, 24.0141, 18.8594, 26.0391, 28.1519, 10.5644, 25.4418, 14.7736, 19.4157, 4.70725, 6.06903, 16.5745, 16.3631, 14.8646, 21.9553, 5.28559, 3.91684, 7.99497, 11.1998, 5.14103, 27.3182, 13.4615, 26.8418, 7.60327 ], 
          [ 20.9758, 10.8927, 13.8131, 3.97852, 2.55011, 13.8853, 28.5423, 9.85809, 2.52956, 27.0751, 18.8296, 20.4183, 16.2893, 26.7202, 27.1359, 11.9381, 5.76432, 7.97614, 19.5131, 27.1766, 25.523, 18.8316, 10.666, 8.87303, 22.8302, 22.6903, 6.31734, 3.57573, 13.3137, 28.878 ], 
          [ 23.777, 16.992, 9.76197, 3.87046, 20.3278, 24.3012, 24.8535, 1.82673, 17.6096, 2.19315, 25.3987, 7.87174, 24.5271, 14.4067, 2.34508, 29.2086, 6.19728, 3.89778, 3.39565, 2.25224, 1.62456, 7.64078, 18.3745, 23.0346, 21.5936, 26.1281, 24.0914, 4.52181, 21.0426, 29.7962 ], 
          [ 2.01922, 8.04176, 5.08589, 17.116, 5.35615, 21.3382, 14.7389, 6.65725, 20.7999, 28.9061, 17.5545, 10.9024, 12.2049, 22.7576, 11.6248, 9.63557, 13.7554, 16.9785, 9.46591, 10.0382, 26.3401, 11.8515, 11.7834, 6.39291, 2.47407, 20.8777, 26.8527, 1.08917, 16.878, 28.2853 ], 
          [ 3.93958, 8.3516, 25.8631, 13.5031, 16.3451, 29.4479, 29.5424, 12.6488, 17.7433, 14.6325, 22.2553, 4.71353, 21.8484, 25.6713, 5.61865, 1.47767, 15.2096, 6.00766, 4.55046, 3.37032, 4.70038, 7.76652, 27.7562, 5.06072, 6.22902, 12.6371, 18.6025, 9.44701, 1.13359, 9.51493 ], 
          [ 28.3294, 26.4163, 7.63417, 22.7601, 10.4084, 2.28094, 4.82877, 19.3264, 1.60923, 14.4092, 1.46158, 2.8781, 24.724, 21.738, 9.4505, 2.04795, 7.05311, 5.87899, 4.84052, 13.6602, 4.22018, 2.39798, 14.0786, 19.1728, 23.0488, 28.2474, 23.1933, 27.3009, 27.1201, 3.96293 ], 
          [ 21.8334, 16.5774, 17.3541, 29.964, 7.09676, 1.5126, 17.9931, 28.093, 3.33567, 25.3154, 29.4357, 12.1247, 8.80242, 29.199, 7.47629, 4.13455, 3.02479, 4.97281, 20.8288, 26.4889, 20.3172, 25.8226, 8.1753, 4.44031, 1.97179, 16.5764, 5.71997, 18.7347, 3.23687, 6.14615 ], 
          [ 7.48919, 20.9504, 3.59064, 23.1033, 14.7071, 6.39982, 29.7258, 23.916, 17.6778, 11.1244, 3.0406, 28.9629, 24.1465, 21.6076, 27.9912, 13.2195, 5.90948, 10.187, 5.0539, 15.3335, 10.2089, 12.4286, 28.5663, 18.9435, 29.34, 5.63078, 20.5744, 7.64174, 24.5167, 1.54978 ], 
          [ 11.7521, 19.7106, 8.08647, 27.2891, 9.51585, 26.3289, 2.62163, 20.6184, 28.7848, 10.8351, 20.0894, 27.4712, 9.52964, 24.3845, 3.83379, 10.0398, 27.6976, 17.0322, 11.7521, 14.1724, 3.21854, 26.0742, 26.9677, 19.4225, 17.6385, 17.3575, 10.1488, 13.9811, 4.23648, 27.8489 ], 
          [ 27.5056, 5.77306, 21.3806, 4.76263, 23.399, 2.27975, 1.36978, 28.682, 8.5459, 20.856, 29.6493, 16.1087, 6.97776, 9.86559, 20.79, 5.00769, 12.0633, 8.07155, 9.94105, 6.54263, 2.9521, 28.205, 21.2984, 14.4573, 10.5662, 18.2005, 14.2103, 28.7205, 12.399, 13.2735 ], 
          [ 19.7667, 22.369, 14.1059, 11.0891, 12.713, 27.0362, 2.7314, 15.2384, 14.9706, 5.14308, 1.77787, 11.4962, 1.76671, 27.098, 8.0129, 9.41187, 14.2306, 13.2862, 25.7564, 29.0592, 9.03609, 18.9096, 18.2604, 4.11315, 29.4312, 20.5334, 29.1128, 1.95667, 6.58249, 1.48933 ], 
          [ 24.4651, 22.7578, 12.328, 7.28021, 10.179, 20.5257, 26.7828, 22.0745, 4.23175, 4.15128, 26.6772, 7.44407, 27.5854, 22.903, 28.8401, 3.47948, 11.9248, 29.4111, 24.709, 13.163, 24.1066, 24.7793, 26.8331, 26.9272, 29.5183, 14.5699, 4.7974, 5.36766, 27.7887, 15.6857 ], 
          [ 4.9858, 7.91812, 9.38762, 16.3294, 8.57047, 1.16225, 15.1938, 28.553, 11.0664, 11.9273, 29.0011, 13.7316, 6.22778, 5.94855, 13.4091, 1.26078, 17.6412, 4.42803, 23.9401, 23.1137, 9.2667, 22.7632, 27.4571, 12.576, 22.9773, 15.3403, 4.55078, 13.4046, 27.6638, 8.6733 ], 
          [ 4.70153, 19.6412, 17.702, 3.34681, 26.5594, 18.2573, 19.9543, 26.5209, 13.644, 3.31337, 21.9256, 8.65384, 9.09637, 22.2531, 22.1275, 16.1414, 17.8832, 5.694, 29.4339, 4.93864, 18.8433, 9.9184, 26.4574, 2.64077, 25.6351, 11.0929, 25.642, 12.4589, 1.79024, 23.5608 ], 
          [ 9.05545, 13.4125, 12.1484, 7.82894, 24.7421, 29.6931, 19.0069, 3.01912, 1.72903, 4.40484, 8.53159, 10.7122, 15.6412, 22.8818, 6.38543, 10.6636, 2.32333, 27.2942, 20.9898, 1.04895, 6.8858, 21.0024, 19.9592, 25.5304, 8.844, 28.1557, 5.46362, 6.41404, 29.3439, 6.79764 ], 
          [ 10.5355, 26.8957, 15.6673, 24.1082, 15.6056, 2.67492, 25.7564, 1.76741, 19.5519, 8.2702, 6.86681, 9.78092, 28.1487, 15.7953, 28.0686, 23.6782, 22.5954, 14.7803, 28.0197, 11.573, 25.6255, 21.195, 15.7019, 23.867, 22.4347, 3.85984, 1.9098, 18.709, 23.3216, 18.9868 ], 
          [ 23.3041, 9.34125, 18.8459, 28.9888, 14.506, 5.0108, 10.059, 4.53987, 5.80885, 12.2121, 3.25378, 24.4854, 2.75783, 15.4137, 10.1658, 16.7038, 1.38753, 17.2209, 13.04, 24.9598, 17.3813, 8.63479, 13.7537, 29.1267, 14.9914, 23.2078, 19.6846, 8.3243, 24.5233, 25.2125 ], 
          [ 9.04596, 27.9833, 25.5462, 24.1462, 19.7667, 22.1177, 9.96434, 15.1222, 2.33046, 13.5453, 22.7174, 2.18687, 10.0022, 9.99292, 28.3957, 9.01324, 21.7289, 16.9122, 9.04604, 21.6532, 20.7661, 29.6378, 28.1061, 26.4283, 4.12261, 2.17747, 16.444, 3.95972, 21.43, 11.9887 ], 
          [ 13.8594, 17.1041, 2.1394, 15.8715, 15.5663, 28.8436, 21.7387, 12.7739, 10.8809, 4.87133, 16.1612, 9.56423, 8.24989, 15.5138, 28.9278, 16.6276, 19.9914, 22.8253, 3.25712, 10.4252, 27.5091, 26.1532, 21.4798, 11.9196, 5.02359, 5.41962, 10.371, 23.802, 1.26466, 14.0564 ], 
          [ 20.2209, 5.50227, 19.1192, 4.51458, 26.0899, 4.48306, 10.5253, 5.29307, 2.20258, 21.2847, 14.3153, 1.24657, 21.2581, 5.30779, 17.9757, 18.9909, 10.1018, 23.64, 4.91577, 15.3387, 15.5888, 5.45883, 28.7845, 5.79472, 6.18321, 23.2957, 2.43948, 23.0893, 2.10598, 15.7725 ], 
          [ 25.132, 19.8767, 22.706, 1.67108, 8.0201, 17.8947, 29.5538, 2.35042, 10.5561, 1.80854, 22.8019, 29.4289, 28.8738, 14.0273, 12.2293, 11.2245, 21.2891, 24.1785, 20.2758, 21.0284, 1.85222, 23.8522, 23.2117, 23.0985, 6.39935, 7.85116, 24.9532, 21.7061, 27.3897, 27.2296 ], 
          [ 27.6816, 22.1255, 12.4895, 15.1533, 8.40043, 29.9563, 1.65335, 4.10669, 21.1721, 8.39812, 26.2878, 29.5909, 13.5712, 16.0959, 27.9388, 26.9691, 26.9249, 19.2892, 12.8495, 1.06143, 23.2124, 21.4688, 9.11628, 24.6814, 24.4351, 13.3549, 5.43953, 21.7085, 6.44161, 16.7073 ], 
          [ 13.4827, 11.5088, 15.3248, 4.77113, 19.4312, 18.4607, 27.8893, 12.6836, 27.5635, 6.48758, 28.1989, 8.35866, 12.3065, 19.9259, 10.8517, 12.5472, 5.78104, 8.30277, 18.555, 7.26898, 22.1585, 18.1662, 25.1155, 17.588, 26.2481, 16.8314, 29.7764, 13.1141, 28.3592, 11.0592 ], 
          [ 11.1552, 17.1622, 10.8534, 7.91203, 29.8321, 16.1801, 10.0023, 10.9937, 2.33572, 17.9173, 16.4227, 28.1174, 1.70416, 4.58544, 1.99093, 22.4095, 25.244, 11.2671, 14.6459, 28.8969, 13.3772, 15.8489, 4.03631, 17.5106, 2.9558, 21.2862, 6.52847, 16.5913, 9.34182, 26.9626 ], 
          [ 28.5175, 4.56584, 2.36604, 8.73281, 14.8663, 3.75628, 3.77027, 21.8642, 29.7919, 15.8936, 25.59, 13.4997, 29.3329, 7.7128, 12.1465, 12.0767, 4.84683, 24.7278, 28.5038, 1.89832, 18.7283, 18.8977, 23.4448, 1.48284, 26.7834, 12.1154, 27.1561, 22.2089, 22.3278, 8.46366 ], 
          [ 20.8613, 17.5836, 18.8541, 17.1276, 1.65115, 7.779, 10.6685, 26.0093, 18.1114, 20.9715, 5.55258, 3.94189, 7.75192, 21.9492, 3.619, 29.8234, 17.1169, 24.7664, 18.2969, 4.96014, 15.4896, 29.7957, 16.7892, 16.732, 27.3184, 18.0101, 28.8898, 21.3857, 21.7194, 3.58065 ], 
          [ 12.3177, 25.8655, 18.849, 7.82084, 27.335, 16.7156, 21.5109, 15.3742, 27.5676, 6.85543, 21.8628, 10.9355, 22.8893, 24.6559, 29.4349, 29.2912, 25.493, 8.58686, 2.67156, 6.33703, 15.2532, 2.36242, 8.15762, 10.151, 22.237, 8.42071, 5.36602, 15.1635, 9.66007, 6.02521 ], 
          [ 29.9325, 3.01136, 17.954, 14.6926, 11.4915, 29.7898, 7.26948, 6.65282, 22.5564, 1.8372, 27.8911, 17.2743, 18.3332, 28.7363, 10.8807, 2.7067, 27.516, 15.7833, 8.64265, 21.2619, 12.7902, 16.2518, 24.0554, 22.5313, 5.18452, 7.413, 5.33903, 2.51252, 5.82467, 22.5712 ], 
          [ 29.5875, 6.88563, 6.05326, 11.0624, 10.959, 26.534, 14.4233, 20.6424, 4.25459, 26.18, 20.0742, 22.7442, 11.3478, 25.8946, 3.42954, 21.7466, 17.8574, 7.20013, 28.3871, 27.8175, 13.7645, 29.5378, 26.2645, 2.06988, 12.765, 25.1636, 14.9214, 18.8563, 18.5853, 12.9147 ], 
          [ 17.02, 6.37329, 2.81923, 29.6847, 2.27254, 19.9419, 24.1664, 13.852, 7.44907, 16.4448, 1.80946, 23.0539, 11.9606, 6.70231, 21.3514, 11.9449, 2.98824, 17.0119, 26.5822, 20.9717, 12.5442, 18.8391, 15.1341, 25.229, 20.9858, 3.49157, 27.2378, 28.6449, 18.8773, 25.9847 ], 
          [ 11.6473, 25.1316, 11.1432, 19.7367, 12.5687, 28.5345, 23.6953, 28.3744, 2.87638, 22.8077, 24.2815, 25.3002, 11.1939, 4.9841, 18.2466, 20.9984, 23.4496, 5.56237, 9.71072, 6.40495, 21.9499, 24.4878, 2.32874, 23.3449, 19.5688, 10.3279, 26.5558, 28.0528, 15.5715, 2.58813 ], 
          [ 26.2245, 26.0237, 15.2132, 27.7876, 13.4451, 14.8666, 27.3662, 4.31133, 11.0483, 23.6793, 14.3085, 4.60062, 14.5893, 24.082, 24.473, 25.7557, 14.126, 20.0817, 15.7186, 15.6074, 10.33, 17.4423, 20.6223, 4.73634, 7.58079, 2.49069, 6.67253, 19.3583, 6.9005, 3.8956 ], 
          [ 22.1195, 14.7918, 13.5684, 11.8482, 7.22796, 22.8529, 19.2124, 13.0023, 25.1197, 19.5625, 29.8677, 25.8141, 2.76491, 6.20053, 15.6488, 16.5393, 13.6121, 11.0543, 27.7923, 26.5961, 5.30482, 19.0511, 17.3215, 23.013, 16.3119, 7.49664, 11.3856, 21.6534, 2.7546, 21.6923 ], 
          [ 1.4726, 18.8325, 12.8983, 14.3259, 21.2612, 24.9673, 8.51136, 10.6759, 7.70758, 7.85985, 24.294, 17.5599, 23.0987, 23.6609, 7.10704, 3.77382, 10.5882, 4.08284, 29.8072, 28.7317, 21.3929, 10.3483, 6.91238, 6.88014, 4.53593, 1.65923, 27.2174, 18.8801, 6.94198, 4.65751 ], 
          [ 17.5565, 14.4228, 7.85838, 22.894, 11.2653, 13.7737, 20.0804, 15.294, 19.3628, 28.6703, 23.7554, 13.9366, 19.9807, 6.96364, 21.0854, 12.7952, 4.69759, 29.6414, 12.6119, 25.9367, 12.2874, 8.44851, 1.27328, 2.88136, 25.7869, 5.57629, 12.275, 20.3101, 6.21716, 10.9625 ], 
          [ 25.4326, 13.3116, 20.6167, 21.3803, 9.70457, 29.3949, 19.7962, 28.2808, 15.77, 18.9061, 7.11237, 11.5314, 5.22262, 26.7255, 21.2126, 28.3947, 21.0178, 29.2756, 28.7015, 7.85954, 17.3586, 15.6552, 7.96429, 11.6907, 22.0831, 23.5136, 16.0916, 20.1448, 7.8237, 6.5578 ], 
          [ 21.7337, 17.53, 12.3742, 17.5146, 3.456, 6.61274, 3.0691, 1.88419, 8.64811, 17.9622, 7.77997, 20.1263, 9.58219, 29.8431, 27.4391, 8.00103, 16.1375, 10.3109, 16.869, 10.7621, 13.6, 4.79111, 14.2194, 26.7417, 10.8625, 4.44725, 28.9913, 25.5644, 13.2397, 6.60533 ], 
          [ 26.3701, 19.4056, 2.82715, 26.5194, 11.0956, 21.3649, 4.22814, 3.41463, 8.36918, 14.5652, 29.7624, 25.4217, 27.3995, 22.9099, 21.2462, 13.5157, 13.3202, 26.206, 16.1316, 26.4356, 12.377, 23.4904, 29.3601, 9.55784, 20.4789, 1.7295, 9.69575, 12.9931, 14.0481, 29.2408 ], 
          [ 13.2387, 24.1226, 16.8948, 22.1711, 28.3887, 3.05329, 26.965, 1.32088, 24.1461, 25.1451, 11.5654, 22.4329, 2.94308, 19.112, 26.7253, 24.8175, 25.0815, 14.9504, 1.50814, 8.95621, 29.1186, 15.0251, 29.3559, 7.93623, 21.561, 29.6684, 15.2905, 21.7088, 7.78354, 14.3378 ], 
          [ 2.96105, 24.4943, 14.5286, 28.6449, 25.1304, 9.50852, 7.63315, 29.5186, 20.17, 24.5655, 19.5315, 21.8266, 13.7346, 11.1541, 16.0002, 29.5168, 2.59338, 10.5963, 4.19607, 11.7868, 14.1417, 11.248, 7.48287, 25.4487, 20.6446, 8.21689, 3.49776, 15.933, 5.00398, 25.3667 ], 
          [ 13.4417, 29.95, 11.9911, 2.36394, 27.1383, 13.8467, 25.9447, 20.8671, 4.50951, 12.3834, 18.1141, 21.8852, 24.7006, 28.6299, 18.2345, 12.7504, 2.32928, 10.1417, 2.47928, 4.56466, 3.88554, 17.0944, 13.0296, 5.80361, 13.1107, 15.6374, 1.49174, 5.09372, 15.675, 19.3325 ], 
          [ 14.4329, 19.5348, 29.4493, 13.6446, 1.37246, 7.46834, 1.11218, 21.923, 7.73929, 5.36216, 29.7585, 7.77177, 29.911, 26.1683, 24.2881, 27.3853, 4.92918, 23.8899, 8.716, 19.1162, 11.4112, 9.11876, 22.3918, 6.51042, 29.9653, 14.6562, 29.742, 2.53942, 14.1883, 11.3389 ], 
          [ 28.9603, 27.4149, 16.9271, 26.2726, 29.3888, 22.7199, 14.7629, 22.2242, 25.1443, 8.59567, 2.88784, 9.85312, 20.2861, 19.2329, 4.25749, 5.45274, 26.2861, 13.434, 3.07506, 14.5681, 22.0311, 8.67177, 15.9101, 23.5406, 9.10986, 9.61403, 7.5404, 8.51968, 1.57525, 7.67481 ], 
          [ 26.1767, 10.6771, 16.4871, 5.787, 14.9649, 28.8782, 17.4914, 15.1932, 9.15392, 14.2279, 14.1776, 4.05805, 1.7227, 24.5244, 8.32938, 4.88085, 14.3088, 20.5868, 15.7412, 1.33691, 29.6956, 8.14559, 28.4129, 2.52745, 6.08008, 10.9613, 12.8177, 22.8198, 17.3211, 23.4109 ], 
          [ 4.88603, 15.1945, 26.389, 29.8115, 29.0079, 26.3355, 5.70461, 1.83991, 17.2441, 14.9083, 6.51256, 8.70229, 15.9198, 13.0141, 20.3044, 21.532, 13.7484, 19.9432, 5.08531, 18.1805, 27.5648, 22.7494, 6.60009, 9.06755, 1.90719, 8.25109, 23.8959, 19.172, 5.47648, 21.7085 ], 
          [ 25.8766, 28.1658, 3.08096, 8.1998, 6.17353, 2.90718, 8.56883, 19.7441, 27.9271, 3.72976, 28.4891, 19.8715, 25.9778, 2.03255, 3.48712, 6.94855, 9.87687, 8.07936, 5.07377, 16.6486, 12.5915, 16.2426, 9.80963, 17.067, 26.8737, 3.21884, 23.108, 1.26665, 18.5447, 25.8443 ], 
          [ 18.9897, 29.7272, 15.1222, 18.2838, 21.7271, 4.41926, 23.6831, 16.6564, 17.4906, 17.8379, 2.14691, 24.0689, 10.3004, 23.7055, 3.15409, 13.0508, 14.2092, 12.9959, 4.42345, 22.6648, 13.4036, 27.6195, 11.888, 25.7462, 24.5547, 8.367, 28.0031, 26.1618, 28.9242, 5.31436 ], 
          [ 13.7769, 9.09993, 22.0127, 3.21301, 16.7417, 27.0663, 27.1896, 16.21, 2.03218, 6.22736, 21.398, 25.0264, 3.29131, 16.0285, 10.059, 29.0304, 8.52964, 20.5597, 11.8188, 12.1495, 11.4494, 28.9793, 5.11604, 15.0335, 13.8145, 4.31071, 25.4871, 20.5179, 2.70083, 26.7486 ], 
          [ 15.0697, 14.714, 3.32163, 19.84, 14.5408, 2.49003, 19.4992, 8.02861, 17.1166, 12.9286, 25.0562, 29.315, 20.3195, 25.8525, 5.99464, 8.6835, 18.216, 16.6162, 12.9858, 29.6429, 27.9041, 25.1955, 6.03207, 8.3356, 21.2707, 15.0475, 11.3079, 16.9023, 14.5005, 20.8637 ], 
          [ 25.8569, 5.95715, 13.6932, 27.7807, 13.2692, 1.89972, 8.18642, 19.6328, 25.7503, 1.07329, 11.0546, 5.70698, 20.2371, 14.1644, 6.05728, 19.0257, 24.6683, 20.4509, 18.7808, 21.4197, 24.1702, 21.8379, 27.5946, 10.2497, 9.87706, 27.0092, 25.4904, 23.8932, 5.89818, 22.8223 ], 
          [ 10.904, 5.83875, 26.1616, 10.3227, 10.2956, 1.02192, 13.4493, 15.5865, 12.1455, 18.0033, 25.3413, 5.78227, 20.9123, 10.8342, 9.79426, 27.4186, 13.7976, 2.91345, 27.6339, 27.3824, 24.5533, 29.5916, 29.3608, 2.62135, 27.792, 3.84344, 15.921, 23.3358, 1.52844, 15.2402 ], 
          [ 22.3635, 25.2624, 23.125, 29.8796, 27.212, 27.9031, 25.1303, 29.983, 23.1053, 1.22016, 22.3928, 28.3592, 26.1469, 23.5134, 23.2743, 22.4559, 20.8371, 16.4766, 23.307, 23.0361, 3.90058, 29.2409, 21.1991, 4.57602, 5.43457, 11.2914, 18.6541, 13.595, 28.1021, 5.88261 ], 
          [ 15.6956, 14.5729, 19.912, 22.8954, 12.8484, 26.5109, 14.8466, 21.185, 28.9079, 29.5031, 29.4548, 12.718, 13.3401, 29.8036, 2.35688, 9.29641, 26.556, 2.73873, 8.24978, 22.1314, 27.1645, 18.8824, 21.2532, 18.4578, 25.9204, 4.77551, 24.3368, 17.7477, 13.7078, 9.5915 ], 
          [ 6.60698, 8.77072, 13.1072, 20.6994, 19.4458, 17.3243, 17.4551, 11.7646, 6.78494, 19.8251, 23.6727, 23.4113, 4.00003, 14.8023, 6.4552, 22.4246, 1.57153, 18.2521, 9.86729, 4.30372, 27.6344, 23.335, 7.31103, 5.06072, 11.1068, 24.6692, 23.681, 11.7199, 18.4042, 11.051 ], 
          [ 12.3374, 27.9642, 7.4774, 22.8074, 14.8913, 29.535, 4.11231, 1.18625, 23.7403, 28.7653, 14.9088, 22.6884, 2.79067, 25.1235, 15.6003, 3.65512, 15.0226, 10.2601, 26.9976, 8.95227, 2.44424, 24.7657, 19.5391, 6.39897, 1.57153, 2.25806, 27.7442, 6.85868, 18.0834, 16.4705 ], 
          [ 6.60801, 6.99076, 2.35156, 18.6415, 29.3436, 24.9768, 14.8724, 4.46579, 22.3188, 29.932, 19.6763, 14.6427, 18.8839, 17.2656, 8.05213, 14.8494, 13.8627, 29.8522, 18.1831, 28.9783, 5.72669, 12.8715, 1.22514, 25.7902, 25.6007, 21.2187, 9.1948, 28.1685, 18.4004, 25.0202 ]
        ]
      ];
r = [
        [54184,81160.1,55743.4,71521.3,50051,57672.6,59226.9,62888.5,64205.5,66496.8,58591.9,76376.9,64693.6,61672.2,60621.6,63042,59561.8,60640.7,81522,75532.1,79052.9,63891,66218.8,65311.6,69219.9,67785.2,58588.1,78030.7,74398.1,63711 ], 
        [52318.7,71667.4,76447.8,74256.3,63679.8,80711.3,50441.9,52746.7,52313.4,60243,72348.7,78062.8,69037.3,54641.8,58789.7,71282.6,59316.3,66054.9,61161.5,72959.6,60711.2,68013.3,59702.2,61367.4,72793.3,71321.1,55415.8,64197.2,64057.1,62560.8 ]
     ];
d = [
        [45777.4,47600.6,10775.7,55727.8,57630.6,7706.11,22128.9,14700,89249.7,51698.2,89684.2,34880.1,52647.5,85249.9,7060.53,76787.9,25408.3,60391.5,83194.8,76679.8,4426.12,11501.9,64940.4,74071.3,10258.5,15733.1,73526,23662.3,16034.5,41581,72411,26469.6,61371.3,86826.7,18375.5,33718.1,58968.6,45565.6,46122.2,27384.4,29446.1,35192.8,29116.1,19013.5,11091.9,15873.5,44760,14780,82501,20812.1,17141.7,67251.2,33072.1,89336.6,78107,23915,21350,89185.4,84720.7,45557.9,62258.2,78001.7,22729.3,89803.8,83758.8,79496.2,39905.9,33325.5,53554.7,89333.2 ], 
        [78886.7,2727.75,25437.2,88980.5,23287.7,40287.1,79845.3,38958.5,60935.6,67423.6,1668.94,15043.7,16094.2,14376.4,40076.1,7622.34,88845.6,1268.78,84222.2,69398.6,17438.8,62772.9,38162.4,10730.5,34632.1,56976.8,62052.6,46468.8,7550.99,3268.38,84336.8,83010.9,50926.4,19619.6,49977,60644.4,63888.4,19188.6,83134.4,12138.8,71275.8,51876.1,10898.2,42591.6,14233.2,87058.7,74038.4,77565.2,19216.9,73361.7,89571.4,52085.7,89879.7,86116.3,10196.8,6122.76,73672.4,43189.9,43337.5,28288.3,17034.2,58201.8,12454.5,36237.4,49315.2,39114.4,71792.6,16854.8,31889.4,41896.1 ]
     ];
