/***************************************
* STOCHASTIC OPTIMITZATION
* OPL S2FVPP Data Generator
* by Jordi Mateo Fornes
* Model = S2FVPP; Stochastic (2S) MIP 0-1;
* Representation = Compact Representation;
****************************************/
I = 50;
P = 30;
C = 70;
G = 2;
p = [ 0.02, 0.02 ];
pc = 0.04;
ORCHARDS = { 1, 2, 3, 4, 5, 6, 7, 8, 9, 10, 11, 12, 13, 14, 15, 16, 17, 18, 19, 20, 21, 22, 23, 24, 25, 26, 27, 28, 29, 30 };
CUSTOMERS = { c1, c2, c3, c4, c5, c6, c7, c8, c9, c10, c11, c12, c13, c14, c15, c16, c17, c18, c19, c20, c21, c22, c23, c24, c25, c26, c27, c28, c29, c30, c31, c32, c33, c34, c35, c36, c37, c38, c39, c40, c41, c42, c43, c44, c45, c46, c47, c48, c49, c50, c51, c52, c53, c54, c55, c56, c57, c58, c59, c60, c61, c62, c63, c64, c65, c66, c67, c68, c69, c70 };
CGV = [ 15.075, 14.9031, 26.9731, 25.9945, 4.71777, 23.0418, 25.8037, 22.8487, 8.7723, 8.88741, 16.2434, 25.0695, 4.24681, 1.94114, 24.7818, 26.1864, 8.2733, 6.31399, 14.411, 16.6397, 6.97935, 11.36, 2.25969, 2.90389, 12.3891, 17.1504, 1.95159, 9.44976, 26.7828, 23.7265 ]; 
s = [ 0.175501, 0.126414, 2.3974, 0.976897, 0.389485, 0.254069, 0.785552, 1.7604, 2.9087, 1.72036, 2.5746, 0.21623, 2.37649, 2.55237, 1.68782, 0.161135, 0.617743, 1.34921, 2.79438, 1.77381, 1.9295, 0.415973, 2.55923, 1.6271, 2.98831, 1.48429, 2.59465, 2.61128, 1.89025, 29.9982 ]; 
CSV = [
        [
          [ 14.9557, 17.6859, 16.5182, 2.94778, 22.0439, 18.585, 7.54135, 22.0897, 3.74435, 9.23677, 14.478, 5.12004, 24.3675, 14.3892, 14.171, 14.1225, 28.2933, 11.5114, 5.08764, 4.68563, 4.58656, 1.19258, 4.50254, 19.4285, 27.6409, 12.0423, 26.3764, 29.8282, 15.3262, 6.38789 ], 
          [ 9.72476, 5.58653, 21.3798, 22.3935, 28.1901, 6.27816, 11.8944, 14.9432, 24.6106, 9.98363, 3.352, 18.0171, 11.807, 21.5504, 14.4292, 9.46709, 14.8225, 16.2825, 1.15128, 12.7234, 29.2349, 28.5353, 1.40347, 24.5502, 29.6001, 28.9201, 9.64659, 23.9149, 26.9309, 4.1016 ], 
          [ 7.20886, 19.6751, 11.9103, 16.9066, 17.3205, 25.6294, 29.9611, 25.7484, 12.6182, 21.3231, 11.7946, 28.4889, 19.7734, 21.7626, 6.30424, 21.7787, 29.3538, 9.88411, 5.90408, 26.6079, 11.3799, 8.85996, 7.84033, 27.8379, 20.8133, 2.63237, 25.9434, 12.4051, 6.55525, 14.6613 ], 
          [ 19.0333, 9.27147, 28.3903, 20.8938, 10.6732, 7.77719, 8.73305, 18.4615, 21.2994, 12.8996, 11.0221, 23.7137, 6.72734, 5.45711, 4.43419, 7.20867, 7.00375, 2.22994, 6.41819, 21.11, 8.26369, 12.0979, 27.3007, 3.95746, 12.2987, 29.1421, 27.0184, 9.00718, 10.578, 17.5735 ], 
          [ 13.4461, 4.14748, 29.7622, 27.8219, 6.43987, 16.2225, 29.5104, 10.5135, 17.8944, 26.8012, 28.4995, 15.1976, 20.3634, 11.8187, 16.4593, 3.95331, 12.9487, 17.6419, 3.46333, 4.11911, 11.0441, 6.86009, 17.8059, 3.35175, 8.58154, 28.4743, 23.7619, 4.74025, 29.9924, 14.9862 ], 
          [ 16.8401, 22.0069, 14.2868, 5.61366, 25.0092, 19.9118, 8.91952, 12.134, 26.0609, 7.21324, 23.1093, 8.35795, 29.6336, 7.62291, 4.79255, 6.34277, 22.5375, 14.3388, 18.193, 7.0254, 17.9375, 24.7885, 15.8435, 15.4987, 19.5082, 14.7239, 15.408, 28.6756, 13.896, 21.8547 ], 
          [ 7.4613, 19.2844, 26.9658, 20.8036, 28.7348, 9.92515, 18.8352, 4.33317, 6.44123, 12.9977, 26.0868, 4.34012, 8.3307, 5.69285, 6.39757, 28.3343, 8.48378, 5.41869, 17.2747, 23.5188, 3.59769, 24.1047, 5.14248, 11.2327, 11.1162, 27.162, 2.93626, 18.1534, 12.0988, 20.2718 ], 
          [ 8.96293, 10.3855, 15.8391, 18.566, 24.272, 12.5991, 29.785, 20.1303, 22.9685, 6.98139, 27.7248, 2.19742, 23.2357, 29.0051, 4.44089, 20.7613, 6.3592, 27.8106, 4.00282, 19.7656, 19.4081, 18.1183, 5.99592, 22.0886, 10.4475, 19.5921, 12.3214, 3.38621, 18.954, 26.1112 ], 
          [ 25.3794, 25.4069, 9.54624, 28.8949, 15.5157, 6.7148, 29.7312, 14.8368, 15.4969, 22.5512, 6.18214, 9.82266, 16.2042, 29.5182, 22.1692, 24.8828, 3.86484, 6.52651, 1.06198, 27.7114, 26.0182, 19.1587, 29.1686, 26.009, 10.2335, 1.9869, 16.3058, 23.8045, 13.3363, 19.8228 ], 
          [ 20.8252, 15.1911, 24.1539, 17.6017, 1.18563, 29.3606, 20.4069, 24.4859, 15.7487, 26.9344, 27.147, 2.36876, 28.0029, 7.69018, 13.8093, 25.1033, 10.2172, 10.9626, 24.3478, 21.7303, 18.8065, 9.95742, 11.7912, 13.3123, 16.3455, 23.754, 12.9894, 20.7755, 23.9017, 14.5427 ], 
          [ 20.2373, 16.3136, 13.6512, 7.30214, 21.0208, 11.5702, 5.71583, 14.799, 15.7874, 18.2226, 27.7657, 17.8471, 22.5604, 7.13446, 3.95349, 13.2137, 4.66227, 11.3216, 10.0102, 7.80917, 1.06748, 6.67859, 8.26657, 25.2185, 10.0285, 14.5234, 3.66241, 24.2503, 10.7555, 25.0352 ], 
          [ 18.2271, 17.1499, 7.77783, 17.6654, 12.62, 21.2782, 25.4212, 4.69845, 3.89239, 13.8148, 29.196, 24.1322, 11.2677, 9.24785, 19.4667, 11.3712, 5.4079, 6.97659, 10.1051, 17.4213, 26.6415, 12.6149, 9.35067, 1.0256, 6.36451, 2.59753, 27.9561, 25.4693, 10.3622, 18.8793 ], 
          [ 11.1479, 20.0387, 14.0964, 25.0603, 1.89383, 14.4286, 26.6264, 6.12807, 1.28677, 24.8911, 14.8804, 19.0518, 11.3883, 16.0247, 17.7497, 20.035, 19.2209, 9.80557, 3.94909, 4.10066, 27.0177, 21.295, 1.65015, 24.0762, 2.49542, 22.6503, 18.4499, 11.1159, 4.53452, 8.83014 ], 
          [ 22.0182, 28.5604, 7.02981, 23.0192, 5.1332, 21.7196, 14.2616, 16.2382, 11.0173, 9.56111, 28.7629, 8.06152, 21.8571, 17.6096, 28.7085, 25.0219, 1.72217, 1.06309, 23.0884, 11.9716, 2.25925, 15.3098, 2.35395, 28.8498, 22.8002, 22.4379, 1.06369, 27.4659, 21.2833, 19.8787 ], 
          [ 1.50545, 27.726, 10.1168, 23.5517, 15.8567, 27.5748, 1.6121, 13.4407, 1.90358, 2.692, 21.9621, 16.6556, 21.8172, 14.8704, 23.3032, 20.1248, 14.1087, 8.84691, 13.2234, 18.8975, 24.0561, 6.71104, 25.0556, 1.53649, 13.4946, 5.65951, 11.493, 7.31883, 29.7377, 17.0234 ], 
          [ 9.79228, 24.4117, 22.8522, 25.2517, 5.17689, 10.6004, 22.0611, 24.1018, 24.0708, 19.3699, 20.6519, 6.04618, 9.65812, 14.6281, 19.1087, 1.72244, 16.8678, 15.9701, 26.3986, 12.9175, 28.826, 15.2282, 18.6894, 28.0802, 22.7254, 8.192, 15.1375, 1.34615, 12.2553, 10.2855 ], 
          [ 28.2779, 25.6023, 11.2285, 5.82063, 20.2721, 29.61, 10.5705, 20.3718, 7.15145, 6.03569, 12.2065, 7.36619, 8.67158, 27.4517, 5.96323, 3.95683, 22.9128, 29.841, 4.32677, 29.9227, 19.007, 29.3422, 25.6571, 4.88662, 5.08468, 3.14573, 9.05025, 7.60364, 6.74637, 26.9731 ], 
          [ 17.9072, 1.81425, 12.3086, 25.6825, 18.1941, 4.21676, 28.5932, 13.1681, 5.62809, 28.5808, 23.2508, 19.5986, 17.3556, 14.5988, 10.6198, 26.374, 27.8741, 7.5783, 2.78997, 18.8373, 6.41127, 21.1855, 28.4384, 17.8851, 24.0047, 3.1502, 27.7066, 9.93971, 4.09319, 9.80507 ], 
          [ 3.04246, 1.6407, 15.754, 24.8756, 29.0983, 18.6428, 5.7167, 13.7111, 2.55629, 20.1168, 28.3213, 16.8297, 25.8344, 5.16894, 3.89948, 19.3611, 21.6394, 6.5903, 8.43867, 15.8529, 10.8366, 1.10098, 8.80242, 24.6033, 19.6882, 6.03198, 17.6439, 7.45813, 28.7119, 11.5252 ], 
          [ 3.37544, 28.9481, 6.31325, 22.27, 2.72901, 27.5095, 10.2111, 13.4181, 22.6893, 25.4167, 24.7523, 9.05304, 6.91814, 16.0187, 1.56958, 6.91028, 11.9169, 27.099, 8.63688, 6.73661, 12.6425, 16.4113, 19.7357, 23.4438, 12.5186, 10.774, 13.747, 11.1291, 16.0156, 9.34337 ], 
          [ 24.7739, 3.76269, 22.2694, 11.8418, 18.8528, 29.2254, 25.0917, 20.4021, 3.88339, 6.93891, 7.22061, 13.3639, 2.73669, 14.2636, 23.9169, 26.4208, 16.0414, 20.0013, 13.5917, 24.4746, 13.9575, 26.8483, 4.48311, 19.8673, 27.0369, 8.22658, 9.10141, 29.9533, 15.4879, 29.7989 ], 
          [ 15.635, 27.9726, 22.2714, 1.3185, 19.7881, 9.31678, 7.4977, 9.31805, 17.4411, 21.9504, 21.9889, 9.18208, 28.4282, 24.1939, 18.9186, 20.3592, 1.03032, 21.2691, 20.1191, 28.7086, 3.97693, 12.9631, 17.8325, 19.4995, 22.0498, 5.39853, 4.08559, 9.58064, 12.3591, 19.4726 ], 
          [ 16.6236, 24.0969, 8.12558, 9.5532, 21.0587, 19.6629, 20.0708, 22.8161, 20.2846, 19.5511, 20.3175, 19.2224, 21.8574, 21.234, 10.1817, 22.5471, 18.6433, 10.3917, 28.3182, 3.65625, 26.459, 18.5817, 7.71845, 2.62659, 16.5128, 8.28857, 18.594, 2.52442, 26.1132, 5.35723 ], 
          [ 4.63192, 5.21778, 9.84688, 21.5686, 4.6167, 15.1395, 28.8128, 14.8189, 14.2858, 23.7905, 23.7834, 22.0071, 10.8833, 11.8746, 3.37271, 5.33449, 14.4291, 6.88798, 10.2706, 21.5618, 9.94194, 4.13935, 2.26191, 9.59678, 25.0127, 14.3554, 25.3486, 19.0905, 6.3151, 19.8865 ], 
          [ 19.5203, 3.42456, 28.0847, 21.0026, 12.8172, 26.1605, 11.5738, 6.29186, 4.10059, 23.1133, 17.4453, 10.693, 25.4801, 29.8816, 14.3855, 7.73189, 19.9001, 12.4893, 18.5768, 25.817, 3.06102, 8.32157, 15.4877, 12.0185, 13.4585, 25.907, 5.49643, 28.082, 5.97527, 3.07972 ], 
          [ 6.28838, 26.0384, 13.6514, 5.02173, 10.0456, 17.0674, 7.99704, 3.14492, 11.8156, 11.248, 12.2038, 8.5144, 18.3273, 25.8525, 24.5433, 16.0546, 25.9496, 7.44946, 26.7857, 28.3208, 15.3687, 15.725, 13.6873, 13.2417, 1.24278, 19.1679, 8.35812, 8.27105, 18.8909, 28.6131 ], 
          [ 19.5162, 21.8367, 22.256, 12.658, 11.3594, 2.83073, 15.0819, 29.7939, 23.919, 4.8964, 1.32471, 2.57226, 10.4287, 24.3821, 14.5528, 10.1447, 28.2013, 1.10142, 20.8008, 17.8504, 9.88636, 28.8024, 7.14102, 12.0603, 10.0088, 4.05519, 16.8864, 20.5545, 6.18598, 16.8053 ], 
          [ 21.6511, 23.9994, 23.9237, 2.34545, 16.7228, 8.5223, 12.3253, 14.1834, 8.70166, 26.9422, 17.821, 29.9756, 8.46723, 2.89324, 13.1402, 22.4101, 14.3532, 13.5366, 2.13192, 12.7987, 23.3795, 2.06353, 6.14242, 29.5003, 3.70482, 11.5325, 24.7664, 3.62813, 22.1349, 14.2811 ], 
          [ 27.6314, 2.95437, 26.3207, 21.028, 24.0799, 4.71262, 13.0501, 21.3479, 22.2168, 29.4123, 6.96782, 13.2544, 20.1567, 8.85245, 3.35686, 1.43069, 17.1531, 18.5764, 1.89046, 16.1333, 22.9952, 13.2358, 27.2537, 3.23035, 2.59419, 24.5409, 3.91684, 24.3519, 9.86329, 15.2419 ], 
          [ 25.9979, 16.0735, 1.37008, 19.8855, 28.8941, 7.05313, 27.8694, 26.1333, 10.3537, 15.0665, 24.6113, 3.19405, 27.7927, 22.7927, 21.1241, 5.17282, 10.5238, 21.8938, 7.4285, 8.05236, 3.91196, 11.2833, 9.89387, 22.85, 21.9706, 28.9586, 17.1528, 16.0406, 12.0386, 27.5756 ], 
          [ 2.45999, 20.1494, 1.49979, 25.1825, 4.88368, 20.6674, 28.7088, 11.8104, 28.9663, 13.1789, 26.6189, 26.9261, 21.9263, 26.0655, 15.6288, 5.01677, 22.6622, 25.6265, 19.8386, 19.1055, 1.67648, 1.60698, 24.3608, 9.95805, 23.5204, 9.60786, 14.6523, 21.2681, 28.5758, 8.14735 ], 
          [ 10.8879, 5.72671, 3.05513, 8.54205, 19.4216, 11.9091, 27.5766, 27.3169, 4.25465, 14.7154, 29.9078, 26.4199, 14.3226, 19.2565, 8.63535, 28.3811, 28.1195, 23.581, 2.91484, 16.4923, 3.90049, 26.9339, 29.0525, 12.0972, 20.5717, 28.5179, 8.30003, 27.0657, 29.3336, 2.78744 ], 
          [ 4.48324, 16.8021, 12.5344, 14.8139, 2.72566, 29.5616, 13.069, 27.6771, 5.53016, 25.3709, 15.0887, 21.758, 23.2909, 10.5694, 15.5005, 13.1141, 13.4791, 13.4474, 3.91626, 17.7973, 17.309, 8.68758, 18.0304, 16.2169, 3.15142, 20.8603, 11.4967, 10.7453, 22.4102, 24.5053 ], 
          [ 2.69767, 17.3045, 23.0726, 24.833, 7.75477, 11.4619, 16.6733, 6.74915, 20.8102, 19.9304, 29.4073, 27.9094, 16.9798, 26.8072, 10.8081, 28.0889, 20.1657, 17.8347, 28.1173, 29.1882, 27.7648, 5.99899, 13.786, 6.82442, 28.7671, 7.71279, 9.69266, 2.80245, 9.70631, 7.77321 ], 
          [ 14.4505, 11.93, 5.77177, 7.64799, 29.7195, 22.74, 9.16112, 22.9022, 20.6098, 18.6844, 20.6322, 18.0927, 16.308, 2.64127, 16.9875, 21.4364, 28.0447, 19.9878, 12.5653, 12.9351, 19.6944, 18.3051, 15.1601, 4.38514, 1.20305, 18.9362, 13.4609, 29.3424, 27.9224, 9.50566 ], 
          [ 14.0137, 25.0806, 25.1843, 2.74778, 12.5602, 22.4337, 26.1035, 2.71265, 19.9277, 1.22805, 25.7535, 17.6976, 22.6042, 18.1816, 14.1034, 8.8284, 1.41715, 3.03016, 14.0249, 23.6585, 5.35897, 12.5999, 12.2503, 17.6868, 1.1544, 29.9482, 20.5877, 8.74138, 28.2724, 16.1782 ], 
          [ 22.6058, 6.36717, 3.18831, 19.9187, 27.4381, 15.898, 18.7143, 7.23367, 22.6849, 28.231, 27.2021, 17.3481, 3.16652, 3.12424, 15.6189, 5.81023, 22.8396, 3.43943, 12.7951, 5.31889, 17.7084, 15.6182, 25.9033, 21.5712, 13.6993, 14.0736, 8.72037, 1.53247, 10.1622, 13.467 ], 
          [ 1.65154, 12.6879, 17.4983, 4.02771, 25.3646, 23.1195, 27.8687, 7.77829, 2.15518, 3.38385, 23.0362, 17.8881, 10.9665, 19.9964, 1.50096, 17.3138, 10.6507, 15.3339, 17.7831, 14.3191, 7.75562, 11.3519, 25.2508, 26.7285, 13.8787, 19.3278, 11.3504, 10.5075, 7.90658, 28.5815 ], 
          [ 20.9698, 27.7322, 16.977, 11.4777, 11.149, 20.7725, 25.6476, 17.5478, 5.01896, 28.8062, 28.8132, 8.59613, 11.9734, 3.93795, 20.5035, 2.42864, 4.82991, 23.6526, 15.2497, 5.67544, 12.6546, 17.2778, 18.3558, 23.9747, 5.79527, 11.564, 18.306, 19.3828, 15.598, 24.9706 ], 
          [ 26.7115, 12.0786, 15.5791, 15.6225, 1.04948, 10.2209, 10.8466, 16.1248, 25.1042, 27.3713, 1.55475, 13.5675, 15.3002, 10.1844, 2.49193, 27.7023, 24.5652, 18.6123, 24.7692, 7.31692, 21.57, 5.21563, 23.2694, 7.91677, 2.61466, 18.7997, 16.5473, 2.47007, 15.7864, 9.36441 ], 
          [ 10.4097, 6.04033, 16.2224, 6.22089, 25.3991, 3.00968, 26.2414, 5.76344, 1.79773, 22.683, 25.2387, 3.72183, 19.3843, 9.09116, 23.0456, 20.3247, 6.22921, 5.18218, 3.886, 23.1917, 13.8683, 11.131, 6.20431, 2.48072, 18.2856, 26.9174, 19.406, 16.8566, 28.4676, 13.3735 ], 
          [ 8.68864, 19.3593, 9.35875, 20.6001, 6.27879, 13.6511, 3.17545, 5.95957, 13.0419, 24.5004, 15.1012, 12.9046, 6.27063, 6.84668, 27.0478, 6.99848, 21.1438, 26.7873, 2.90703, 3.15844, 21.9125, 16.7122, 7.05551, 2.40098, 21.9069, 2.9617, 27.5963, 25.7362, 15.6987, 27.6665 ], 
          [ 11.5773, 29.6094, 11.6658, 4.68296, 19.5717, 4.40628, 20.8818, 17.8787, 2.00931, 13.4309, 22.0513, 22.0315, 12.6935, 5.0663, 22.8878, 6.63223, 10.2841, 8.39376, 9.59549, 26.5384, 5.51572, 21.089, 17.7201, 20.2719, 14.0667, 4.66915, 6.64593, 17.4212, 28.9556, 1.1464 ], 
          [ 25.2131, 15.3439, 18.1835, 6.36317, 29.022, 25.9452, 3.91997, 12.5767, 1.21607, 24.448, 23.8669, 7.70152, 23.3758, 26.3326, 22.4358, 3.05692, 28.3766, 8.9297, 21.8592, 2.62505, 6.3859, 14.5185, 8.67434, 14.5114, 23.3295, 11.5487, 13.5245, 6.38088, 18.4735, 12.0029 ], 
          [ 25.9337, 23.8396, 21.298, 16.6895, 18.5201, 11.6457, 24.948, 3.50637, 9.379, 20.2481, 4.78191, 5.77857, 11.338, 6.23806, 25.4385, 12.29, 18.5181, 20.2686, 8.80171, 11.6858, 29.3837, 9.4162, 5.28935, 7.17641, 17.8623, 6.55166, 2.86373, 1.04074, 19.4672, 10.7257 ], 
          [ 12.7322, 10.469, 27.6822, 14.1013, 12.7674, 5.10639, 22.1128, 19.4858, 2.66249, 6.5569, 20.4938, 1.35076, 11.7263, 7.13218, 9.38019, 14.3797, 28.1476, 1.51583, 16.4561, 28.1157, 5.16456, 27.4042, 7.69593, 11.6302, 20.0983, 21.8056, 1.72867, 28.2084, 8.24524, 24.9474 ], 
          [ 27.7868, 20.7906, 25.2478, 25.4216, 25.9789, 5.85068, 10.632, 5.51052, 7.59557, 15.3101, 2.27525, 9.42099, 1.66438, 27.4182, 23.5428, 11.4439, 13.1261, 22.9118, 28.5367, 19.4887, 25.9061, 14.5156, 28.8365, 4.22508, 21.8811, 11.1645, 18.9101, 4.93648, 5.37219, 28.0516 ], 
          [ 12.4446, 8.38159, 5.80789, 15.0897, 3.88328, 14.4383, 24.9184, 22.5195, 21.0199, 2.18683, 2.64055, 11.1703, 13.9742, 16.1494, 8.56916, 18.0072, 28.1763, 16.9041, 10.5902, 6.4094, 4.23928, 29.7887, 13.4836, 20.6038, 11.3572, 3.84692, 7.77015, 25.1617, 8.25969, 1.0303 ], 
          [ 23.3201, 23.4979, 21.2567, 18.6211, 26.4877, 4.77482, 10.7036, 6.20106, 25.5146, 29.5251, 8.7757, 14.0708, 3.34422, 28.8453, 7.14199, 25.1867, 3.3411, 16.2815, 14.8223, 14.2585, 17.835, 24.0272, 7.13713, 2.94677, 22.4731, 8.15276, 3.12406, 20.0049, 5.98423, 8.52497 ], 
          [ 28.3658, 21.4584, 3.6318, 29.336, 1.89937, 22.5265, 2.36502, 12.5385, 7.11063, 17.1236, 23.7165, 1.65842, 26.3141, 12.7651, 11.9046, 23.7305, 26.7212, 10.0077, 15.4301, 22.6998, 18.2165, 2.2336, 29.1398, 4.49832, 26.0657, 28.0579, 8.80807, 16.1112, 18.1268, 22.2297 ], 
          [ 27.7502, 9.62011, 24.5969, 13.893, 15.0097, 14.6936, 4.5924, 14.6992, 8.90023, 14.4407, 22.3929, 10.5046, 18.1679, 4.2757, 29.3158, 27.4567, 5.40005, 13.3561, 5.77969, 25.6167, 4.26431, 24.1944, 25.8478, 10.4652, 18.5878, 7.65688, 29.5267, 8.56191, 14.0246, 11.8798 ], 
          [ 11.5647, 10.5531, 18.4798, 10.9863, 12.1564, 17.6224, 7.70212, 20.3509, 4.88029, 9.8905, 8.33379, 11.3785, 27.0864, 4.11324, 4.67317, 19.0335, 22.4871, 4.88132, 6.86591, 19.5766, 18.764, 1.83407, 23.7276, 14.2048, 7.12318, 8.75282, 20.3018, 9.40132, 8.5356, 16.7406 ], 
          [ 22.9969, 15.9032, 21.6811, 22.931, 14.5058, 15.1826, 19.2025, 9.24999, 9.70283, 22.9437, 3.17053, 13.2394, 19.6808, 7.42332, 6.16878, 10.6235, 27.6595, 26.619, 8.90467, 2.14212, 23.6978, 26.4876, 19.8472, 13.0105, 6.80865, 4.86238, 10.3177, 24.2176, 14.2013, 12.0591 ], 
          [ 17.843, 7.1456, 4.05362, 11.0077, 8.0833, 16.2176, 28.2992, 23.7671, 19.6851, 11.5641, 25.606, 7.00036, 8.0014, 4.81561, 27.3411, 10.1733, 26.4632, 3.09609, 24.5883, 12.8431, 24.0539, 3.81735, 15.6816, 5.17679, 6.52988, 19.9924, 17.8213, 5.16505, 23.0149, 11.177 ], 
          [ 9.71838, 8.6796, 2.42574, 2.39742, 12.2303, 13.2192, 5.47927, 9.5339, 7.67882, 22.0059, 14.1318, 10.0157, 26.1715, 20.9522, 12.757, 6.98353, 25.5901, 11.3716, 4.69791, 16.6421, 10.2288, 11.8895, 16.8916, 27.5418, 22.7582, 20.2359, 3.78108, 13.6282, 3.29948, 3.0343 ], 
          [ 2.6015, 28.9307, 10.7351, 7.24752, 1.04707, 17.4582, 7.67475, 8.73198, 4.97854, 23.2254, 14.5944, 20.5398, 9.87869, 21.66, 26.4718, 4.80629, 8.37985, 19.8557, 22.24, 2.97555, 1.49892, 18.878, 28.1896, 22.3427, 28.7799, 22.4031, 26.3822, 20.282, 13.2861, 2.78435 ], 
          [ 14.9177, 16.1002, 1.58734, 6.30334, 14.9354, 26.0616, 7.84603, 14.9914, 23.7666, 11.9603, 21.5059, 7.59789, 26.5371, 20.4818, 11.7104, 26.4235, 22.0435, 23.3817, 23.582, 1.55765, 6.30972, 13.9033, 2.23307, 25.1244, 27.1409, 24.2955, 27.1179, 12.7544, 15.6648, 1.49997 ], 
          [ 11.2877, 29.1607, 16.828, 20.783, 26.3387, 22.1974, 6.31309, 3.56161, 8.93764, 2.02939, 24.6505, 9.49334, 23.2083, 7.79128, 9.48132, 9.49202, 6.67439, 16.9848, 6.53057, 13.5448, 21.5386, 16.3216, 25.4966, 7.22707, 1.03328, 15.9608, 21.5409, 1.3507, 15.0528, 8.61493 ], 
          [ 3.49401, 12.6834, 6.97542, 5.74895, 26.2645, 21.1728, 27.7855, 13.1151, 28.9932, 20.2227, 14.3012, 1.83278, 27.778, 24.0969, 27.9497, 15.0284, 1.35808, 23.1557, 28.174, 9.78473, 26.3536, 18.9865, 1.47773, 13.3998, 23.9317, 3.23517, 17.5632, 10.7213, 8.03801, 25.9685 ], 
          [ 18.894, 14.394, 13.4336, 11.6365, 13.7158, 13.1781, 7.19694, 19.9563, 4.35779, 27.9415, 21.8295, 9.32436, 26.6744, 26.8542, 6.74189, 18.0977, 3.52539, 24.8633, 18.8225, 14.1662, 14.4426, 28.4188, 14.7985, 1.72879, 23.3443, 8.0919, 2.7601, 21.0225, 15.7943, 8.90508 ], 
          [ 17.2348, 24.3774, 27.4943, 18.7567, 18.3061, 28.2258, 29.0986, 17.2179, 7.72632, 19.0639, 4.18571, 8.24643, 23.4025, 26.5353, 12.3886, 9.40025, 19.0034, 10.2029, 3.51936, 10.1292, 15.6471, 27.7151, 24.5414, 6.90906, 21.3332, 2.84134, 17.7779, 7.6684, 1.24762, 13.5318 ], 
          [ 14.5762, 11.3401, 22.3208, 1.13214, 25.6458, 18.2423, 16.8031, 18.1923, 10.5509, 16.8054, 15.7238, 25.1147, 3.00767, 12.9953, 21.562, 5.7066, 21.133, 26.3954, 1.72527, 7.95804, 17.05, 21.3344, 9.25314, 25.9397, 9.649, 18.5573, 8.05, 16.9487, 28.9597, 4.41713 ], 
          [ 6.2005, 3.16725, 28.7955, 6.07256, 12.2074, 11.3874, 16.9366, 20.9231, 27.0833, 16.8102, 22.1365, 6.66487, 25.8214, 10.3252, 28.1214, 11.069, 25.2627, 22.8603, 17.5543, 10.2845, 20.4829, 6.97768, 27.1505, 11.0683, 9.52298, 8.52866, 12.3718, 28.1375, 1.21327, 24.9321 ], 
          [ 11.6468, 2.80881, 18.7174, 1.46559, 20.6324, 9.22635, 11.7849, 13.6993, 28.3895, 15.8439, 23.8194, 4.74328, 25.4997, 11.0377, 28.4011, 19.2492, 4.94124, 19.1274, 27.3331, 8.01814, 10.3575, 4.0655, 26.7614, 29.7001, 18.3709, 21.3963, 18.147, 16.8801, 17.1561, 26.8591 ], 
          [ 19.9411, 11.5573, 25.2679, 24.8546, 9.65544, 13.7906, 7.63077, 7.75043, 18.7857, 16.4023, 6.69659, 8.49349, 19.3718, 5.76509, 13.2437, 3.95217, 4.81785, 2.53933, 10.5814, 12.7845, 21.4836, 19.9654, 9.20171, 27.6295, 23.7114, 20.4291, 29.5956, 28.0576, 17.6707, 20.5943 ], 
          [ 28.9116, 25.8646, 15.0138, 21.4522, 29.6553, 7.99598, 20.2894, 2.96099, 25.6236, 9.09118, 24.3556, 9.57127, 25.9612, 9.31429, 22.7832, 4.28091, 27.6515, 21.6372, 13.1455, 19.5811, 9.24224, 10.5986, 28.5704, 8.78551, 20.8774, 7.8385, 17.3361, 25.7964, 19.7787, 3.03937 ], 
          [ 21.4579, 10.7372, 6.69574, 25.4594, 17.7009, 9.66337, 25.6568, 15.8195, 23.0378, 19.1403, 15.5472, 29.8532, 27.1166, 11.418, 22.4429, 27.737, 26.943, 19.3484, 10.6114, 16.8615, 22.8769, 7.15915, 2.46464, 28.6802, 24.8462, 5.33278, 22.5859, 4.46867, 29.2263, 18.491 ], 
          [ 24.1931, 14.8013, 9.74651, 25.3746, 24.6575, 28.1417, 6.87626, 3.98868, 1.59265, 17.3566, 19.95, 2.809, 20.0456, 16.2172, 27.2195, 26.7032, 27.7144, 23.3797, 29.2675, 6.9453, 11.0764, 13.4063, 29.8277, 10.2313, 6.66164, 6.91466, 14.9329, 7.59994, 13.2669, 20.4738 ], 
          [ 17.1445, 18.5644, 16.7759, 22.7472, 2.87, 25.8, 18.3536, 19.156, 1.90644, 19.043, 3.82498, 10.151, 6.99317, 9.68232, 17.6647, 22.7968, 24.9391, 10.9709, 2.8309, 16.1988, 29.759, 24.4757, 25.1726, 8.54464, 3.43946, 5.79547, 9.45045, 19.136, 8.00997, 13.0619 ], 
          [ 3.48683, 16.9543, 20.8014, 26.4661, 17.6581, 3.639, 11.2982, 19.3868, 16.9699, 17.9195, 25.4188, 3.84754, 13.2308, 27.8822, 5.07619, 19.9026, 26.7472, 5.83834, 23.2837, 12.1941, 15.357, 16.322, 7.93528, 23.6122, 10.2431, 22.7836, 14.2844, 1.51242, 11.5349, 12.5815 ]
        ], 
        [
          [ 27.8965, 20.3101, 16.3156, 27.8896, 9.7773, 14.895, 5.01468, 12.6773, 2.6627, 17.6861, 17.8773, 8.80195, 10.64, 13.5713, 29.7359, 3.17523, 18.6152, 8.97591, 9.55353, 9.58613, 19.5253, 3.55629, 21.4623, 18.172, 9.34076, 11.3279, 11.0908, 27.5644, 3.912, 17.491 ], 
          [ 5.85012, 28.1288, 20.4665, 24.017, 14.3785, 3.10186, 9.06031, 26.0983, 29.8998, 7.09675, 18.5499, 4.16989, 14.7985, 3.38163, 5.45379, 2.01136, 3.92996, 18.7766, 14.1084, 18.6304, 12.9364, 29.7132, 25.0212, 24.6174, 29.1443, 3.44672, 19.9518, 7.758, 13.7295, 18.158 ], 
          [ 10.1937, 3.0406, 2.3514, 22.1757, 16.5728, 17.9638, 25.4137, 2.67427, 13.9719, 6.06553, 25.804, 23.3197, 12.3667, 22.0057, 26.6259, 21.357, 28.865, 12.9637, 9.39466, 17.4569, 7.86974, 2.38192, 3.71201, 21.759, 26.3342, 26.0258, 19.8866, 12.7213, 25.9176, 5.00201 ], 
          [ 25.1765, 19.311, 2.08463, 24.6174, 24.3826, 17.4397, 6.5258, 2.06747, 21.4737, 24.831, 9.62022, 5.3362, 14.3197, 22.8557, 12.1115, 11.5719, 24.5642, 26.8322, 25.5313, 26.9589, 3.33282, 13.6508, 10.496, 27.1458, 20.7895, 1.8386, 20.4381, 27.2294, 1.67686, 11.7565 ], 
          [ 1.76312, 5.71087, 22.175, 24.7739, 12.3298, 23.3247, 23.69, 8.55804, 21.0712, 4.68617, 28.4307, 26.6515, 19.5359, 12.6976, 16.5559, 13.8551, 2.34595, 20.8543, 11.9049, 5.74809, 11.7058, 29.77, 6.59765, 17.8823, 15.761, 18.8683, 25.4127, 16.9758, 1.82645, 5.59953 ], 
          [ 27.9348, 7.85323, 24.8097, 21.2264, 1.99515, 24.2379, 25.3222, 14.3948, 17.4157, 15.1327, 14.0572, 24.9895, 10.6982, 11.9837, 3.72905, 9.18699, 9.96681, 7.21907, 14.454, 24.0314, 11.8584, 7.50971, 6.11316, 29.4063, 19.394, 21.4867, 18.1879, 1.5078, 6.03218, 29.8362 ], 
          [ 3.57289, 5.89185, 22.0246, 28.979, 6.77684, 7.11416, 27.9241, 9.80907, 18.7157, 5.24806, 28.0503, 11.844, 2.07931, 4.09068, 19.5478, 8.51112, 6.67239, 15.0564, 24.3678, 11.1164, 13.9222, 21.8366, 9.67996, 20.7391, 15.2487, 7.2386, 10.4112, 12.5349, 18.5481, 27.4253 ], 
          [ 21.1624, 29.9902, 28.4041, 18.562, 16.0411, 29.1107, 8.59007, 27.2625, 10.1387, 13.8446, 10.9314, 26.7035, 16.4595, 20.8275, 16.3603, 28.3746, 22.2897, 12.4161, 10.7983, 22.1541, 23.2938, 2.5106, 15.9389, 3.94168, 20.3268, 25.5868, 11.9923, 23.0716, 18.7461, 28.646 ], 
          [ 16.7445, 10.5274, 1.66782, 27.4462, 16.9937, 7.12883, 14.6927, 22.8891, 10.5385, 9.80535, 26.9499, 7.47712, 17.4187, 9.90977, 21.4016, 7.27513, 11.847, 26.3853, 26.1945, 29.8127, 19.0982, 11.5625, 12.5572, 15.8155, 29.1735, 28.5555, 8.11646, 1.16683, 20.4752, 13.673 ], 
          [ 24.6255, 18.5994, 20.6372, 11.0289, 9.08191, 29.7125, 11.9568, 17.1852, 29.8669, 17.0004, 17.3903, 17.2941, 11.3288, 5.16508, 20.6563, 19.6642, 28.9556, 21.3433, 1.06745, 13.0332, 21.3505, 4.15906, 11.6161, 11.8615, 9.50233, 8.73878, 20.2584, 14.1879, 13.1974, 23.9487 ], 
          [ 6.66353, 24.1176, 15.9366, 8.73879, 19.7595, 5.94485, 28.4206, 17.1468, 27.0108, 27.4829, 29.0197, 20.7645, 26.0769, 4.20645, 1.47944, 14.898, 5.44146, 8.28855, 2.85212, 9.12917, 21.4418, 10.0617, 6.68735, 6.53332, 25.916, 5.46798, 13.9504, 3.54898, 4.62082, 1.1262 ], 
          [ 4.10807, 23.9336, 3.30553, 14.6288, 10.7769, 13.8663, 18.6062, 27.9903, 28.0944, 11.5047, 2.60056, 18.641, 8.89498, 12.2858, 1.28528, 21.4455, 3.41967, 17.949, 14.8729, 19.8743, 24.7988, 1.27428, 23.0773, 10.859, 20.514, 4.6374, 13.4726, 14.5519, 6.3748, 24.0778 ], 
          [ 3.597, 10.0632, 18.4879, 19.6767, 7.03008, 19.6148, 26.8079, 3.27657, 24.8113, 26.3186, 12.7667, 21.6832, 26.4251, 3.68297, 8.2737, 1.16981, 20.8811, 1.02042, 18.54, 14.0785, 11.8819, 4.68369, 14.7716, 21.0207, 25.1874, 28.821, 15.6262, 24.6575, 26.6965, 10.5132 ], 
          [ 8.9424, 12.6604, 9.9832, 9.05587, 17.4089, 8.41453, 25.9374, 8.46434, 4.28533, 26.8575, 2.4635, 15.3895, 2.46737, 29.3963, 12.0864, 6.88179, 2.37634, 27.8345, 4.31677, 27.1192, 3.46875, 4.41264, 21.7095, 6.31991, 15.2737, 6.11464, 15.2857, 29.9186, 7.90484, 5.21907 ], 
          [ 27.0312, 22.3721, 27.9697, 9.81658, 9.63902, 6.12888, 19.9376, 11.2126, 16.4304, 4.02736, 28.7244, 27.4635, 23.4114, 24.2107, 2.53543, 16.0359, 21.1002, 11.6417, 15.0397, 29.6047, 9.83249, 16.2834, 21.5494, 14.3295, 13.2755, 11.426, 4.7594, 12.9025, 7.97632, 14.3007 ], 
          [ 6.94786, 28.3778, 22.3203, 17.6257, 25.9031, 6.33986, 9.55839, 21.5262, 9.51839, 26.0442, 15.9219, 13.2633, 13.8815, 22.9957, 2.52174, 24.1672, 7.5805, 21.2242, 18.6588, 6.14625, 7.79045, 26.2858, 23.2284, 28.2131, 26.9245, 8.41476, 15.9525, 5.80359, 21.1735, 10.2371 ], 
          [ 27.7928, 24.2878, 18.6809, 23.8899, 23.1833, 27.9936, 11.3235, 24.6278, 21.4623, 9.90865, 25.3795, 9.53716, 9.11462, 5.22339, 5.34622, 27.952, 15.0283, 21.6611, 13.1965, 12.7818, 27.9886, 26.2188, 16.9895, 5.19344, 15.8419, 7.03631, 17.8588, 26.071, 17.8565, 8.44951 ], 
          [ 26.2109, 8.28294, 15.6823, 11.5383, 9.80273, 7.37144, 12.9329, 22.3444, 12.0115, 20.7858, 1.6779, 2.62952, 17.6499, 26.9294, 9.59056, 26.9701, 18.0401, 12.065, 22.1074, 21.1871, 11.3833, 7.39745, 17.3606, 8.7696, 27.5565, 10.2678, 18.4481, 26.42, 28.6975, 25.8264 ], 
          [ 4.52056, 24.3618, 8.39489, 25.7637, 14.3507, 14.4601, 17.8175, 13.2086, 18.7212, 29.7899, 6.54748, 2.61198, 4.40195, 8.54299, 25.7252, 4.01697, 29.0948, 23.3727, 27.2328, 24.2949, 21.7172, 23.0665, 18.2532, 16.9004, 29.5325, 3.62138, 11.6113, 11.113, 12.684, 12.5268 ], 
          [ 12.6045, 4.49493, 22.8273, 1.14948, 10.6619, 12.8233, 6.33648, 15.2038, 11.0597, 19.3627, 20.826, 11.3272, 17.0494, 27.4427, 12.7129, 18.7528, 24.0926, 3.97935, 20.9034, 23.9114, 17.6117, 3.68702, 25.9772, 28.8921, 19.4506, 6.6689, 21.7259, 7.86375, 26.5594, 10.981 ], 
          [ 27.0543, 21.7429, 10.8531, 8.90331, 1.82448, 26.2259, 28.553, 16.0703, 3.82334, 1.46647, 23.1323, 13.4583, 8.49392, 4.48662, 13.636, 25.1652, 10.3488, 9.69864, 16.2874, 21.254, 28.7039, 9.36543, 2.64344, 25.9537, 19.6502, 25.3689, 11.6482, 4.81466, 3.02766, 8.29248 ], 
          [ 20.9248, 7.19066, 1.24407, 1.42122, 10.237, 3.55081, 10.2548, 24.9497, 15.6173, 26.1103, 28.9274, 1.71091, 29.3696, 12.8762, 6.20268, 22.8161, 29.1023, 11.1617, 2.32611, 15.4371, 2.76493, 16.8379, 1.17419, 4.59737, 6.1793, 8.88612, 15.9249, 14.0113, 9.50561, 23.2912 ], 
          [ 20.1655, 27.8396, 25.4556, 21.7684, 7.47614, 26.5603, 19.4881, 8.88099, 19.2412, 17.3541, 27.873, 14.363, 19.0279, 19.1671, 9.78723, 16.1926, 26.5711, 17.3491, 8.53222, 20.7785, 17.9885, 22.535, 21.1841, 5.55068, 27.581, 9.92, 9.48843, 11.6619, 25.4412, 10.6583 ], 
          [ 10.6706, 13.5955, 15.6745, 23.0677, 29.9148, 22.8873, 28.175, 19.005, 17.6637, 17.6425, 22.0714, 14.6317, 12.3068, 26.5638, 7.46099, 15.2011, 26.6045, 28.4383, 18.1935, 25.725, 17.1715, 4.27183, 22.2025, 28.5197, 10.5684, 15.6376, 24.599, 26.3517, 12.9252, 21.455 ], 
          [ 14.8661, 9.51752, 4.43594, 27.4568, 27.8324, 16.3132, 27.1956, 19.0821, 7.35832, 23.5321, 4.67279, 19.5567, 6.33886, 12.1594, 25.1241, 22.2656, 24.0221, 12.4591, 22.1007, 13.6816, 7.97763, 1.54258, 19.6715, 19.6184, 19.8301, 18.0602, 24.3469, 23.6945, 24.2862, 14.1938 ], 
          [ 6.54781, 26.4333, 19.7295, 3.75749, 16.8134, 11.1415, 16.9186, 29.9736, 28.015, 23.7289, 17.124, 15.5832, 1.29621, 18.9982, 1.35055, 5.46495, 9.94208, 2.27343, 7.19344, 16.0338, 18.896, 17.0335, 3.2122, 1.67862, 29.208, 20.4546, 21.4661, 28.9601, 29.8359, 4.23126 ], 
          [ 25.8601, 4.617, 3.03738, 26.942, 13.1771, 10.1662, 9.3071, 1.5312, 7.75731, 23.3013, 28.3894, 24.0482, 8.33426, 3.93568, 26.0763, 7.13608, 5.17033, 13.0655, 28.5462, 12.5916, 13.0913, 4.79837, 17.2041, 26.552, 17.6484, 19.8806, 28.6155, 25.5479, 28.0383, 26.518 ], 
          [ 22.9067, 6.93512, 5.91142, 19.9014, 13.7848, 8.8574, 12.8368, 28.3508, 17.9235, 28.499, 7.31221, 1.29874, 8.25755, 8.39569, 1.87977, 26.0358, 14.4759, 2.90587, 17.9206, 26.8276, 4.6995, 10.5526, 10.6643, 16.793, 12.7343, 25.377, 21.2457, 12.0394, 22.1596, 29.2199 ], 
          [ 22.2191, 5.18479, 9.70287, 18.2619, 24.8736, 8.68663, 11.3539, 24.7299, 13.2433, 25.1304, 27.8258, 5.54025, 21.7536, 21.7117, 12.7652, 23.7957, 14.5098, 13.2634, 15.3974, 28.8163, 27.5137, 3.7907, 26.0001, 3.72419, 25.5919, 25.3505, 18.3652, 3.4284, 19.4915, 2.27311 ], 
          [ 17.9503, 23.9292, 14.833, 21.6754, 7.77527, 28.0386, 4.40813, 8.24381, 2.36259, 11.9905, 19.9569, 15.4419, 12.4525, 29.5045, 29.8178, 26.7575, 1.98172, 10.4715, 25.5125, 22.2418, 28.1877, 24.8685, 15.49, 16.1859, 22.7641, 1.21917, 17.3745, 17.1941, 1.92868, 21.6626 ], 
          [ 17.5447, 22.9674, 13.2671, 6.71967, 17.7505, 19.8097, 15.3595, 5.93886, 4.30835, 2.9125, 22.7563, 21.5462, 5.41972, 5.25022, 21.2946, 11.3401, 4.20032, 21.5465, 1.74323, 14.5196, 29.6097, 15.5432, 17.4702, 6.67697, 10.4561, 5.55955, 18.1315, 8.92069, 17.9715, 2.89573 ], 
          [ 19.5077, 25.0896, 27.4191, 20.3676, 5.51901, 10.6927, 9.60462, 27.5424, 28.0128, 6.38239, 24.3376, 28.0091, 7.20415, 12.964, 11.4786, 13.8058, 24.9709, 29.7525, 21.9723, 15.4905, 10.5419, 7.40489, 4.01655, 18.2603, 15.8308, 21.9116, 6.43787, 15.2666, 12.9438, 25.3998 ], 
          [ 10.0815, 23.5438, 12.9496, 29.9119, 28.2246, 19.6833, 5.75875, 5.35111, 8.3974, 21.8059, 4.2653, 2.6465, 22.6095, 20.3556, 16.3023, 10.5492, 4.38322, 10.8184, 21.0636, 19.4234, 12.2417, 25.2087, 24.8802, 5.88398, 10.2183, 4.8229, 19.8944, 12.0323, 21.4511, 1.45361 ], 
          [ 25.9029, 26.1049, 15.5872, 28.2273, 11.6116, 7.90464, 10.094, 23.6096, 17.1001, 20.1525, 4.18732, 11.7865, 10.0384, 16.2092, 5.64929, 22.8165, 19.5538, 20.9528, 14.1663, 17.7266, 28.7878, 28.556, 4.23145, 11.1035, 4.11049, 1.76544, 23.0856, 23.3053, 3.93726, 1.3121 ], 
          [ 20.3366, 5.95343, 10.9472, 22.6215, 11.392, 10.3606, 21.82, 17.4598, 5.69202, 29.5512, 27.9421, 8.19259, 24.2368, 7.30977, 24.3641, 17.9898, 12.1246, 28.9956, 5.0133, 27.0085, 22.3384, 11.4917, 24.1737, 25.559, 10.1087, 19.8615, 12.8391, 19.8906, 6.94386, 19.4166 ], 
          [ 21.1248, 25.1553, 7.94182, 17.2571, 25.3733, 23.0345, 26.0494, 22.1735, 13.9159, 16.2664, 16.323, 6.71044, 5.09224, 14.2097, 1.79289, 4.93257, 17.9723, 6.77716, 7.03004, 10.2829, 16.9029, 1.98672, 18.54, 4.62587, 20.3255, 7.77744, 23.0817, 18.5552, 10.1394, 20.207 ], 
          [ 27.7905, 10.8891, 15.4442, 4.43589, 27.3616, 10.071, 1.93546, 26.5773, 6.38719, 6.7542, 1.45528, 2.48321, 19.6945, 25.2685, 21.7136, 20.178, 9.59262, 16.3253, 23.7377, 28.7333, 15.2218, 4.90123, 9.32952, 26.6131, 1.95038, 13.7361, 1.76523, 6.01546, 15.1584, 21.6787 ], 
          [ 17.5397, 6.46244, 26.5886, 26.1383, 15.4195, 4.46874, 19.107, 22.3, 4.57348, 17.2538, 13.0288, 26.4726, 12.3417, 9.19662, 25.8458, 3.81051, 26.1468, 6.7753, 11.5653, 12.8442, 19.684, 21.0848, 17.3623, 9.44671, 16.2239, 4.63182, 24.8613, 20.6381, 6.84666, 17.4183 ], 
          [ 20.7981, 7.37338, 29.3693, 16.3259, 1.09553, 2.96614, 24.4437, 15.0497, 8.17987, 23.2165, 1.37303, 12.733, 28.0974, 18.2137, 3.66563, 3.21213, 3.48835, 11.2839, 21.7699, 7.27318, 22.9391, 29.5644, 6.01891, 12.0268, 25.452, 2.24088, 4.90797, 8.9083, 27.1216, 11.6251 ], 
          [ 9.90432, 29.8158, 2.99399, 29.3201, 25.1322, 12.9408, 10.9102, 9.66083, 19.6477, 16.0541, 18.6639, 12.6018, 23.1494, 20.3867, 14.8301, 4.45347, 2.8763, 29.1831, 16.6292, 10.5156, 8.74552, 14.6419, 2.69151, 24.8447, 5.60648, 6.66458, 24.338, 22.7796, 7.75168, 16.7011 ], 
          [ 3.96636, 26.7746, 26.7892, 4.09052, 29.1491, 15.3677, 28.8535, 17.5842, 19.9713, 20.7879, 22.1386, 26.526, 25.5008, 18.2514, 19.3138, 19.2574, 12.9087, 25.374, 14.3645, 29.9566, 24.6882, 17.7346, 23.8634, 12.0832, 24.8165, 3.95846, 22.8497, 17.9626, 22.6812, 29.6969 ], 
          [ 14.0268, 23.6428, 11.9157, 6.20534, 24.1326, 25.1457, 9.4422, 15.1192, 6.76692, 4.50124, 18.9086, 13.635, 16.0048, 3.07123, 10.4476, 29.9664, 12.694, 26.1299, 11.8471, 25.6487, 25.6886, 2.9603, 26.4223, 1.69323, 21.1019, 20.6683, 7.17724, 3.20962, 12.1679, 18.0213 ], 
          [ 28.0728, 23.9898, 3.26678, 25.1095, 18.2929, 12.9601, 21.8008, 22.3148, 15.4733, 16.5542, 7.70059, 6.42938, 21.4869, 3.08929, 21.7246, 27.3793, 3.81517, 1.27336, 4.44264, 19.1751, 21.2752, 26.7896, 23.6981, 25.3203, 8.79711, 11.9072, 15.4029, 11.0992, 14.8198, 2.4236 ], 
          [ 19.7452, 10.6919, 8.44921, 3.69955, 11.202, 11.1998, 24.5823, 21.5754, 29.6368, 20.1151, 3.06838, 19.5188, 13.4792, 29.1178, 3.2677, 24.7165, 18.0402, 29.1568, 23.1043, 6.52717, 23.9927, 29.0205, 26.335, 14.0238, 24.0986, 20.3517, 9.72337, 24.5841, 9.30112, 15.2474 ], 
          [ 10.5587, 2.59614, 4.08596, 28.7301, 3.22859, 14.8685, 9.93026, 13.4732, 24.8242, 25.2961, 28.991, 22.8871, 4.47269, 16.1563, 24.4524, 4.22671, 4.86136, 5.40558, 27.2389, 5.90151, 25.2452, 14.1827, 23.0659, 14.2831, 27.1105, 18.4692, 8.57244, 29.526, 18.2698, 15.9587 ], 
          [ 26.8552, 5.53161, 25.0427, 16.1899, 3.25421, 17.1741, 8.8241, 15.5936, 10.5, 9.883, 15.8584, 15.3621, 27.4277, 25.9024, 14.4502, 28.7893, 9.02329, 18.752, 21.6934, 15.7213, 10.3425, 26.4517, 25.2473, 2.37227, 15.886, 23.4614, 7.5653, 28.2784, 26.03, 29.1229 ], 
          [ 12.7759, 1.98044, 10.3998, 4.96956, 19.5037, 13.084, 19.985, 11.7594, 6.14598, 4.53809, 1.60553, 17.2866, 7.09292, 11.8594, 5.80591, 3.02758, 29.0645, 12.6923, 20.3728, 23.6135, 28.1033, 26.4742, 10.2782, 8.71951, 14.1295, 16.541, 1.79763, 29.1391, 9.88268, 23.617 ], 
          [ 18.1726, 23.7406, 29.8967, 11.3389, 2.94303, 22.4485, 11.0468, 23.6655, 4.93064, 16.7235, 27.5414, 13.3996, 29.1595, 4.51518, 20.2129, 10.4874, 4.21087, 9.14104, 13.3808, 2.84482, 2.13395, 3.59534, 25.4002, 6.62099, 3.22599, 2.25883, 20.1519, 5.9622, 28.0247, 2.25665 ], 
          [ 12.0729, 25.4219, 9.37177, 20.327, 21.3015, 27.7922, 23.5343, 16.1473, 12.8648, 26.4381, 4.33785, 14.9113, 9.72526, 10.0256, 12.8965, 4.03102, 27.4046, 15.1802, 22.9718, 14.6802, 6.30492, 23.1318, 27.1043, 20.834, 2.77884, 22.7985, 12.4334, 16.1175, 6.77583, 26.4349 ], 
          [ 17.726, 16.313, 4.50201, 29.1447, 14.2413, 9.13862, 23.1426, 18.4048, 19.8273, 20.1156, 17.3538, 10.2349, 15.6879, 15.6602, 16.6478, 25.0724, 25.5962, 6.48759, 18.9722, 28.0538, 1.12853, 24.8184, 24.7992, 13.5103, 8.58711, 14.1328, 29.1584, 24.3511, 12.8953, 4.07911 ], 
          [ 3.92684, 11.252, 18.4136, 24.1403, 3.17665, 6.71251, 5.68438, 29.6497, 6.44413, 19.7437, 1.05317, 26.4972, 6.01585, 15.5723, 27.6943, 12.6037, 21.6622, 24.1041, 6.34396, 9.73025, 10.4549, 11.5694, 13.681, 15.0747, 23.236, 3.11059, 11.9935, 24.0414, 24.3876, 11.5959 ], 
          [ 26.9974, 6.26332, 12.666, 6.96935, 28.3298, 6.41655, 24.7964, 13.334, 3.53124, 13.1037, 15.2247, 9.84834, 27.6449, 19.9956, 28.247, 19.0109, 9.13823, 13.2199, 7.84021, 6.60941, 21.9164, 14.0299, 21.5732, 26.1389, 1.89785, 2.82006, 23.5884, 12.5191, 16.4069, 26.4852 ], 
          [ 20.846, 22.7799, 12.128, 8.73144, 4.84841, 10.6264, 20.1196, 29.9781, 22.9773, 7.8826, 3.38053, 16.7988, 1.30854, 16.3895, 12.1878, 15.6071, 23.0771, 2.09761, 12.8959, 14.8765, 8.56751, 7.98725, 4.17887, 19.7095, 12.4872, 1.12418, 18.8442, 28.5684, 28.1926, 7.38411 ], 
          [ 6.73759, 3.99987, 15.0761, 17.033, 18.2797, 15.6642, 5.92098, 12.4954, 9.88815, 9.62923, 12.8571, 19.0797, 24.2559, 26.6631, 22.0594, 3.35843, 24.0392, 27.667, 7.03563, 17.7503, 6.32196, 26.4632, 17.7249, 18.0584, 24.1151, 13.0363, 12.8709, 5.89206, 3.92701, 1.52472 ], 
          [ 2.69315, 5.57244, 22.5211, 21.149, 24.0036, 14.3637, 19.9274, 25.2421, 26.6674, 12.1565, 28.0775, 29.371, 19.7744, 28.0101, 14.4195, 2.04914, 5.10001, 29.5194, 22.0757, 2.79298, 17.0861, 5.19362, 6.63344, 23.2365, 22.5359, 15.3083, 28.8363, 9.00386, 16.1118, 23.7082 ], 
          [ 6.60154, 20.1831, 13.9109, 8.79671, 18.8403, 11.7449, 21.7589, 22.1023, 10.3644, 2.24649, 20.3421, 19.5795, 8.71491, 25.5126, 18.2186, 15.5541, 22.8389, 8.69228, 3.27001, 27.2764, 3.80378, 1.2565, 10.7037, 11.8536, 29.2352, 28.7795, 9.16008, 26.1336, 10.5272, 13.3655 ], 
          [ 25.249, 22.4299, 1.1918, 8.78918, 27.106, 29.8606, 23.9164, 25.4034, 14.7689, 17.8553, 13.2992, 7.09523, 7.71729, 29.9965, 18.0355, 29.2022, 28.0658, 17.1527, 2.66812, 6.58115, 5.20766, 8.9193, 12.9376, 6.98432, 27.8541, 21.5133, 10.9445, 29.3016, 14.117, 12.3993 ], 
          [ 26.3659, 2.84764, 22.3049, 25.9716, 26.0158, 4.19334, 5.33121, 19.0858, 7.18782, 29.489, 9.41214, 15.558, 14.4516, 6.53683, 13.663, 29.5365, 6.58544, 18.0508, 7.52832, 25.477, 19.8316, 15.3726, 20.3491, 27.6213, 26.96, 15.6611, 24.2722, 2.85182, 19.3871, 21.0941 ], 
          [ 21.222, 4.52731, 2.44369, 26.6413, 22.7513, 13.7653, 19.7629, 14.9129, 22.306, 13.0699, 17.9567, 8.99865, 15.2415, 27.9571, 27.0358, 24.7668, 20.4036, 11.4403, 23.4096, 1.34716, 16.8399, 24.4525, 9.8947, 18.6332, 10.1645, 1.87799, 21.0968, 3.63073, 5.69923, 16.4918 ], 
          [ 15.4355, 22.8627, 6.39175, 1.34286, 1.64357, 3.54315, 17.3628, 11.1589, 1.47487, 21.0804, 25.9016, 23.2472, 18.3322, 28.702, 25.9341, 28.4855, 13.975, 29.3936, 26.0991, 15.4993, 1.44081, 26.481, 16.4575, 28.2411, 26.9413, 2.97016, 2.48996, 4.56918, 9.22307, 15.2069 ], 
          [ 18.8364, 3.7853, 8.08962, 6.34254, 19.9701, 19.7982, 21.8197, 5.10768, 23.157, 5.62485, 22.7153, 21.4642, 16.6049, 5.34805, 22.9685, 19.004, 25.5806, 14.8968, 28.4624, 12.5386, 17.6664, 25.7663, 9.28807, 18.1158, 23.7253, 14.4869, 11.0642, 25.6881, 23.5859, 10.9533 ], 
          [ 18.0895, 16.7818, 3.88733, 16.4299, 7.76175, 1.62004, 5.00929, 18.264, 5.14191, 25.8221, 25.1224, 25.3731, 13.1392, 10.2425, 3.73822, 6.73377, 8.49102, 27.0481, 26.8038, 20.2227, 14.3557, 16.6529, 26.4125, 7.66031, 11.4343, 22.4271, 14.8071, 9.72371, 24.3485, 18.9059 ], 
          [ 15.7157, 1.90171, 28.8503, 15.6495, 28.5107, 15.7967, 26.4005, 29.0165, 28.1572, 1.89508, 25.5413, 23.1764, 25.3231, 15.1412, 23.5643, 2.77421, 10.347, 19.5998, 13.6989, 12.3497, 13.4582, 15.7366, 19.8303, 26.0543, 11.3566, 4.59397, 1.00592, 4.62407, 16.8833, 21.6616 ], 
          [ 9.20534, 8.53208, 24.7054, 28.2744, 13.3802, 23.4904, 10.3425, 29.4599, 13.171, 6.73065, 27.079, 25.0811, 23.5717, 13.6884, 28.5082, 3.91647, 11.7431, 24.9742, 23.5782, 17.6794, 6.66701, 6.32186, 21.511, 25.1951, 4.87699, 17.1879, 24.3906, 18.3357, 19.165, 1.84346 ], 
          [ 13.7688, 12.2325, 20.2196, 6.23699, 23.9536, 3.768, 19.4803, 25.0859, 5.85141, 10.8457, 25.8597, 18.1007, 17.1986, 17.068, 15.9931, 21.0222, 6.25896, 23.1847, 1.10477, 25.2339, 21.5665, 3.91844, 14.5132, 8.24305, 13.9709, 29.1356, 17.6616, 6.99809, 19.858, 13.1494 ], 
          [ 5.67637, 10.4826, 26.0516, 15.2463, 16.9805, 2.29363, 20.76, 13.9774, 2.48827, 10.1759, 24.1819, 27.8377, 23.3196, 24.8591, 6.1745, 6.70618, 5.6224, 5.64438, 8.42799, 18.4991, 4.09479, 24.4614, 17.7693, 12.6811, 16.2929, 27.8859, 28.8157, 14.4546, 23.571, 27.493 ], 
          [ 9.98716, 3.21771, 13.289, 28.3258, 16.7705, 8.99417, 11.6521, 29.7155, 29.5261, 28.5734, 6.87367, 19.6533, 7.73344, 13.5339, 15.8932, 17.2747, 26.4771, 19.3275, 4.79236, 21.6083, 14.1259, 5.12165, 10.3967, 28.4953, 13.6014, 14.3354, 20.9963, 6.85423, 9.74683, 28.6869 ], 
          [ 4.37037, 4.48839, 4.26912, 11.7255, 19.0027, 27.0918, 9.59207, 15.5048, 11.7866, 23.9198, 12.7485, 17.5281, 4.70457, 29.3637, 4.90322, 22.0467, 25.0551, 28.0623, 5.84773, 10.1199, 3.9767, 26.7626, 4.79412, 8.96112, 29.3573, 7.17528, 10.2504, 23.3697, 4.22684, 8.59895 ], 
          [ 26.4501, 6.06609, 9.31498, 7.68865, 28.2329, 18.0866, 8.05002, 7.78736, 1.89994, 22.4144, 9.07502, 18.9738, 22.9622, 18.0503, 28.2755, 5.24567, 28.6509, 29.3441, 8.77001, 23.4855, 27.308, 6.29169, 2.11197, 15.5258, 14.7219, 12.9408, 19.9147, 7.75421, 23.2545, 28.5424 ], 
          [ 6.63229, 17.0207, 19.1094, 13.8535, 5.4726, 20.0627, 22.35, 4.60341, 26.2194, 22.8792, 20.2857, 22.296, 16.8923, 14.3215, 26.4449, 15.355, 28.11, 8.67904, 14.5458, 26.0782, 9.79639, 3.21273, 9.3826, 11.0024, 3.18785, 5.9654, 4.15988, 15.3361, 14.7912, 12.336 ]
        ]
      ];
r = [
        [73144.8,58368.1,62115,74089.6,79809.9,72102.4,70085.1,63223.2,78703.2,52960.4,74441.5,79507.9,72028,65914.2,74006.1,71969.4,63790.4,61789.7,76488,57865.5,58829.5,71148.8,60853.9,71550.6,69148.5,73724.6,76702.5,58917.1,67658.1,57060.7 ], 
        [70350.5,81724.1,56730.3,74232.5,57333.3,75255.2,72415.2,62780.2,71586.3,70899.4,67222.1,75946.2,80652.2,56346.8,60618.4,72111.7,59085.2,54820.4,72421.5,78196.5,63308.5,60552,78346.3,56659,75827.7,51034.3,61019.5,51493.9,57523.5,63489.4 ]
     ];
d = [
        [61023.7,38656.6,67940.9,84128.7,68377.9,55313.4,47692.6,75404.8,19402.8,80519.4,25728.2,29112,21780.5,62158,50808.8,9691.08,47842.6,50401.7,86027.7,81915.4,3368.73,62859.4,83752.9,24969.2,66017,76012.2,18947.6,12661.9,75466.8,19082.6,88513,56225.1,43174,7787.14,62211.2,22129.2,57023.2,65938.4,56193.9,86940.2,68249,45724.2,76280.2,52443.6,37632,51838.4,6793.61,35795.3,61344.5,75828.9,83007.5,77021.4,49058.7,32866.1,68402.2,47377.9,76425.8,50483.4,71883.1,1361.17,86987.7,32811.1,26335.2,10643.8,80611.1,4313.79,70565.7,73478.5,59100.2,35423.5 ], 
        [18217.3,44243.5,59787.8,42643.9,20141.9,84070.7,59639.1,27580.2,84329.6,63355.7,33799.2,42170.4,19524.3,16855,67859.2,66245.7,24400.9,12321.9,59597.3,6787.71,30292.3,48926.4,81616.6,12985,58580.4,2988.23,76227.4,26481.2,58476.4,47347.6,3360.76,46321.7,6155.31,30572.5,33961.7,52862.6,27478.3,10900.9,20803,89569.8,78285,61780,17724.4,64204.6,13480.5,14806.6,10314.6,8348.02,7470.84,3137.61,84835.5,1173.44,58817.5,8767.88,82255.8,59086.5,62961.1,51357.6,3456.1,71726.4,66786.1,54755.6,37648.1,28063.9,75851.1,42076.9,6053.45,84836.4,69998.2,31682.9 ]
     ];
