/***************************************
* STOCHASTIC OPTIMITZATION
* OPL S2FVPP Data Generator
* by Jordi Mateo Fornes
* Model = S2FVPP; Stochastic (2S) MIP 0-1;
* Representation = Compact Representation;
****************************************/
I = 50;
P = 30;
C = 70;
G = 2;
p = [ 0.02, 0.02 ];
pc = 0.04;
ORCHARDS = { 1, 2, 3, 4, 5, 6, 7, 8, 9, 10, 11, 12, 13, 14, 15, 16, 17, 18, 19, 20, 21, 22, 23, 24, 25, 26, 27, 28, 29, 30 };
CUSTOMERS = { c1, c2, c3, c4, c5, c6, c7, c8, c9, c10, c11, c12, c13, c14, c15, c16, c17, c18, c19, c20, c21, c22, c23, c24, c25, c26, c27, c28, c29, c30, c31, c32, c33, c34, c35, c36, c37, c38, c39, c40, c41, c42, c43, c44, c45, c46, c47, c48, c49, c50, c51, c52, c53, c54, c55, c56, c57, c58, c59, c60, c61, c62, c63, c64, c65, c66, c67, c68, c69, c70 };
CGV = [ 15.075, 14.9031, 26.9731, 25.9945, 4.71777, 23.0418, 25.8037, 22.8487, 8.7723, 8.88741, 16.2434, 25.0695, 4.24681, 1.94114, 24.7818, 26.1864, 8.2733, 6.31399, 14.411, 16.6397, 6.97935, 11.36, 2.25969, 2.90389, 12.3891, 17.1504, 1.95159, 9.44976, 26.7828, 23.7265 ]; 
s = [ 0.175501, 0.126414, 2.3974, 0.976897, 0.389485, 0.254069, 0.785552, 1.7604, 2.9087, 1.72036, 2.5746, 0.21623, 2.37649, 2.55237, 1.68782, 0.161135, 0.617743, 1.34921, 2.79438, 1.77381, 1.9295, 0.415973, 2.55923, 1.6271, 2.98831, 1.48429, 2.59465, 2.61128, 1.89025, 29.9982 ]; 
CSV = [
        [
          [ 6.30764, 11.2855, 5.30442, 9.1637, 11.4858, 24.7679, 13.4583, 24.1959, 8.52682, 28.3709, 7.27884, 3.51213, 8.18232, 21.678, 9.41926, 6.89373, 29.3716, 14.8199, 27.4167, 1.7491, 10.9735, 8.77927, 18.3453, 8.92147, 21.8684, 29.4694, 10.2055, 17.8281, 12.1708, 4.59116 ], 
          [ 6.44853, 25.7325, 22.7489, 20.5128, 6.60049, 1.67089, 2.05086, 27.7875, 5.15721, 22.6016, 12.1434, 21.408, 16.0586, 25.1154, 24.2256, 19.1623, 28.5545, 23.1291, 25.6372, 7.62287, 23.6795, 21.9506, 29.4949, 13.3737, 26.0917, 8.53033, 19.0706, 19.8647, 5.06444, 17.4407 ], 
          [ 18.2915, 20.3732, 22.4907, 20.0345, 19.2713, 20.8905, 4.49565, 4.23021, 13.561, 15.9257, 28.0774, 4.46401, 28.2793, 5.17874, 8.03543, 1.58216, 8.189, 18.3802, 29.0806, 9.3672, 14.1838, 11.398, 16.8005, 20.9317, 20.1111, 16.1076, 22.4548, 22.4365, 3.54822, 1.34359 ], 
          [ 22.4471, 22.8034, 23.4156, 7.97938, 20.6468, 20.4725, 29.2931, 27.785, 20.8763, 14.5624, 6.95525, 29.9147, 14.0089, 9.94553, 11.7849, 12.3032, 19.634, 18.6618, 25.7413, 29.6673, 14.602, 26.7252, 6.00296, 17.1037, 2.55186, 29.9107, 2.96205, 14.2287, 8.60018, 17.2253 ], 
          [ 21.4327, 25.736, 11.8666, 2.44677, 15.179, 29.4507, 11.9565, 12.0333, 3.56182, 25.136, 2.55399, 4.74233, 15.7897, 9.73702, 23.896, 27.526, 22.5728, 4.9132, 10.635, 20.4437, 16.8531, 8.54192, 18.5361, 21.408, 13.5186, 25.3323, 22.6349, 8.26176, 29.3225, 3.35228 ], 
          [ 13.1513, 13.4812, 5.75, 28.9187, 13.6125, 12.4706, 5.9204, 24.1773, 22.9446, 18.6301, 5.19451, 2.43126, 7.89538, 4.1532, 18.634, 24.1298, 9.86252, 10.9368, 24.3163, 22.0129, 13.6119, 25.418, 5.24213, 1.0098, 17.3962, 2.33961, 13.3246, 3.89057, 6.39193, 2.5604 ], 
          [ 17.5826, 19.2479, 1.96663, 11.261, 10.3486, 21.8852, 10.4945, 6.7328, 19.0233, 18.1694, 10.6949, 8.55763, 14.7516, 21.6359, 15.5322, 21.9386, 5.60852, 1.28579, 22.4982, 9.42106, 6.06778, 10.511, 28.2767, 16.8419, 23.3927, 27.8114, 26.1716, 27.6788, 11.6339, 6.5074 ], 
          [ 22.9788, 2.9733, 13.1587, 8.8903, 9.19246, 24.8329, 27.3621, 3.93807, 19.1719, 20.3321, 11.0165, 19.6835, 17.6036, 23.9767, 7.42607, 17.4314, 8.25396, 6.85259, 16.1946, 2.16553, 8.15886, 8.93815, 17.4233, 1.66545, 1.13773, 27.2276, 25.3042, 3.9134, 19.955, 24.4622 ], 
          [ 3.98923, 10.5059, 1.42371, 7.26705, 27.1128, 21.2605, 3.80011, 17.1244, 24.1607, 17.8854, 26.5113, 29.072, 27.8685, 2.71163, 10.7728, 21.163, 27.2728, 24.0859, 23.2314, 23.0101, 28.9464, 29.1687, 9.19222, 8.09571, 29.2393, 20.1329, 21.8919, 20.3695, 27.0763, 7.18168 ], 
          [ 17.6132, 19.5789, 20.453, 22.5616, 19.4673, 28.2012, 9.53334, 14.7397, 25.3843, 14.7914, 3.17209, 14.9306, 19.472, 2.65195, 4.31362, 20.7086, 21.2853, 29.1287, 22.1358, 25.6394, 26.4154, 26.4152, 1.37757, 16.3923, 22.2104, 19.8623, 15.6773, 3.3592, 2.87667, 18.4054 ], 
          [ 29.47, 8.30365, 8.13967, 26.7591, 26.7265, 1.28677, 16.1634, 13.8186, 21.6505, 23.0827, 9.62496, 15.3476, 9.75794, 13.0251, 14.0916, 22.7696, 21.7787, 15.1794, 21.6757, 14.5085, 13.4093, 21.4398, 29.6857, 6.19306, 12.2331, 2.48971, 12.6445, 27.4203, 7.66192, 2.19519 ], 
          [ 16.0239, 13.4609, 12.9909, 27.4714, 29.1752, 8.04325, 2.65585, 29.0584, 2.82688, 1.97693, 5.31341, 4.80259, 23.7189, 18.5533, 29.2926, 19.8134, 11.3028, 4.55109, 4.94563, 13.6624, 26.2875, 7.25014, 28.3354, 1.90049, 21.1285, 18.2411, 6.79811, 23.3549, 12.985, 16.5548 ], 
          [ 25.7544, 9.29255, 13.5318, 28.5546, 23.8132, 13.1906, 20.3847, 10.0089, 17.8059, 19.9355, 3.0828, 21.1101, 22.8971, 19.1944, 13.5364, 10.7761, 6.11036, 4.75039, 8.04236, 13.6508, 10.1077, 17.7154, 26.895, 27.9098, 27.6129, 2.40133, 14.8332, 1.29074, 11.852, 11.9444 ], 
          [ 10.0945, 7.95786, 17.9489, 20.0191, 15.2717, 24.9621, 24.9305, 18.8294, 7.62086, 26.7451, 19.845, 23.7976, 4.6124, 15.8919, 2.4589, 29.0251, 10.4715, 7.99703, 7.0856, 4.98031, 13.9846, 10.0186, 25.5805, 5.39968, 4.92467, 21.7319, 23.9586, 4.76153, 8.64142, 19.6879 ], 
          [ 27.3055, 29.4132, 24.8368, 11.5024, 4.14733, 24.2611, 25.8552, 13.811, 7.76608, 4.48542, 26.3425, 13.0752, 1.82423, 9.71543, 26.268, 14.8, 6.99869, 13.346, 19.2079, 13.4642, 18.8554, 15.6718, 6.36221, 16.1777, 27.857, 27.6696, 2.53266, 27.268, 22.2181, 14.6892 ], 
          [ 6.82161, 18.3971, 25.9684, 9.94119, 15.6669, 27.1106, 1.62163, 15.3321, 16.7694, 15.5874, 7.78106, 4.48325, 27.7923, 2.76145, 10.7935, 2.87607, 29.1956, 11.2266, 5.66953, 1.91021, 23.8746, 3.50546, 22.7425, 4.64902, 5.16733, 28.5784, 29.238, 11.2127, 18.6358, 24.6138 ], 
          [ 9.24854, 15.1256, 17.8736, 4.55366, 11.539, 27.5935, 25.0818, 10.6634, 19.1355, 15.8057, 18.7736, 8.38566, 24.0403, 28.5715, 1.432, 29.525, 18.5929, 20.3401, 6.51948, 17.4099, 25.2132, 29.0692, 28.3426, 7.65278, 1.14589, 5.95919, 8.4605, 29.4823, 5.76574, 28.4345 ], 
          [ 8.84691, 1.55284, 12.1572, 22.4718, 5.1944, 18.8952, 5.33147, 26.9791, 7.22366, 24.2403, 21.8043, 13.1061, 16.7805, 25.327, 3.61421, 26.4088, 11.6517, 1.57695, 21.6146, 6.07513, 4.33343, 16.441, 15.8186, 8.8274, 18.8129, 27.3172, 24.3675, 1.92846, 5.69099, 12.8578 ], 
          [ 25.4104, 7.42621, 3.03314, 10.6616, 14.2727, 12.6307, 23.283, 19.3574, 3.88171, 25.743, 2.16541, 25.1117, 2.77858, 20.2919, 15.5116, 15.9556, 14.0039, 19.7554, 6.36805, 21.0827, 11.0568, 21.6673, 16.1068, 9.29052, 12.6167, 14.9293, 25.4428, 22.4326, 17.3376, 16.6643 ], 
          [ 12.1481, 14.4183, 14.635, 11.3587, 25.3785, 7.67398, 3.00088, 17.0252, 17.7802, 26.1217, 11.1604, 25.9284, 18.399, 1.64894, 20.2598, 22.523, 17.7015, 28.4774, 23.7434, 22.3422, 18.233, 8.31775, 28.8073, 12.0262, 6.77862, 9.48321, 3.46993, 20.2226, 6.60757, 6.57223 ], 
          [ 11.7097, 19.6138, 25.3076, 13.7033, 20.2689, 27.8813, 6.68386, 20.6406, 15.9047, 8.0486, 16.2736, 13.1598, 23.5971, 6.00423, 7.41989, 28.0305, 22.4915, 13.52, 13.5711, 9.25858, 1.24924, 7.56299, 25.6631, 11.86, 3.58203, 8.74004, 17.7402, 4.75396, 19.6739, 4.42445 ], 
          [ 13.5885, 15.0704, 11.3154, 26.9039, 22.0981, 16.2704, 29.3701, 20.0259, 9.34769, 25.3315, 19.3631, 27.7951, 19.7882, 24.5435, 27.0124, 26.9017, 27.8069, 12.6806, 1.83147, 27.1121, 6.54949, 26.0572, 21.5045, 4.1269, 22.1863, 9.14038, 1.39489, 4.1952, 7.08978, 2.98957 ], 
          [ 16.1357, 2.83274, 19.827, 8.77134, 5.14375, 18.5962, 5.61038, 11.1825, 24.0856, 20.5795, 7.13306, 19.7361, 12.0512, 20.0912, 3.13269, 9.75695, 18.5789, 6.20682, 15.4341, 14.5131, 5.42259, 17.1162, 14.1821, 26.6152, 7.86847, 5.67121, 4.79443, 2.30101, 1.00681, 24.5641 ], 
          [ 13.1876, 7.6686, 2.34906, 3.44563, 9.62838, 28.3615, 26.4082, 1.79676, 14.0162, 27.9917, 17.4771, 18.156, 28.9966, 9.70406, 26.3619, 19.8737, 19.5595, 25.1791, 8.02527, 28.7329, 19.7419, 23.9103, 11.5919, 4.99575, 25.0483, 28.4744, 7.08661, 21.5176, 1.13607, 29.1958 ], 
          [ 8.01997, 1.25195, 6.60619, 7.11638, 10.0213, 19.1117, 17.4612, 8.91626, 14.3867, 18.2804, 25.9618, 17.7323, 27.6473, 13.9784, 1.11652, 3.52827, 25.4869, 3.75523, 11.688, 3.70477, 3.9895, 17.6735, 26.3787, 5.70675, 3.24764, 27.3138, 29.4785, 7.49008, 15.7857, 5.49211 ], 
          [ 21.1399, 28.7746, 4.41102, 23.1179, 12.1737, 2.62398, 5.8181, 1.18629, 2.51016, 2.6959, 3.69309, 10.572, 25.6662, 5.45695, 1.58378, 3.8377, 6.84779, 8.54719, 25.4527, 28.5226, 16.0036, 16.7711, 1.21756, 16.0316, 8.47836, 10.6579, 13.2647, 24.5036, 24.9689, 19.061 ], 
          [ 5.01896, 29.688, 19.2742, 15.497, 28.9948, 25.2287, 5.56393, 21.8279, 5.93494, 28.2062, 17.9992, 1.53612, 25.2901, 3.98241, 21.7268, 13.6194, 22.8166, 29.8583, 25.454, 3.77098, 23.8015, 12.7081, 21.2639, 19.3395, 8.09271, 5.8251, 29.3289, 23.262, 8.34934, 8.4222 ], 
          [ 16.5415, 11.1998, 9.6106, 6.24236, 15.1773, 5.09493, 15.158, 12.0834, 18.7868, 19.9275, 22.1724, 27.5387, 14.7801, 3.86555, 15.2212, 2.95764, 14.6145, 23.6658, 11.6185, 14.5267, 24.8661, 28.9504, 19.0216, 26.1547, 11.8442, 11.4196, 27.662, 2.95864, 17.5817, 2.45217 ], 
          [ 14.2886, 1.73336, 17.0712, 12.4967, 6.38748, 22.7603, 26.2847, 18.2064, 17.008, 24.549, 21.6008, 20.8939, 13.9218, 3.4174, 7.51765, 25.6186, 18.0355, 23.1152, 13.761, 7.49024, 18.5908, 21.2955, 1.58888, 16.5663, 29.4081, 8.10219, 13.5323, 1.68047, 11.3846, 4.77228 ], 
          [ 9.15401, 2.52109, 18.1223, 19.6943, 29.9874, 2.91171, 4.31682, 21.0113, 9.90014, 17.4753, 12.6681, 8.71456, 4.04993, 23.4039, 1.10239, 19.087, 2.92605, 4.81037, 11.5553, 12.0818, 24.6857, 12.9692, 17.5134, 1.45929, 20.555, 4.16977, 8.26419, 9.19997, 28.2986, 13.6055 ], 
          [ 28.5764, 26.5332, 10.189, 28.4184, 11.1397, 29.113, 7.65292, 28.6982, 26.8375, 22.9944, 28.9308, 12.105, 9.52669, 20.1839, 26.863, 19.2438, 4.62233, 15.572, 17.6346, 25.7502, 10.5168, 4.35851, 23.6857, 5.25449, 18.1137, 21.3097, 5.09227, 22.2064, 29.5613, 5.25179 ], 
          [ 6.31134, 12.4949, 25.3793, 8.77405, 27.4374, 9.39496, 25.5263, 17.9633, 17.1908, 17.9592, 7.99362, 22.6734, 25.0608, 26.5844, 25.6198, 4.58784, 21.073, 20.4693, 25.9614, 13.9827, 21.8964, 16.8731, 9.94064, 28.6688, 12.2525, 6.08862, 22.3472, 12.9635, 2.11632, 22.6893 ], 
          [ 18.5478, 22.374, 10.8313, 24.2738, 6.89537, 27.8923, 28.5085, 10.1208, 11.3544, 14.0267, 6.58176, 2.02128, 2.87435, 18.0326, 9.78777, 29.8729, 23.8577, 18.8625, 2.23583, 23.4364, 6.30072, 25.3747, 13.681, 20.7935, 22.7879, 28.3468, 14.2329, 4.39234, 17.7787, 6.37536 ], 
          [ 14.0287, 6.97251, 14.5135, 6.22937, 17.1885, 7.10428, 4.57999, 11.9673, 25.1027, 26.2226, 28.4018, 29.2094, 22.1022, 2.86216, 27.0949, 29.8358, 20.2062, 26.8918, 18.4003, 24.3706, 12.345, 21.2843, 20.0537, 20.7809, 7.03187, 1.16734, 7.60481, 6.60756, 17.3157, 11.4214 ], 
          [ 23.5903, 3.91167, 13.6045, 23.8103, 4.09594, 7.7443, 11.8231, 14.33, 2.64303, 14.222, 11.5959, 7.6423, 2.51496, 2.94086, 7.64202, 18.0435, 8.68204, 21.7392, 9.92131, 28.4463, 5.22636, 9.33, 20.9237, 28.0236, 25.8265, 25.7599, 19.6837, 27.5381, 15.5525, 18.9913 ], 
          [ 4.92226, 25.3814, 3.32366, 2.55382, 27.2841, 29.2781, 5.29782, 18.8906, 14.4059, 9.33776, 5.88809, 25.3311, 17.9821, 25.3959, 8.17982, 2.24935, 18.4565, 24.8317, 15.6551, 10.3836, 29.8224, 28.0574, 19.9956, 5.55082, 17.3148, 25.6014, 16.2072, 11.0227, 26.4438, 3.14202 ], 
          [ 29.9275, 11.1692, 15.0139, 26.3591, 5.61746, 1.47042, 21.3255, 6.63833, 12.5557, 4.9167, 1.16875, 5.81062, 3.08198, 26.4907, 20.4084, 2.15189, 14.5058, 6.23258, 6.92922, 4.27766, 9.77803, 18.4598, 6.15041, 1.72837, 12.7819, 12.9553, 28.6807, 9.51197, 6.15439, 15.4014 ], 
          [ 27.7906, 24.1809, 28.6053, 21.124, 19.6655, 12.2913, 3.0448, 7.73767, 4.20067, 29.313, 8.32893, 16.0775, 2.00093, 27.7022, 25.7853, 17.31, 1.89376, 3.53995, 7.95952, 22.1031, 27.3371, 13.5684, 17.7339, 18.5851, 2.21912, 16.6345, 12.5236, 12.7255, 1.03932, 14.348 ], 
          [ 8.89166, 11.4351, 16.8197, 21.458, 15.2313, 22.9237, 11.6073, 5.88108, 18.8668, 16.7627, 24.2575, 23.7687, 16.9013, 5.21864, 18.3485, 5.1828, 1.34462, 28.9313, 9.59524, 19.955, 23.7265, 17.0696, 9.46011, 12.6209, 21.8269, 28.6621, 27.2009, 27.4901, 11.9897, 8.57693 ], 
          [ 23.808, 14.9102, 25.6105, 26.7045, 28.0175, 24.3867, 18.5042, 11.3405, 12.5601, 11.5505, 5.64905, 19.458, 9.68722, 28.0926, 7.0093, 29.5922, 10.77, 26.8316, 1.63271, 15.6799, 18.6649, 7.81825, 9.09641, 17.9342, 2.37101, 24.2444, 27.6849, 18.748, 10.3337, 4.65784 ], 
          [ 18.1727, 7.9724, 1.02514, 28.6222, 18.9743, 2.99695, 26.355, 8.01557, 18.8411, 6.06763, 3.53847, 23.4708, 22.1215, 8.33071, 2.90608, 16.0992, 5.74044, 5.03687, 6.45394, 2.88168, 9.25514, 14.1364, 27.854, 22.1192, 17.9603, 26.8034, 10.8288, 18.5506, 2.41414, 8.65158 ], 
          [ 23.8251, 26.8079, 3.70019, 9.97052, 6.18593, 11.0411, 5.53158, 8.05615, 15.7932, 8.02605, 15.7285, 22.8414, 29.0235, 21.9576, 22.5143, 1.50568, 10.3033, 29.9634, 24.3023, 22.972, 19.511, 3.59704, 14.8902, 15.74, 4.2779, 10.7026, 13.7297, 13.3384, 13.0217, 3.75372 ], 
          [ 26.6051, 6.71867, 14.8287, 28.5909, 3.39634, 24.6233, 26.0717, 26.9694, 26.2919, 21.211, 11.4958, 11.8032, 29.125, 8.40868, 28.5057, 7.48605, 12.398, 13.8933, 15.8573, 17.7072, 13.2578, 9.71888, 13.2094, 27.0776, 23.4489, 23.2269, 21.0581, 2.76298, 20.074, 10.9139 ], 
          [ 18.1873, 6.56382, 7.18564, 25.4613, 20.8493, 19.5239, 5.20984, 19.659, 3.9123, 22.8444, 6.1029, 21.2894, 21.9581, 22.3332, 25.9306, 9.40616, 4.86984, 5.04102, 12.9342, 3.74049, 2.73313, 22.5967, 14.9474, 8.32401, 28.6887, 12.3475, 9.77345, 20.0366, 26.9837, 13.8503 ], 
          [ 3.33562, 12.0681, 19.256, 18.3369, 18.5164, 16.518, 20.9655, 12.7881, 13.7955, 11.7194, 17.9303, 21.0028, 17.8685, 7.49168, 17.2901, 27.8006, 23.7702, 10.6459, 7.43521, 7.92868, 9.7159, 4.43856, 26.2088, 15.789, 28.5709, 19.161, 9.53129, 18.3196, 12.5731, 28.3754 ], 
          [ 4.46743, 16.5161, 10.2379, 6.51967, 16.2135, 21.233, 10.5701, 9.17358, 27.4829, 20.252, 1.34769, 9.7391, 2.71906, 19.2985, 12.2951, 16.6242, 3.15746, 23.6617, 7.36529, 27.1043, 14.9938, 7.98929, 5.13928, 20.9024, 1.5646, 26.7732, 6.85969, 29.5161, 24.752, 9.17169 ], 
          [ 15.702, 27.0911, 9.77115, 18.2124, 28.1397, 13.7964, 4.53906, 21.1818, 12.4642, 12.6375, 12.0014, 9.5429, 21.1207, 13.8517, 9.87096, 17.3351, 27.2035, 2.15518, 16.7073, 11.886, 13.3919, 13.653, 23.9109, 25.02, 13.5546, 4.78817, 7.92242, 29.8246, 7.81135, 18.8367 ], 
          [ 29.0381, 7.90142, 13.712, 4.48193, 22.0218, 6.34418, 21.2876, 6.62389, 2.85173, 28.7053, 19.1203, 10.6206, 15.29, 11.8622, 4.88906, 2.83588, 17.1623, 12.4039, 4.87519, 14.9903, 16.2762, 24.016, 15.2921, 4.44771, 9.72184, 2.43374, 4.08902, 24.8217, 13.4458, 20.8499 ], 
          [ 4.04733, 2.53005, 13.7766, 12.9787, 29.2773, 22.0007, 3.06687, 23.9899, 22.0768, 19.461, 26.7277, 24.7213, 14.0369, 22.8068, 10.6245, 19.036, 6.37513, 18.8637, 14.1958, 19.3049, 14.2304, 6.77806, 9.05097, 29.9493, 9.30351, 7.06302, 12.0244, 2.91278, 9.20812, 9.72621 ], 
          [ 11.925, 8.32526, 4.00865, 14.1893, 3.46275, 5.64723, 7.76703, 7.07518, 21.1234, 23.3916, 29.5206, 27.4697, 28.791, 11.0449, 16.8086, 24.9556, 17.7391, 19.0517, 7.48843, 25.8013, 1.75631, 10.275, 2.36513, 15.9386, 4.50476, 22.5336, 22.8014, 14.4323, 1.54182, 24.2049 ], 
          [ 17.8112, 14.053, 22.4807, 23.1067, 3.2514, 28.593, 16.4247, 11.2395, 18.5555, 5.7363, 11.8093, 13.9874, 3.96184, 12.7901, 19.9112, 6.56229, 15.0985, 18.9805, 29.1523, 4.99683, 13.628, 6.09337, 18.7176, 19.5789, 3.83307, 9.74535, 15.0521, 29.8473, 8.62697, 23.3881 ], 
          [ 3.24027, 19.5484, 4.56992, 3.6165, 6.44403, 21.1506, 6.2336, 25.2201, 18.5125, 9.02274, 24.3968, 21.6389, 9.73047, 13.3298, 23.2442, 27.269, 18.6846, 5.85021, 24.6962, 4.79738, 13.9847, 1.03786, 22.2047, 18.4183, 27.4904, 10.9831, 26.5333, 8.25775, 22.1048, 17.4014 ], 
          [ 25.0143, 8.47196, 13.3582, 29.254, 6.64923, 17.2441, 19.4187, 17.378, 26.1613, 11.2278, 20.7791, 4.61747, 9.054, 6.48434, 12.8247, 2.02309, 20.1589, 24.9189, 13.413, 12.4753, 9.74945, 16.5493, 18.0738, 6.91449, 18.4117, 24.4229, 10.8128, 14.5786, 7.43929, 9.81414 ], 
          [ 7.37289, 25.6206, 24.1613, 29.7968, 15.6633, 16.0134, 23.8199, 11.6009, 21.5619, 1.84293, 20.2246, 22.1814, 20.184, 6.55456, 1.99054, 19.2441, 4.65888, 8.58213, 20.3448, 23.4397, 4.58147, 3.54095, 26.8754, 24.4449, 7.74529, 4.43508, 2.83505, 24.2312, 25.7534, 25.725 ], 
          [ 12.4751, 29.5099, 8.95186, 20.8111, 20.1715, 15.5141, 4.19715, 9.88532, 8.1484, 16.7671, 28.0891, 27.8994, 2.45034, 5.12225, 17.8531, 6.18814, 7.52487, 2.41536, 1.03421, 4.73366, 17.4413, 3.15696, 25.97, 22.9892, 22.2656, 9.13195, 3.00864, 10.1277, 3.77125, 20.4879 ], 
          [ 9.51793, 13.2348, 12.6713, 17.11, 22.7808, 23.2541, 13.4651, 16.004, 21.5185, 23.4546, 11.6904, 13.2581, 2.82284, 19.7686, 25.0039, 19.2583, 26.1675, 10.3689, 20.5546, 2.60274, 12.9684, 1.7999, 22.6039, 22.4178, 10.696, 10.5015, 13.1617, 15.5139, 4.33492, 28.7604 ], 
          [ 2.88253, 13.1865, 2.8526, 7.718, 6.33017, 27.3059, 3.82534, 6.93724, 6.19063, 19.9947, 29.451, 29.2671, 27.8967, 9.24657, 4.87233, 11.5445, 7.3164, 17.9274, 27.2374, 9.8891, 6.65085, 25.2537, 13.9787, 8.76771, 26.6751, 3.19879, 12.4372, 23.2615, 25.8154, 3.27566 ], 
          [ 21.9539, 3.7587, 4.17217, 5.47652, 25.6184, 27.9388, 19.8934, 23.3864, 19.0008, 21.8407, 25.9866, 26.1197, 19.8295, 10.9359, 14.092, 2.41784, 18.8255, 23.6382, 11.0885, 18.9583, 6.78481, 22.4721, 22.2283, 8.72705, 4.81059, 11.5328, 5.64553, 24.7976, 9.25908, 14.3354 ], 
          [ 7.84515, 28.0221, 27.1434, 13.8923, 28.8135, 11.5863, 7.08705, 12.372, 16.8226, 14.6284, 12.62, 27.8034, 21.3503, 2.92611, 14.6259, 19.6522, 21.6438, 5.50417, 11.1822, 6.3867, 24.2855, 7.55382, 8.0709, 10.2354, 21.6891, 14.1513, 10.7908, 13.6746, 4.3155, 29.6727 ], 
          [ 17.6315, 12.9089, 7.57931, 19.418, 10.1239, 7.00237, 15.4072, 23.2275, 5.77298, 20.1922, 10.7537, 25.09, 16.4392, 16.6745, 5.20426, 19.5586, 11.5284, 13.5598, 21.4911, 1.20382, 24.4758, 10.3053, 9.22549, 11.2853, 27.066, 3.75115, 12.1004, 28.9418, 25.3588, 26.9115 ], 
          [ 25.6282, 29.1728, 28.3772, 21.4961, 5.63453, 13.9324, 18.9034, 3.85634, 24.508, 2.08292, 7.03444, 27.6147, 4.52734, 28.9037, 26.8582, 21.1606, 2.86475, 20.5309, 24.136, 9.82008, 18.9283, 29.0272, 15.9668, 28.3591, 27.0541, 6.86448, 11.4138, 24.2776, 10.2057, 23.5397 ], 
          [ 15.3377, 6.44383, 8.23255, 6.03796, 22.7285, 29.7557, 20.9243, 11.9175, 21.4134, 5.75016, 25.9842, 21.6003, 19.4085, 24.5086, 27.5037, 6.93276, 5.85155, 15.5658, 24.3392, 18.9769, 1.96113, 13.6844, 23.1102, 11.8802, 29.6555, 16.3175, 19.1107, 10.5434, 25.1264, 4.24579 ], 
          [ 22.7134, 22.7454, 25.3135, 8.57419, 13.2003, 11.903, 12.7834, 24.6951, 15.2053, 23.4145, 11.1554, 11.1579, 19.7125, 17.4734, 24.2084, 5.35678, 6.17375, 13.8195, 21.9533, 20.3946, 7.93085, 21.272, 3.62927, 19.7944, 13.0773, 18.7787, 22.0314, 12.7905, 21.0001, 1.87871 ], 
          [ 14.9967, 13.8373, 24.007, 4.8475, 4.10049, 16.8003, 20.8889, 15.3023, 15.8204, 28.183, 23.7555, 3.95882, 13.7049, 18.2354, 4.92046, 9.17003, 7.00742, 2.39149, 8.813, 27.4961, 15.8842, 9.69307, 24.0983, 21.7159, 10.0949, 23.0197, 27.5259, 10.0168, 7.67177, 23.9926 ], 
          [ 16.9425, 29.0729, 5.8833, 2.4353, 28.9046, 25.0945, 5.04241, 3.11802, 8.55647, 1.35023, 29.4445, 19.7134, 7.56616, 21.1942, 2.62914, 2.76855, 12.0363, 14.6143, 25.2613, 21.4541, 28.461, 3.38248, 20.32, 10.5482, 13.3325, 15.7015, 15.1743, 22.4066, 1.50065, 10.4791 ], 
          [ 24.7199, 15.3476, 28.1406, 22.1773, 6.50188, 22.2933, 11.8374, 12.6472, 23.5306, 24.2754, 29.9075, 28.888, 16.3668, 3.1642, 26.5008, 13.5253, 4.91098, 7.61064, 17.5795, 20.1428, 5.61324, 29.1509, 12.3292, 22.0215, 27.1333, 21.2789, 18.9237, 7.22201, 20.3782, 21.5692 ], 
          [ 26.5196, 22.4461, 16.3737, 22.4438, 10.0745, 17.4632, 7.53434, 18.7042, 28.9061, 13.4024, 2.95116, 3.43795, 27.7421, 14.8491, 13.75, 29.172, 13.7568, 18.8882, 20.4285, 5.68072, 22.1411, 1.6917, 7.63396, 28.9504, 23.4458, 17.5113, 22.853, 12.7816, 21.2483, 15.4632 ], 
          [ 5.57434, 12.2962, 11.9659, 13.3821, 20.7894, 27.1609, 12.4261, 18.8071, 3.53611, 21.9849, 2.51411, 7.50049, 12.3111, 19.3116, 1.77574, 13.0059, 4.48553, 6.47223, 6.44626, 5.01128, 25.4584, 8.76732, 27.2236, 8.94061, 29.954, 26.3199, 25.5822, 1.53648, 5.21041, 13.4345 ], 
          [ 3.42742, 9.37862, 24.0769, 10.8527, 29.8955, 2.93597, 4.43512, 27.3247, 13.3658, 8.29446, 1.41698, 4.71008, 16.1969, 21.4299, 28.0752, 27.29, 18.5763, 2.2188, 12.5312, 17.4848, 10.8919, 27.4072, 13.2572, 21.6276, 22.1036, 18.6134, 16.2418, 18.4206, 13.7134, 21.7607 ], 
          [ 27.0005, 18.2683, 12.7099, 4.71596, 1.76124, 26.3463, 21.0457, 11.9185, 27.0159, 2.08091, 15.6228, 20.3259, 23.5405, 28.4359, 20.4323, 28.8696, 9.08372, 25.4548, 20.0133, 17.4163, 9.82452, 24.1759, 7.59081, 8.16626, 18.4317, 18.5253, 4.36791, 20.1767, 5.12748, 24.5283 ]
        ], 
        [
          [ 20.9999, 18.7771, 23.0171, 18.0713, 25.2897, 7.18079, 12.478, 26.8024, 7.77553, 20.2554, 22.2938, 27.4989, 17.4412, 13.4531, 16.8049, 1.47291, 25.5412, 18.9653, 17.9255, 3.77591, 27.1491, 8.75583, 21.6648, 10.2937, 14.2604, 8.76859, 2.33672, 9.62212, 21.5767, 3.56603 ], 
          [ 11.4139, 29.3459, 28.7606, 28.3738, 18.8473, 20.1043, 10.9769, 5.19951, 28.6555, 29.3232, 12.1123, 26.292, 29.5596, 1.37968, 23.2375, 21.1742, 20.4994, 5.87539, 24.4668, 27.4256, 24.354, 28.0516, 9.13434, 1.53633, 14.0052, 23.9138, 23.6171, 3.41234, 23.194, 21.4675 ], 
          [ 22.5194, 23.7422, 23.8263, 21.8657, 20.5083, 6.50902, 1.34346, 14.7488, 13.9166, 3.38349, 14.6601, 4.24666, 4.74958, 7.93017, 22.8617, 11.5573, 13.0276, 29.4136, 22.3487, 14.7808, 10.7714, 14.3048, 23.8204, 22.4191, 5.46629, 4.85305, 1.95385, 1.07026, 8.09951, 20.3239 ], 
          [ 16.8043, 1.11227, 17.0643, 5.79845, 12.9453, 15.7035, 11.9627, 20.9707, 1.34282, 20.0216, 28.0691, 5.80934, 21.8465, 6.77552, 4.15038, 16.4828, 23.3653, 18.0014, 23.7595, 16.5224, 28.8285, 14.2186, 12.495, 21.2201, 4.43782, 24.2869, 13.924, 28.7051, 28.6662, 18.0708 ], 
          [ 13.03, 26.9534, 21.5788, 12.104, 10.8422, 13.839, 4.31037, 23.0166, 12.911, 14.3184, 4.19541, 23.8424, 11.1636, 5.44542, 3.36752, 22.9221, 21.9141, 24.6419, 22.9055, 13.9175, 25.0571, 14.3702, 18.8529, 29.2999, 5.58931, 28.5049, 8.53775, 7.31411, 29.2198, 16.0829 ], 
          [ 3.27235, 2.17629, 14.3303, 7.29064, 5.07147, 17.9132, 22.9675, 26.2268, 23.4428, 3.79188, 29.4945, 28.0974, 4.6281, 14.2492, 10.2006, 5.00081, 4.50415, 3.43205, 2.25825, 29.1632, 25.7454, 6.08438, 16.7295, 21.4744, 2.87749, 14.0327, 2.28368, 28.6338, 2.31956, 13.5533 ], 
          [ 11.9774, 28.2283, 26.36, 21.2439, 5.23074, 16.206, 2.29307, 29.7105, 7.14183, 13.3364, 15.503, 16.4825, 26.4875, 1.08259, 6.22657, 18.0808, 27.9922, 3.05007, 2.32869, 9.95164, 5.84766, 10.685, 8.05112, 8.52118, 13.4511, 14.902, 12.2001, 4.35141, 25.1489, 20.5183 ], 
          [ 9.96207, 13.2925, 5.27397, 12.721, 2.21159, 2.11334, 24.808, 20.9321, 24.5457, 22.998, 29.1286, 3.81481, 27.6922, 27.0232, 10.9104, 23.8489, 19.7348, 19.341, 27.3709, 14.8162, 16.5172, 26.8551, 1.38123, 15.2639, 1.03616, 15.9848, 11.2566, 27.9477, 4.18544, 11.6508 ], 
          [ 1.72776, 15.9783, 1.83901, 28.3198, 17.254, 27.0808, 5.85708, 14.5077, 29.2305, 15.1549, 3.36877, 1.91059, 4.51529, 18.8259, 28.9845, 14.9563, 17.7353, 7.82094, 20.7427, 11.3689, 29.4948, 27.9126, 29.013, 6.19494, 29.144, 25.4106, 2.07318, 6.47546, 8.43177, 11.2519 ], 
          [ 21.9269, 3.10581, 18.8887, 21.2898, 20.5731, 13.6978, 21.22, 24.2174, 26.7807, 29.323, 1.18002, 18.23, 19.4409, 29.285, 17.8047, 2.43363, 2.30637, 4.80827, 15.9824, 27.5891, 27.0044, 10.8135, 15.7956, 13.4872, 19.6431, 15.5744, 8.90596, 2.40527, 6.3497, 25.7877 ], 
          [ 11.0606, 9.71303, 4.75206, 2.14349, 20.6091, 14.7667, 14.7948, 21.12, 27.6056, 5.56991, 25.159, 1.14912, 11.3511, 23.894, 28.9379, 24.7716, 8.4899, 25.8308, 17.0608, 19.463, 7.68343, 25.7551, 27.7936, 25.2718, 17.0923, 24.607, 5.34709, 23.8205, 9.14479, 4.22405 ], 
          [ 7.21341, 19.1215, 29.4532, 13.5768, 25.1708, 11.8998, 25.6581, 21.3886, 16.5073, 7.35005, 25.1441, 12.4328, 22.6249, 16.091, 14.6833, 20.517, 12.9347, 27.9883, 18.6738, 8.02912, 14.4, 22.1967, 26.5322, 11.1571, 15.5843, 10.4357, 18.012, 23.3267, 24.8219, 6.18239 ], 
          [ 26.2424, 14.3541, 20.3746, 7.21164, 14.0664, 21.5829, 24.7175, 27.1597, 4.49302, 6.61221, 4.7932, 3.3424, 9.38903, 15.2256, 4.39697, 20.676, 7.09245, 7.58635, 12.5081, 7.71344, 21.1596, 27.5314, 10.5054, 9.48617, 27.1717, 4.48312, 12.9838, 28.1936, 1.30687, 27.0755 ], 
          [ 13.1266, 5.61271, 16.4884, 26.2063, 28.5299, 10.1244, 23.8169, 9.48132, 25.4861, 17.7974, 14.4298, 16.0816, 20.4094, 22.2417, 14.3915, 5.25183, 13.2548, 24.3708, 2.70387, 25.0727, 7.93593, 5.07135, 6.64717, 20.2951, 20.8481, 2.98282, 18.0184, 22.3247, 7.50969, 8.66316 ], 
          [ 12.0282, 25.7189, 13.9328, 11.3652, 14.0848, 13.1531, 1.96172, 17.3715, 4.0698, 19.1609, 3.93947, 12.2178, 9.53025, 8.13687, 9.50558, 17.1388, 23.6156, 18.0019, 14.3963, 5.62373, 10.6538, 25.0356, 25.7206, 26.744, 10.2873, 8.83711, 3.53929, 19.9698, 2.55743, 1.82753 ], 
          [ 3.56198, 1.23888, 12.2514, 27.7426, 10.7718, 18.9915, 19.4387, 21.8664, 1.10018, 8.91701, 29.652, 3.6727, 1.79964, 3.00456, 10.9129, 28.3875, 1.24714, 18.43, 2.17701, 2.76278, 22.0869, 23.11, 14.412, 15.7723, 6.78728, 27.212, 6.68838, 9.11225, 24.2719, 14.2437 ], 
          [ 27.2282, 2.92878, 21.339, 1.64839, 19.2479, 19.4629, 16.3259, 20.8942, 15.5513, 23.5044, 4.74242, 19.2052, 17.1824, 5.81054, 29.8657, 9.47924, 9.34347, 29.0712, 1.66915, 11.0848, 2.20299, 27.05, 18.7161, 4.92717, 2.73252, 2.66874, 3.34942, 11.5952, 23.3074, 9.84993 ], 
          [ 24.0347, 22.5954, 9.52972, 16.6084, 18.1044, 23.6785, 14.2317, 18.5403, 2.01172, 14.7399, 18.0147, 5.99758, 26.5604, 17.7383, 10.8377, 17.3308, 7.81975, 26.5658, 29.4356, 14.0505, 16.9035, 22.1669, 18.8657, 23.1283, 10.9624, 19.195, 10.839, 1.13546, 20.248, 3.81028 ], 
          [ 24.7686, 19.8298, 10.3075, 29.64, 5.02792, 18.4034, 14.309, 12.4261, 20.6214, 28.2383, 27.2639, 6.15739, 15.2376, 26.4374, 3.373, 26.5912, 21.6698, 16.0797, 9.53107, 27.8056, 6.99076, 26.7105, 14.2859, 11.534, 4.70484, 3.38926, 4.74568, 16.4536, 16.7199, 2.2852 ], 
          [ 28.4408, 10.5372, 28.3639, 19.6607, 14.9592, 27.2581, 19.2469, 2.75956, 1.95549, 15.3937, 12.8022, 3.91097, 1.85085, 19.211, 21.357, 29.3032, 23.588, 26.9599, 15.113, 28.4215, 20.2109, 21.731, 9.14397, 24.5909, 16.5228, 25.2365, 15.8244, 4.64712, 11.623, 12.0282 ], 
          [ 24.2167, 19.991, 27.2646, 29.9699, 7.00779, 4.65512, 15.2596, 13.812, 1.07295, 5.96884, 4.23326, 25.3545, 1.18312, 19.7936, 9.69476, 10.4995, 21.6148, 1.10865, 19.0337, 14.4925, 7.98048, 20.0907, 8.45458, 11.517, 18.8689, 4.24733, 21.2604, 13.9103, 15.0628, 6.85272 ], 
          [ 8.76051, 24.7128, 28.1785, 17.6369, 2.35911, 16.1453, 25.5598, 10.533, 12.411, 3.56797, 15.1066, 6.01709, 12.7974, 15.9063, 22.3429, 28.0463, 8.35102, 9.88038, 8.69618, 26.3166, 10.7177, 28.869, 28.3803, 10.648, 4.01593, 20.7463, 10.6849, 1.74356, 10.1773, 18.8307 ], 
          [ 26.9516, 19.6887, 21.1238, 4.7372, 11.6582, 23.7483, 21.3916, 2.78799, 23.0967, 25.5272, 14.5676, 27.2269, 1.56792, 19.8133, 14.4533, 24.9761, 8.00192, 10.1111, 16.4289, 17.473, 28.899, 7.2111, 27.7233, 1.34802, 24.5505, 21.7408, 10.1357, 27.1857, 26.5931, 8.16004 ], 
          [ 21.9413, 17.3456, 27.8556, 2.03593, 24.8714, 6.33266, 13.1643, 28.8901, 1.13542, 19.3263, 23.9942, 27.9312, 18.6266, 13.2355, 15.3789, 7.08847, 18.3631, 26.279, 18.0923, 12.7452, 3.37312, 12.4805, 17.5341, 2.24618, 15.5684, 19.8662, 6.01082, 3.05969, 4.54677, 23.0428 ], 
          [ 19.6195, 15.4139, 5.17392, 9.51405, 18.2003, 24.5826, 27.2255, 21.5987, 28.9497, 20.8335, 16.2942, 12.6485, 10.3751, 29.316, 19.326, 16.7965, 25.4599, 5.9844, 5.46435, 27.4897, 3.00946, 15.0922, 13.7024, 13.8782, 2.67837, 1.90895, 26.7657, 12.3186, 4.65594, 23.8473 ], 
          [ 16.9351, 4.25105, 13.7066, 28.1945, 2.29913, 10.1531, 24.9647, 19.5758, 15.4023, 1.81856, 29.586, 27.4869, 17.4765, 28.9716, 3.64327, 17.3086, 4.93257, 14.067, 18.3412, 19.2663, 7.81363, 19.8599, 29.7173, 6.73432, 25.7238, 8.06905, 8.1593, 8.81239, 12.2545, 25.2095 ], 
          [ 21.4807, 15.88, 15.6698, 2.6795, 22.3453, 19.5544, 21.6826, 21.9823, 12.1262, 19.479, 16.9922, 22.6501, 26.5498, 8.61688, 10.4216, 2.11599, 6.90546, 4.92991, 14.2219, 25.137, 23.0774, 1.62609, 28.4104, 24.8825, 21.7827, 23.883, 6.93095, 13.4349, 24.4057, 21.4153 ], 
          [ 4.44982, 7.18431, 5.71242, 11.9589, 10.1482, 18.7051, 8.95203, 21.8273, 4.16279, 29.9227, 2.14571, 24.2231, 1.0091, 6.69572, 13.6328, 24.5803, 26.4898, 14.376, 8.86315, 18.4229, 12.6502, 14.3325, 18.3125, 20.2903, 11.7493, 18.1082, 16.7589, 14.8755, 23.8677, 25.9142 ], 
          [ 28.073, 10.3172, 9.75532, 28.8412, 21.9863, 25.5724, 9.64991, 16.6829, 22.1192, 26.3197, 13.1123, 23.8039, 25.0182, 3.87927, 29.8261, 7.52851, 7.50548, 1.24121, 7.6757, 25.9351, 12.1783, 10.3093, 28.0185, 15.2151, 2.40958, 9.65868, 26.9577, 24.2074, 25.7607, 18.3844 ], 
          [ 28.5205, 11.4163, 22.3463, 24.1952, 19.8422, 24.8469, 25.4667, 21.7578, 6.45751, 10.099, 20.5109, 11.3426, 5.39242, 6.89855, 26.2501, 27.931, 21.8378, 2.27939, 14.6467, 12.6829, 25.6053, 15.3076, 16.5538, 18.6451, 5.39374, 6.8288, 27.8778, 28.7778, 26.5589, 14.0704 ], 
          [ 17.1654, 8.6569, 28.6851, 3.33125, 12.8667, 23.0559, 20.0567, 24.4663, 10.122, 4.87552, 16.7504, 29.8534, 21.5913, 4.84268, 7.31268, 7.82428, 7.88178, 26.5541, 11.084, 10.4856, 27.2985, 19.1135, 2.05271, 26.7393, 4.08513, 28.4873, 18.9494, 15.9675, 9.27854, 12.2737 ], 
          [ 3.85602, 23.1208, 16.8849, 26.8491, 8.73824, 20.3551, 26.4267, 1.2575, 4.84238, 2.60431, 19.356, 5.35298, 2.08319, 28.2712, 11.1779, 4.25076, 7.07322, 16.2114, 3.609, 7.16585, 18.5872, 5.33503, 8.22003, 16.4544, 2.30937, 13.7905, 2.63773, 12.2794, 18.8611, 21.4202 ], 
          [ 17.8405, 20.7529, 24.017, 17.06, 21.8001, 12.5423, 18.3814, 22.2243, 28.0855, 16.1018, 13.4578, 15.318, 29.1885, 27.0266, 7.32066, 22.3204, 6.40242, 28.0396, 1.24832, 12.3702, 5.43372, 1.93799, 22.0951, 24.1686, 28.9252, 14.6453, 3.89968, 27.6382, 17.4794, 20.2723 ], 
          [ 5.92346, 21.4682, 23.5958, 24.4612, 28.5706, 23.5578, 6.13029, 5.54576, 22.918, 26.4132, 17.5851, 23.8664, 20.189, 19.2232, 11.5183, 19.3942, 16.4658, 18.0681, 29.9247, 14.6306, 28.6149, 14.8158, 5.64271, 29.9581, 6.12339, 13.225, 18.8044, 5.66136, 10.8631, 22.1935 ], 
          [ 14.7204, 29.3946, 8.01294, 20.8602, 9.75944, 7.2994, 15.6538, 8.13559, 10.6231, 4.19111, 15.9931, 21.6118, 18.6372, 18.3754, 19.6888, 3.8235, 4.40759, 1.63839, 24.0282, 13.9588, 13.389, 21.4297, 28.2283, 27.2164, 18.815, 1.89292, 19.4273, 26.506, 21.7681, 24.9097 ], 
          [ 3.13873, 20.2782, 16.1843, 16.6795, 1.17395, 22.1461, 24.1967, 4.52231, 15.9375, 12.0351, 8.52995, 28.9112, 17.1565, 4.93439, 13.5885, 5.9698, 10.8744, 12.1127, 5.11839, 20.1779, 2.34254, 29.9015, 26.005, 14.6156, 13.3187, 28.8075, 29.6206, 16.0587, 15.7572, 7.84436 ], 
          [ 10.8272, 4.60995, 8.92943, 18.1887, 19.9981, 21.3472, 16.8331, 18.9481, 8.67395, 10.6557, 3.39227, 27.5249, 7.31176, 29.452, 18.8302, 25.5369, 10.7331, 17.1558, 23.8436, 2.93745, 21.8845, 15.1486, 15.577, 8.86258, 8.00833, 19.2275, 10.7214, 13.7668, 8.35919, 19.8644 ], 
          [ 27.1789, 16.7298, 26.8278, 3.13027, 7.19329, 3.77523, 26.9499, 13.8717, 19.8576, 7.78688, 7.17106, 9.39444, 17.8877, 18.414, 5.6328, 2.44189, 5.65284, 1.37676, 23.6725, 21.3465, 17.7425, 10.3628, 25.3025, 25.6258, 29.4358, 22.2269, 25.7696, 20.7008, 23.0229, 6.86144 ], 
          [ 15.7151, 8.11705, 2.0826, 21.1877, 3.86425, 27.7173, 18.6674, 25.8662, 1.35503, 8.31865, 21.2641, 27.7373, 14.5841, 15.1235, 12.2322, 9.65011, 14.7154, 26.4906, 20.802, 9.79485, 9.17067, 1.87068, 8.94169, 7.50808, 8.98307, 26.2607, 4.10174, 17.2503, 10.0235, 7.20062 ], 
          [ 23.3074, 2.94646, 1.51391, 6.20739, 6.41287, 11.8911, 22.6288, 21.0979, 10.8353, 27.3594, 8.57254, 16.7306, 1.59311, 22.6275, 29.7339, 25.6766, 12.5543, 18.6836, 1.35629, 14.6643, 4.59454, 3.73598, 1.03875, 12.3536, 28.3966, 17.0105, 27.8875, 28.093, 23.3266, 13.5957 ], 
          [ 21.8651, 10.8003, 7.0759, 10.3823, 29.2426, 1.01888, 24.5533, 5.97289, 5.26235, 25.4405, 25.7029, 14.5248, 28.4897, 5.53432, 29.6994, 25.5949, 7.53981, 23.7794, 20.256, 6.75648, 27.2003, 15.3473, 13.3737, 6.13694, 9.565, 9.42071, 20.4078, 22.2432, 15.0649, 22.8793 ], 
          [ 29.4616, 16.8209, 7.59296, 10.8286, 18.3417, 28.3863, 22.041, 9.24361, 4.38564, 2.90073, 7.72207, 21.2116, 2.00105, 22.8282, 13.7932, 19.3886, 13.584, 4.59834, 27.8167, 19.2812, 18.7517, 10.3429, 20.7125, 21.1268, 19.7919, 16.1533, 9.40311, 26.9441, 19.9769, 21.5624 ], 
          [ 19.2372, 14.8382, 14.8965, 11.2471, 14.4365, 26.3594, 17.6484, 12.9925, 16.1459, 14.6644, 28.1762, 24.9332, 27.6336, 11.3509, 6.83387, 3.62975, 18.2472, 6.263, 5.90195, 1.49612, 29.2891, 7.46527, 14.7009, 12.6862, 7.00566, 7.26339, 21.4385, 6.8878, 6.43774, 11.7558 ], 
          [ 16.737, 29.1075, 7.12347, 23.9425, 7.91522, 18.3989, 15.8096, 25.5894, 2.0273, 6.39146, 6.14331, 17.7243, 19.1683, 4.89131, 5.15448, 10.6232, 22.2708, 21.6375, 29.7712, 5.30494, 5.35857, 29.1325, 17.2764, 27.9144, 3.2184, 13.6342, 26.7514, 24.4328, 10.7197, 25.5921 ], 
          [ 15.6993, 10.3148, 15.5765, 22.2364, 7.94311, 15.2778, 13.5374, 4.22444, 26.5089, 13.5324, 1.70416, 6.10221, 21.3978, 15.208, 8.74065, 25.1159, 19.1505, 7.9176, 20.2677, 17.6349, 19.5437, 2.84187, 15.8171, 27.5337, 13.2377, 5.2675, 12.1718, 8.9744, 17.6678, 6.05307 ], 
          [ 29.1246, 4.68447, 15.6448, 20.6194, 6.02232, 7.11166, 24.6256, 21.672, 6.21965, 18.7559, 14.3839, 8.76212, 28.1622, 10.6793, 25.8969, 12.8376, 1.62476, 10.904, 10.4798, 1.51717, 28.1322, 1.56761, 12.505, 13.1694, 21.4517, 25.3577, 6.39442, 11.5432, 14.129, 9.81405 ], 
          [ 28.2256, 9.68447, 14.0232, 24.4029, 18.337, 25.6567, 17.7153, 24.6226, 26.9058, 24.3002, 9.01104, 27.6536, 12.735, 20.5015, 14.7762, 11.4356, 24.5745, 18.0325, 18.4419, 6.02334, 9.96273, 6.38681, 3.68954, 25.844, 14.9463, 18.721, 12.6935, 20.9243, 13.3082, 2.95635 ], 
          [ 2.16191, 2.35301, 16.489, 22.9038, 25.4598, 23.5668, 1.03805, 15.4855, 19.6215, 13.2809, 12.5206, 13.5895, 13.5834, 21.2288, 4.36283, 5.30634, 4.05333, 22.0113, 6.49401, 4.15779, 25.4874, 28.0629, 11.6613, 17.5421, 8.71486, 24.2181, 10.0233, 1.32667, 21.9615, 21.9276 ], 
          [ 22.3834, 20.4897, 26.6165, 27.2246, 20.5049, 16.3119, 26.0407, 5.13044, 25.4232, 4.75172, 21.7342, 14.7527, 24.0235, 22.7791, 5.15226, 13.7766, 8.84657, 16.0036, 22.7021, 29.1422, 15.1048, 11.7916, 24.1476, 8.47367, 25.8819, 5.71951, 22.6551, 27.029, 8.48365, 14.7424 ], 
          [ 13.5134, 13.6877, 7.06968, 13.7104, 19.7926, 3.67865, 11.8482, 27.8431, 14.654, 24.9987, 21.7344, 26.5767, 5.38528, 15.5329, 4.81382, 5.4455, 5.4477, 19.2309, 2.85805, 9.04933, 22.8368, 15.2558, 28.0787, 2.78678, 6.36508, 2.81297, 17.4778, 29.5876, 19.9968, 24.5303 ], 
          [ 3.7292, 12.5717, 26.3097, 7.1246, 10.2843, 4.67275, 15.8835, 11.9532, 7.70084, 15.8196, 17.252, 10.1708, 25.5225, 21.8856, 25.0483, 9.8142, 16.3166, 26.0951, 2.55662, 4.13926, 15.5308, 12.6265, 21.882, 4.47848, 16.7785, 6.21078, 18.1069, 27.456, 15.9343, 6.34487 ], 
          [ 3.21484, 20.1685, 3.1309, 6.56149, 22.9784, 13.3336, 26.9574, 28.8119, 8.10619, 4.48373, 22.103, 28.8347, 22.884, 26.8707, 13.8639, 23.6064, 28.5433, 3.3618, 22.3345, 2.29829, 28.9279, 20.7834, 27.9827, 9.74946, 12.2358, 25.5299, 15.7879, 20.9227, 17.664, 28.115 ], 
          [ 26.6591, 4.10373, 15.9083, 3.69607, 7.76298, 23.9298, 21.9465, 6.50535, 27.5112, 19.0808, 5.58924, 17.8984, 14.1149, 1.26514, 14.162, 24.5161, 15.5449, 28.7538, 18.7673, 10.8691, 27.0306, 3.9164, 3.79721, 11.9859, 14.7363, 27.9408, 24.105, 2.97818, 26.2827, 8.26604 ], 
          [ 26.0255, 16.2968, 22.3906, 17.5587, 8.55339, 11.4418, 6.8797, 5.57883, 2.01788, 25.5471, 10.9042, 1.60341, 14.1553, 5.45614, 2.42409, 12.9673, 16.1439, 11.5722, 2.30822, 8.6279, 15.1037, 4.81924, 25.5377, 28.6982, 17.7514, 19.0185, 22.8375, 23.5069, 21.1376, 29.3543 ], 
          [ 13.6474, 23.5338, 6.60451, 27.0644, 24.9937, 6.26816, 1.32564, 10.1006, 14.8605, 6.98862, 24.6678, 4.27044, 11.0661, 8.25217, 3.74785, 24.7291, 19.7063, 2.46427, 22.1738, 6.31324, 28.836, 1.59943, 12.4803, 8.99943, 19.4658, 8.34241, 15.4165, 11.2883, 9.87954, 12.6861 ], 
          [ 13.285, 26.2635, 24.4695, 28.948, 7.9715, 2.59202, 26.4188, 21.3886, 17.1523, 19.1346, 15.7759, 18.4534, 9.12823, 28.3354, 26.9398, 4.28623, 6.0362, 16.8923, 18.3982, 11.3123, 19.2125, 14.5981, 9.6504, 24.4277, 6.85491, 24.7962, 14.6665, 28.214, 3.72376, 23.067 ], 
          [ 2.92356, 2.34826, 26.3117, 15.7795, 20.324, 6.62508, 20.8887, 27.0399, 2.97825, 23.5558, 2.00027, 2.83654, 18.1226, 16.0977, 17.9668, 20.1, 5.88357, 14.8436, 24.4321, 12.2686, 1.57877, 22.1893, 9.59626, 18.9362, 21.7805, 26.2962, 21.9608, 2.79149, 10.6976, 17.0543 ], 
          [ 1.34754, 13.51, 26.6248, 28.5545, 4.83721, 20.6201, 25.6265, 6.93799, 1.82868, 18.2334, 22.3219, 8.86557, 4.06538, 9.30215, 27.5365, 16.4113, 1.822, 16.0185, 19.6826, 15.4158, 21.5051, 2.89546, 17.1724, 24.5992, 14.351, 11.6146, 2.76785, 7.94724, 12.3454, 12.1949 ], 
          [ 19.7328, 27.4613, 2.94151, 2.06169, 15.7569, 18.0415, 12.8607, 19.5587, 26.6236, 25.9981, 12.9176, 11.7325, 16.0588, 10.7362, 7.72459, 10.2441, 13.2084, 7.7081, 29.4315, 19.7489, 29.2806, 22.9775, 25.3963, 20.3642, 17.3929, 4.44626, 2.00264, 16.7841, 1.79627, 14.9991 ], 
          [ 15.3178, 16.4019, 4.90735, 1.98623, 4.40065, 17.4512, 23.9719, 20.4537, 16.5523, 4.80892, 27.9229, 9.67117, 2.34154, 5.52817, 11.0916, 9.67227, 12.1406, 12.7915, 3.39754, 5.43145, 2.58759, 27.2029, 28.7235, 10.1742, 25.7028, 1.67663, 24.1654, 7.18179, 27.7608, 24.1136 ], 
          [ 2.66186, 14.9993, 7.16258, 19.4946, 3.57911, 21.2638, 11.5997, 11.6784, 2.24321, 15.0817, 11.2224, 6.41649, 6.34385, 8.31046, 6.9819, 26.7618, 9.54888, 4.77919, 5.34468, 19.3419, 11.6651, 4.53997, 8.68007, 23.8468, 9.68464, 14.1322, 25.0431, 15.606, 21.7836, 13.6845 ], 
          [ 10.4201, 24.8037, 26.4362, 1.36004, 16.896, 20.4594, 15.3319, 11.5213, 15.9348, 4.73231, 14.1555, 7.11642, 13.6137, 21.2011, 16.24, 16.9841, 14.4087, 9.72544, 25.7305, 3.39049, 29.1165, 19.6083, 2.24342, 20.8441, 29.1694, 28.7465, 6.72822, 11.7716, 21.967, 10.2676 ], 
          [ 17.4781, 14.5825, 1.80253, 8.64203, 28.5803, 3.10885, 10.4554, 24.1766, 29.3976, 13.1252, 23.8084, 21.6588, 21.0325, 20.2407, 23.7141, 2.34966, 18.9494, 29.8697, 14.0816, 1.42747, 10.7081, 16.2504, 8.44028, 25.0871, 17.7207, 2.57907, 23.3754, 16.7219, 13.6316, 11.0175 ], 
          [ 20.7057, 7.19761, 21.0172, 24.0255, 27.1813, 20.2668, 20.8139, 25.5086, 12.4324, 14.0874, 17.8569, 26.1068, 5.97731, 24.3124, 6.41949, 17.7146, 21.9949, 15.6374, 8.5912, 3.3498, 3.58887, 16.3953, 24.7273, 23.6211, 1.54482, 18.7552, 29.3178, 13.8037, 23.1741, 25.6661 ], 
          [ 16.701, 7.71106, 15.2041, 28.9999, 7.95942, 11.638, 22.8294, 9.41075, 13.0586, 20.1107, 15.7036, 28.278, 3.10671, 27.8939, 26.7734, 6.04156, 23.1277, 24.4133, 11.3861, 5.41199, 20.2251, 26.3683, 22.9729, 24.4185, 15.9494, 19.2262, 13.7177, 23.1801, 9.38446, 21.2266 ], 
          [ 16.5869, 14.8068, 28.0082, 29.2855, 15.5879, 4.53105, 14.3657, 26.3253, 15.3291, 1.81163, 27.0262, 1.11719, 7.2953, 14.1566, 19.9091, 12.3356, 9.16747, 23.8106, 1.34741, 8.62853, 14.5527, 16.3187, 17.6012, 14.0206, 2.69723, 12.7439, 7.31823, 21.7724, 19.2487, 26.3579 ], 
          [ 18.9844, 11.2163, 8.93735, 15.9304, 12.1722, 10.9097, 27.7165, 26.8793, 16.6572, 29.8068, 14.7529, 5.22464, 28.5477, 18.189, 14.9046, 13.5974, 21.6912, 29.1092, 5.54811, 6.28348, 8.43494, 23.5128, 10.7387, 29.7832, 20.5389, 10.4685, 11.2342, 7.60756, 1.32184, 25.1737 ], 
          [ 12.9516, 9.3763, 2.74154, 21.8801, 9.52724, 24.0479, 2.46657, 14.3885, 13.6344, 24.5879, 24.0689, 4.67612, 28.3287, 24.489, 7.55667, 22.124, 27.2043, 1.63321, 21.1368, 21.3454, 26.4776, 14.0056, 3.03231, 21.3183, 16.0854, 28.2954, 10.9996, 18.855, 23.8649, 19.757 ], 
          [ 22.8986, 15.5442, 26.7811, 2.12221, 19.526, 8.93537, 18.3002, 12.5021, 23.1033, 14.3343, 7.02061, 12.3358, 24.2419, 27.9851, 15.499, 23.1933, 22.8159, 9.14464, 25.7426, 11.3256, 5.89019, 26.0439, 15.0735, 25.6635, 8.40948, 24.1029, 2.78343, 18.5257, 5.43685, 20.8156 ], 
          [ 24.5574, 27.2942, 27.964, 4.02736, 24.2195, 14.8105, 6.72277, 21.6119, 3.9576, 10.1252, 16.9395, 16.2407, 1.19835, 25.4224, 22.0152, 25.3586, 2.13148, 27.5832, 28.5348, 3.99394, 6.4182, 2.73739, 10.9503, 24.4218, 9.32245, 7.84402, 7.63106, 21.9223, 24.2354, 17.3781 ]
        ]
      ];
r = [
        [51117.4,79268.2,52284.5,61964.7,51469.4,79809.1,78983.6,81667,76258.4,79053.6,79708.3,74300.1,65392,76278.2,54187.9,58976.8,55568.6,69503,78058.3,62130.9,51073.8,77864.5,70494.6,76487.7,51057.4,81484.7,71274.4,70198.9,51966.8,65386.9 ], 
        [55482.5,59404.3,58650.6,77421.7,52845.3,69197.5,74808.1,65544.4,56438.6,74685.5,78753.1,50357.9,73702.6,53911.9,78234.7,55268.6,54365.2,59483.5,79449.7,64938.6,58849.1,54476.1,81170.8,53980.8,56298.3,61764.6,68893.3,63185.6,55081.8,67139.6 ]
     ];
d = [
        [54501.5,63910.9,82782,32778,48223.1,86814.9,75661.9,75967.4,52747.7,14920.9,86205.5,63938.2,80550.6,38455.5,63917.6,46397,48897.6,15910.9,8751.96,62897.4,17210.2,79433.4,9506.5,69342,61497.5,87491,53192.9,56458.8,84297.1,89706.8,4445.63,46347.8,77688.7,17111.7,42108,28742,58834.8,59119.1,9421.22,55735.4,15978.8,49951.8,49505.8,47319.6,72979.2,38565.5,82960.9,65220.4,25364,58678.9,30399.8,59646.2,89377.2,79844.6,37326.6,57212.3,38790.8,30737.3,62955,5586.23,75999.6,85490.3,48450.5,55584.6,36073.1,30678.8,11213.7,8452.32,75105,52412.6 ], 
        [21330.1,19207.5,38389.9,22090.3,73299.5,26178.8,11081.3,13855.3,59539.8,73666.4,69204.9,71916.5,35421.5,80825.9,3934.81,55106.3,51760.8,82242.9,41860.2,41899.5,65858.3,31627.7,64035.5,41183.4,63232.1,34359.1,6307.8,25908.7,23492.4,29841.8,20082.3,73415.3,9760.63,51058.3,46110.2,44619.6,7682.11,39850.4,21590.2,23267.4,5000.74,3315.47,48547.8,67143,80307,82048.6,89833.8,11240.9,10087.9,44116.9,56019.1,9775.35,54346.4,30776.6,13718.8,46353.4,41873.6,89090.8,24713.7,82428.8,58405.5,75353.8,30104.7,82584.1,27111.8,87970.1,32037.9,85510,23801.7,84135.4 ]
     ];
