/***************************************
* STOCHASTIC OPTIMITZATION
* OPL S2FVPP Data Generator
* by Jordi Mateo Fornes
* Model = S2FVPP; Stochastic (2S) MIP 0-1;
* Representation = Compact Representation;
****************************************/
I = 100;
P = 30;
C = 70;
G = 2;
p = [ 0.01, 0.01 ];
pc = 0.02;
ORCHARDS = { 1, 2, 3, 4, 5, 6, 7, 8, 9, 10, 11, 12, 13, 14, 15, 16, 17, 18, 19, 20, 21, 22, 23, 24, 25, 26, 27, 28, 29, 30 };
CUSTOMERS = { c1, c2, c3, c4, c5, c6, c7, c8, c9, c10, c11, c12, c13, c14, c15, c16, c17, c18, c19, c20, c21, c22, c23, c24, c25, c26, c27, c28, c29, c30, c31, c32, c33, c34, c35, c36, c37, c38, c39, c40, c41, c42, c43, c44, c45, c46, c47, c48, c49, c50, c51, c52, c53, c54, c55, c56, c57, c58, c59, c60, c61, c62, c63, c64, c65, c66, c67, c68, c69, c70 };
CGV = [ 12.3627, 25.4853, 10.2329, 20.683, 21.6957, 11.0756, 12.6637, 23.7192, 29.747, 24.3349, 1.6333, 4.32544, 17.4201, 25.5003, 10.542, 10.3069, 6.75382, 6.70016, 11.987, 21.4619, 7.0354, 11.8772, 18.5623, 13.2509, 13.4674, 27.7698, 8.32329, 29.4574, 27.4332, 21.3173 ]; 
s = [ 2.84972, 2.63639, 2.93451, 0.881518, 0.485698, 0.306994, 0.525129, 0.687612, 1.28742, 1.62071, 1.89602, 2.57658, 2.98629, 1.68668, 1.96442, 1.15665, 2.91276, 1.99352, 2.48752, 0.680003, 0.552075, 2.98777, 0.270194, 1.38969, 0.820449, 1.419, 0.795921, 2.74378, 2.73897, 28.9432 ]; 
CSV = [
        [
          [ 6.71588, 9.08425, 12.1509, 15.9499, 25.505, 22.8266, 20.3354, 26.0424, 5.94362, 5.79337, 29.2367, 16.8207, 21.876, 24.982, 16.0756, 10.241, 29.338, 11.8406, 27.0952, 7.42382, 15.6217, 5.87499, 15.4966, 16.7796, 18.9826, 8.56509, 9.14747, 27.5409, 7.38843, 18.8297 ], 
          [ 5.63799, 21.0653, 8.82279, 17.2255, 15.8467, 21.5418, 29.5249, 2.38826, 8.01678, 28.8507, 14.5312, 5.06816, 12.5576, 25.849, 9.5507, 3.6557, 10.1888, 20.3182, 9.94358, 3.29512, 15.8963, 7.19849, 1.09311, 9.96664, 13.5954, 20.3879, 6.05339, 13.2832, 12.5967, 12.5626 ], 
          [ 5.34017, 18.2371, 13.8002, 13.1799, 6.95065, 1.63514, 8.27116, 25.4053, 28.1173, 16.2031, 18.1517, 9.71894, 19.301, 26.0087, 8.07511, 25.1405, 20.1018, 20.7796, 23.7008, 4.09214, 4.89837, 4.27629, 23.1113, 21.6493, 1.40259, 23.421, 12.2336, 19.1545, 3.13721, 16.6666 ], 
          [ 6.50456, 29.2533, 13.3489, 2.25448, 1.03571, 29.1518, 10.0312, 21.9315, 27.637, 7.15693, 25.4621, 15.4087, 8.98, 22.8474, 13.4169, 15.784, 7.22437, 9.76532, 6.65073, 12.9344, 24.4138, 9.39438, 5.17472, 21.2061, 11.5946, 14.3034, 21.6477, 26.3037, 15.5094, 9.37799 ], 
          [ 13.8192, 17.3964, 4.68025, 12.0275, 17.729, 7.85424, 14.4988, 27.7305, 28.8685, 14.6492, 27.5813, 11.0252, 28.4423, 13.8713, 27.4257, 4.07467, 3.72841, 12.152, 18.3865, 20.3595, 3.90442, 19.3576, 7.90058, 28.4454, 20.162, 12.5441, 9.54882, 21.7566, 7.48891, 6.64248 ], 
          [ 6.4383, 21.0065, 24.4546, 18.8418, 6.75576, 23.827, 5.32058, 20.8847, 1.12748, 6.11477, 21.8301, 6.93902, 18.7942, 4.17037, 25.3301, 7.41571, 26.5241, 7.01248, 7.30488, 11.8751, 18.5598, 10.1892, 4.0069, 2.54274, 3.83203, 21.5784, 26.1674, 25.5429, 23.4216, 15.165 ], 
          [ 18.5169, 28.9038, 10.0568, 29.0741, 6.62168, 27.6127, 25.3559, 17.0558, 4.17811, 19.7026, 22.2982, 21.6856, 25.3203, 8.72722, 16.0359, 11.2639, 24.281, 28.2027, 23.8223, 28.2998, 19.8051, 8.36544, 25.6768, 26.4249, 18.7978, 11.6944, 11.1338, 25.03, 1.8816, 13.1964 ], 
          [ 25.0121, 11.5908, 8.79141, 5.45389, 8.10753, 16.4873, 7.36655, 4.85816, 2.4322, 16.3508, 15.6136, 27.8483, 28.1574, 10.2474, 15.4652, 12.7679, 2.33535, 16.5608, 22.3272, 29.9411, 18.3371, 26.6782, 28.9191, 10.8015, 17.5636, 18.8252, 9.27412, 29.9436, 24.6138, 25.2227 ], 
          [ 2.57114, 5.85035, 22.0138, 1.51293, 13.6961, 4.88168, 5.45102, 4.42501, 28.851, 14.009, 5.8026, 2.08615, 11.4638, 2.29086, 20.4022, 29.6513, 9.6313, 1.67792, 11.8054, 12.1747, 17.63, 6.09769, 18.867, 2.0714, 5.99603, 22.672, 11.0269, 17.2058, 5.32313, 6.35944 ], 
          [ 1.38805, 10.3822, 20.8731, 2.87127, 6.84414, 17.9598, 9.85191, 11.4658, 18.3644, 26.8434, 6.07953, 2.68304, 28.6963, 21.4004, 17.4924, 14.754, 7.74737, 13.911, 5.71698, 7.87287, 9.63431, 16.0015, 14.0072, 29.7475, 23.2159, 22.6046, 4.27974, 12.9955, 10.6054, 22.0359 ], 
          [ 17.513, 13.8444, 2.25614, 9.59419, 4.14882, 9.86839, 23.9744, 26.9872, 17.4507, 4.19829, 26.0635, 7.79945, 1.44561, 6.363, 17.3332, 22.6998, 15.4805, 26.7153, 27.0233, 28.6518, 21.2566, 28.6705, 26.8073, 20.2553, 21.4329, 16.3016, 16.8153, 21.3956, 7.83393, 24.0175 ], 
          [ 25.4997, 19.5141, 25.3213, 20.6835, 11.8643, 12.0364, 20.7213, 5.2437, 11.5848, 4.62931, 5.55869, 9.53918, 21.1714, 10.8297, 6.32181, 10.7883, 4.74718, 7.17539, 5.54777, 7.80905, 22.3992, 4.30806, 2.43693, 5.53565, 4.46419, 6.20104, 24.2046, 11.2785, 18.0438, 9.93867 ], 
          [ 13.447, 18.7561, 22.3588, 14.6805, 25.3999, 28.1812, 23.8657, 1.57728, 8.6706, 3.09834, 14.7274, 8.48177, 13.8256, 1.71563, 21.7041, 8.56555, 19.8051, 11.4389, 24.8455, 1.95857, 27.9729, 15.1731, 20.3438, 19.6116, 14.5978, 29.2448, 18.6113, 23.2688, 17.7436, 17.0276 ], 
          [ 6.7783, 17.1865, 6.87415, 21.0942, 23.1653, 24.5472, 14.4601, 18.5024, 14.3482, 28.2896, 19.9923, 26.832, 15.0572, 24.1987, 20.2476, 2.30317, 13.5055, 11.8347, 9.88555, 2.12415, 1.94863, 28.1821, 1.18475, 3.73637, 15.6933, 2.40889, 11.8381, 18.2639, 12.6313, 2.68109 ], 
          [ 29.5439, 4.11094, 7.1171, 25.1659, 22.8527, 26.6827, 8.76998, 16.8795, 10.0825, 2.38422, 19.1418, 4.69689, 28.868, 15.4008, 5.4433, 23.4513, 25.9021, 19.2607, 27.7087, 29.3826, 16.8259, 9.63428, 17.6697, 6.16794, 29.1715, 27.6405, 23.4911, 2.79639, 29.7172, 10.6259 ], 
          [ 2.28096, 12.9415, 15.12, 22.5811, 28.3305, 3.19396, 29.4364, 6.64965, 7.11597, 28.6703, 9.76165, 20.4122, 23.6064, 13.4564, 4.58984, 13.0289, 23.5689, 11.432, 27.1435, 21.9435, 13.4019, 10.5401, 7.9895, 1.57432, 13.5706, 26.5686, 9.7225, 2.38616, 8.45787, 5.62571 ], 
          [ 23.4063, 28.2065, 8.80531, 14.2013, 9.66513, 21.6013, 11.41, 21.3717, 18.6263, 3.91612, 29.0713, 29.9526, 5.25647, 13.8189, 26.465, 25.7374, 28.0722, 25.8554, 23.6402, 27.7417, 25.9388, 2.66955, 23.5624, 4.89099, 8.36285, 13.2132, 11.188, 17.1419, 14.1137, 23.9449 ], 
          [ 23.7216, 29.7561, 13.8905, 28.6016, 24.6056, 5.14013, 25.1612, 2.09244, 4.32024, 13.8537, 14.5861, 18.7963, 23.2259, 13.2186, 10.157, 13.0957, 14.1436, 17.8989, 28.8839, 19.1731, 24.6429, 14.6057, 5.4452, 25.5419, 6.24383, 29.8553, 12.6717, 29.2799, 12.4594, 29.5459 ], 
          [ 20.2544, 9.42956, 5.73317, 2.7226, 11.3182, 25.9663, 13.6426, 27.0934, 4.11767, 21.2086, 22.1195, 23.1467, 15.251, 20.8595, 24.8594, 10.56, 25.9891, 14.432, 25.1685, 29.2746, 15.1823, 20.4705, 7.27395, 25.9542, 7.677, 18.8158, 16.7437, 17.9129, 1.40405, 15.4382 ], 
          [ 22.843, 6.71237, 1.84609, 21.6313, 12.4688, 23.0026, 25.7275, 4.44054, 5.55706, 22.2808, 10.1151, 26.3472, 3.21343, 4.17968, 21.7213, 4.90105, 14.5973, 17.2481, 23.5366, 26.6839, 2.7193, 18.3888, 17.1853, 9.06487, 18.7166, 19.0057, 21.2884, 2.8108, 10.5273, 1.02367 ], 
          [ 29.2479, 23.1684, 4.98131, 23.6185, 3.64926, 28.3696, 13.7223, 25.0596, 27.9378, 6.76239, 16.4278, 2.81072, 6.06857, 18.5245, 29.0728, 1.33384, 15.801, 18.3156, 20.4777, 16.9253, 11.6088, 14.5819, 26.3651, 15.2978, 11.556, 11.6405, 21.4116, 28.1084, 2.83574, 6.80342 ], 
          [ 22.0826, 16.636, 25.3519, 19.8713, 23.9093, 15.735, 20.8905, 11.8327, 23.7491, 14.5504, 27.8624, 10.5884, 3.37083, 8.60517, 15.3114, 9.64412, 2.12768, 15.4553, 12.2767, 6.15615, 13.8805, 24.9517, 23.3351, 17.2826, 28.5378, 2.2581, 15.2518, 22.6899, 9.00308, 3.20512 ], 
          [ 29.8286, 11.5265, 22.2472, 3.00366, 12.7519, 9.58949, 5.9033, 9.9319, 20.7671, 27.1421, 25.1084, 3.79293, 17.3085, 12.2805, 1.01088, 20.8714, 16.6216, 8.69908, 4.57152, 5.76587, 11.537, 14.4128, 23.1254, 14.7476, 15.5676, 18.8214, 9.98063, 6.13105, 13.2372, 10.115 ], 
          [ 13.9925, 8.91974, 18.8335, 4.87529, 2.88525, 27.9516, 12.0236, 1.08243, 25.0645, 17.081, 8.08544, 11.2307, 6.92998, 11.4602, 5.89313, 16.5282, 9.13768, 23.0975, 8.03325, 15.0654, 21.156, 12.5896, 12.8865, 14.2026, 9.64073, 10.7966, 2.96368, 2.98395, 15.3857, 14.038 ], 
          [ 15.9468, 29.3028, 13.7968, 23.4717, 28.0523, 1.05934, 16.0342, 12.4809, 10.0259, 18.991, 18.4159, 22.3813, 27.1838, 15.9153, 3.08546, 19.0302, 21.5864, 19.2219, 12.2076, 7.66099, 25.0122, 5.56744, 7.55918, 2.35355, 14.266, 13.2025, 10.9421, 19.5015, 24.7683, 18.3011 ], 
          [ 6.19435, 18.5634, 4.7689, 12.1387, 10.6201, 1.75947, 18.157, 16.3879, 22.3141, 10.6839, 3.09449, 8.56119, 11.2509, 26.0701, 19.0006, 5.67317, 16.5645, 28.0369, 20.0426, 1.67228, 27.3924, 27.3659, 14.3824, 4.21794, 13.2413, 24.8749, 22.4501, 6.49956, 7.39786, 12.8714 ], 
          [ 9.86303, 7.30316, 9.39455, 1.61518, 12.0869, 8.36893, 18.962, 26.3614, 12.6478, 8.74443, 20.9477, 5.36387, 20.866, 23.2714, 9.90958, 11.4363, 24.5968, 18.2727, 3.38498, 2.802, 3.93645, 18.7461, 6.80617, 12.6194, 23.6527, 7.87643, 25.8416, 28.8857, 6.12229, 20.3925 ], 
          [ 17.2603, 28.1153, 24.4586, 29.8387, 1.27873, 3.34091, 5.67127, 20.3595, 1.05231, 17.8142, 14.1314, 27.0165, 19.3382, 4.9475, 15.1135, 22.0572, 27.9833, 28.9871, 24.4816, 11.9199, 9.25757, 22.9486, 12.5552, 22.3981, 6.07347, 16.7276, 27.8956, 24.1848, 19.8451, 19.5894 ], 
          [ 12.6686, 14.8772, 16.1337, 28.9065, 21.178, 7.7894, 12.9235, 6.80573, 25.5243, 21.8607, 4.3525, 24.4921, 21.5265, 6.03788, 11.0488, 24.7628, 11.4124, 3.72848, 16.7368, 9.74954, 16.9213, 3.86681, 27.4979, 14.2128, 18.6865, 13.4337, 22.3383, 25.9, 4.60483, 22.8731 ], 
          [ 24.218, 21.6893, 23.4407, 19.5821, 5.60804, 14.7857, 2.29688, 1.8582, 16.0116, 19.9287, 18.4358, 17.5795, 8.74522, 24.8645, 26.615, 21.0321, 8.10081, 11.5518, 10.2603, 14.7964, 18.2801, 8.26752, 6.06465, 3.03182, 20.1495, 13.0588, 19.524, 18.7792, 14.4379, 23.6127 ], 
          [ 14.2041, 14.321, 17.4201, 18.889, 24.104, 5.62908, 2.07437, 15.684, 18.7307, 11.5606, 24.229, 19.5341, 28.4545, 18.8082, 28.1146, 10.8861, 15.9109, 9.29699, 3.42034, 24.9409, 4.46529, 18.1872, 26.5494, 26.2535, 17.1203, 26.8156, 8.61014, 7.99076, 29.064, 3.4616 ], 
          [ 7.33276, 14.3475, 20.5619, 14.4803, 27.4733, 24.5038, 13.7793, 27.7538, 21.2871, 20.0993, 3.34661, 7.71038, 19.137, 18.3895, 5.45087, 12.0559, 24.6251, 20.3218, 23.9229, 18.1566, 27.5991, 6.47126, 26.4973, 12.5202, 3.23769, 19.6471, 27.3732, 15.1799, 8.94687, 26.3582 ], 
          [ 7.99079, 24.6443, 25.7313, 29.2877, 1.82168, 11.7337, 16.3736, 21.7543, 24.3086, 3.931, 28.4957, 13.6616, 2.06313, 11.332, 10.5978, 10.0311, 5.86293, 7.01632, 1.60905, 11.2567, 8.16898, 15.2778, 22.0584, 4.12598, 21.8436, 22.4735, 13.1524, 14.0889, 8.43724, 25.0195 ], 
          [ 9.60985, 7.88828, 7.09786, 19.5758, 22.8039, 18.9963, 4.94416, 4.53258, 6.41743, 28.0773, 21.0532, 20.9931, 27.5849, 28.8798, 25.2235, 28.1355, 26.5314, 15.6859, 29.1508, 29.6948, 4.59622, 8.32839, 18.9809, 28.2156, 18.8245, 2.21682, 29.1062, 26.1256, 25.4901, 4.73289 ], 
          [ 18.6037, 25.8857, 3.17874, 27.088, 23.6582, 27.8571, 7.69323, 10.7173, 14.5366, 22.9242, 24.1191, 3.83629, 2.53954, 16.7167, 1.11072, 3.20361, 20.0239, 2.35557, 9.24008, 16.0644, 5.50524, 25.4009, 20.3804, 23.6365, 15.8389, 7.34609, 22.7535, 23.734, 19.0892, 14.7543 ], 
          [ 16.4064, 7.38279, 15.7165, 11.7041, 3.45852, 24.1818, 10.7622, 16.9602, 12.8302, 29.6929, 12.6448, 18.8551, 8.47416, 3.89095, 3.53559, 20.0858, 10.7804, 27.4537, 23.9972, 9.64155, 10.4752, 25.7547, 16.9329, 11.2536, 4.72577, 18.0767, 6.38961, 27.6905, 13.5724, 27.4163 ], 
          [ 10.2352, 16.0373, 24.0169, 8.34304, 17.1633, 16.6818, 15.4943, 5.19898, 11.4881, 1.54737, 1.93209, 6.68438, 4.51989, 15.0266, 8.34097, 23.1925, 28.5186, 20.2551, 5.61275, 13.3687, 25.8838, 7.48266, 20.1852, 10.9407, 28.6636, 9.9153, 21.1246, 15.6536, 28.7778, 22.4867 ], 
          [ 13.8293, 17.2716, 11.005, 12.4719, 7.84722, 14.3637, 17.7049, 25.4319, 18.0255, 13.4935, 10.6245, 4.81627, 1.59921, 7.76113, 24.1062, 15.3963, 27.4529, 14.2293, 26.1758, 20.1091, 5.97579, 11.3634, 17.6223, 28.2282, 6.18935, 22.8658, 14.5867, 1.71224, 26.0041, 4.12369 ], 
          [ 23.9446, 6.74299, 10.3305, 9.85252, 2.48448, 5.0975, 4.98617, 23.243, 4.11745, 29.6413, 29.6446, 27.4872, 24.0291, 19.6583, 25.6536, 19.0592, 6.31846, 5.90163, 9.35549, 19.0735, 18.9262, 12.0227, 2.45704, 18.1659, 26.1267, 13.2579, 16.7621, 27.4729, 22.7437, 29.2021 ], 
          [ 1.17848, 2.73644, 17.2343, 5.24418, 2.26233, 25.6719, 3.12719, 8.41107, 5.60723, 9.55898, 20.7991, 10.9602, 27.0501, 28.3892, 9.52263, 13.5967, 27.2316, 13.0407, 6.25205, 1.98011, 23.0163, 25.1347, 11.4268, 27.2602, 17.2536, 1.8489, 14.309, 13.4132, 11.6826, 25.251 ], 
          [ 26.4492, 5.08838, 22.7023, 4.54848, 13.6514, 26.8761, 10.6357, 12.64, 1.17007, 12.4529, 7.12156, 18.1633, 23.1365, 26.8412, 18.2873, 17.546, 21.3401, 21.5467, 28.0247, 21.9201, 17.5416, 20.1683, 14.2643, 13.8761, 14.4626, 2.61267, 10.5421, 14.1906, 2.33979, 20.3824 ], 
          [ 14.6191, 10.756, 7.69524, 3.23754, 8.12426, 22.3467, 13.0638, 14.3951, 17.9067, 13.4046, 7.64375, 27.4629, 23.8763, 22.2023, 4.02176, 7.76751, 21.9756, 17.1077, 2.02966, 19.4472, 16.5171, 4.99075, 17.9523, 14.9572, 26.3177, 12.7315, 23.1504, 26.3973, 15.2688, 26.4549 ], 
          [ 25.6217, 14.031, 1.98483, 8.55799, 26.1159, 28.5235, 16.6393, 24.107, 26.9768, 8.44836, 16.2612, 12.8519, 13.5575, 27.7243, 27.747, 20.9526, 8.99354, 12.1578, 1.64845, 17.7557, 8.35989, 7.95944, 18.3247, 3.35123, 18.998, 26.2655, 6.93123, 23.9636, 12.986, 3.13503 ], 
          [ 28.3609, 16.6594, 28.4223, 7.31178, 25.4306, 4.36907, 17.1205, 11.6816, 24.0982, 14.3651, 7.69729, 10.1389, 20.0806, 15.2315, 23.5715, 9.84559, 6.86349, 5.9774, 26.1658, 6.8905, 16.1237, 5.94691, 3.72666, 29.9137, 22.8638, 10.6535, 17.3245, 18.5412, 20.6272, 25.3326 ], 
          [ 4.59181, 24.6275, 23.8733, 14.374, 20.2329, 3.21993, 24.4868, 24.6023, 1.6641, 5.98999, 19.8706, 15.1584, 29.8468, 12.7396, 22.8754, 27.9464, 6.78438, 13.3811, 29.931, 7.73923, 28.9056, 1.77314, 9.04324, 23.4726, 19.6826, 25.7157, 12.38, 17.5363, 5.41117, 23.7615 ], 
          [ 21.6611, 15.4489, 19.1083, 21.8329, 27.5182, 16.2785, 8.14876, 17.9222, 19.2368, 24.7795, 28.1622, 26.2651, 3.91192, 6.91986, 16.1561, 8.05265, 29.7544, 23.4733, 12.454, 25.9459, 2.78382, 25.3242, 2.05265, 9.02251, 14.9812, 3.98371, 21.4102, 24.7318, 2.6601, 13.0331 ], 
          [ 8.51229, 11.6735, 17.9978, 20.4683, 1.96633, 25.661, 6.11339, 8.07834, 21.8046, 5.47356, 22.8339, 25.401, 6.74774, 19.4801, 9.50719, 24.2213, 11.147, 11.7838, 20.9975, 20.3355, 9.64839, 4.37887, 16.1065, 27.4652, 3.32731, 17.5356, 14.2581, 14.4982, 7.01059, 17.3584 ], 
          [ 24.6268, 13.0876, 19.7446, 21.845, 6.74628, 13.7212, 23.1011, 4.06271, 4.18646, 28.2435, 17.2855, 1.59657, 29.715, 3.0858, 19.3388, 27.0019, 24.174, 16.2436, 27.5362, 11.8136, 12.1664, 4.37192, 28.0847, 19.4305, 23.0041, 8.92086, 11.6406, 13.5294, 28.1926, 29.556 ], 
          [ 7.3006, 21.5213, 20.4867, 8.12, 8.8078, 16.8902, 19.7465, 29.4384, 16.2271, 10.558, 24.2667, 19.8432, 28, 26.1495, 20.2197, 6.0647, 13.9359, 19.8676, 2.58834, 25.7284, 4.23439, 11.787, 2.07576, 27.6922, 17.6205, 20.5478, 21.6134, 22.7723, 15.6021, 5.32383 ], 
          [ 8.37749, 5.60065, 21.4323, 15.8594, 2.45586, 5.74241, 26.7439, 6.52435, 23.9025, 14.4734, 2.75613, 23.0361, 23.7746, 6.90987, 25.1692, 2.79616, 12.2642, 20.2611, 26.8983, 18.9496, 17.6078, 25.7906, 11.0392, 11.8612, 11.6421, 14.385, 9.67652, 5.3973, 27.1881, 19.7132 ], 
          [ 29.6598, 12.2195, 4.89055, 18.5617, 13.4192, 19.75, 13.5822, 12.7813, 2.8736, 16.2822, 4.35423, 17.101, 17.3818, 2.33043, 5.5587, 6.78777, 6.6018, 3.20862, 27.2205, 2.84669, 5.15712, 18.1782, 5.37304, 7.2058, 18.5696, 26.9582, 4.72571, 3.25733, 6.39671, 16.6631 ], 
          [ 23.3532, 21.9728, 18.8165, 2.13355, 24.6429, 25.918, 9.27136, 18.4342, 7.468, 25.0264, 20.4493, 12.8567, 21.3809, 14.4948, 27.4408, 15.7422, 27.3323, 6.61596, 24.9994, 24.2514, 10.0324, 1.21207, 17.321, 13.0511, 29.9785, 1.14871, 3.8776, 8.97741, 6.8967, 25.6908 ], 
          [ 5.46118, 12.7396, 29.1947, 7.30156, 28.7521, 19.6232, 7.24597, 27.7762, 17.1276, 21.9896, 2.54853, 10.2491, 10.5588, 8.99984, 4.77746, 5.53478, 24.6705, 15.504, 15.7666, 28.0494, 23.5601, 2.58322, 11.327, 4.88705, 8.84426, 20.7354, 10.8897, 9.32497, 4.55116, 4.00768 ], 
          [ 10.2088, 27.139, 27.9191, 3.70183, 23.4322, 15.1051, 26.1956, 23.6476, 21.7547, 20.6259, 1.40165, 10.2339, 21.2824, 10.7167, 25.0554, 5.86169, 16.0498, 24.1334, 27.2736, 27.8812, 20.2449, 1.75318, 24.4842, 25.609, 21.4047, 2.4995, 28.0682, 5.16369, 2.67172, 5.28213 ], 
          [ 1.18819, 14.7546, 28.3711, 23.0736, 13.555, 17.8751, 21.7908, 28.9902, 26.9678, 24.5762, 13.116, 2.83512, 3.73131, 17.3912, 14.7847, 25.4522, 28.6384, 9.33362, 17.4929, 28.3291, 4.43387, 25.3126, 17.2568, 3.8906, 4.54226, 2.12943, 26.3307, 20.259, 3.20635, 11.3318 ], 
          [ 1.02073, 7.78321, 6.18309, 15.9449, 29.0418, 10.2085, 23.6607, 20.9873, 12.0318, 5.7297, 12.627, 7.57556, 28.3026, 22.3499, 16.7729, 12.2028, 9.24031, 28.6042, 8.10918, 9.7321, 16.7538, 12.855, 25.2903, 15.3629, 23.2518, 17.0375, 3.11277, 20.7882, 25.8238, 5.618 ], 
          [ 19.2375, 15.3184, 16.7434, 3.2929, 2.49133, 21.163, 13.0622, 17.5625, 20.0563, 10.5929, 23.554, 13.1868, 10.1909, 15.5182, 24.057, 12.5865, 18.3779, 19.2235, 22.4398, 2.03122, 25.0438, 4.74425, 16.9832, 18.5664, 22.0852, 21.2128, 27.0468, 15.2837, 4.15103, 17.6045 ], 
          [ 11.6518, 13.4526, 2.34269, 16.1129, 6.46841, 26.6947, 20.4298, 16.4052, 9.26058, 26.9923, 18.5595, 5.79833, 15.5115, 21.9628, 20.5987, 20.5446, 22.0818, 25.8058, 14.274, 27.94, 1.76558, 12.2198, 14.7697, 10.7312, 29.5433, 19.8043, 22.7959, 8.84905, 3.69627, 9.14655 ], 
          [ 9.08776, 23.9747, 11.4187, 22.3545, 29.1645, 21.0039, 12.254, 17.7576, 28.4141, 25.9204, 16.4261, 7.39965, 9.86371, 23.1336, 27.8613, 17.2116, 6.01607, 26.5754, 16.2139, 23.6681, 13.4481, 11.5832, 25.6904, 20.4562, 19.0951, 11.3488, 29.9049, 15.2696, 13.6772, 24.5589 ], 
          [ 1.67905, 12.806, 8.91866, 11.589, 22.86, 20.8679, 13.4747, 28.512, 13.6459, 18.1332, 23.1126, 15.5978, 18.3256, 4.71718, 15.0411, 23.3002, 24.4415, 7.99939, 6.22833, 14.1261, 10.5566, 16.5321, 24.1423, 20.2027, 13.0723, 18.9591, 1.41416, 7.79953, 15.0049, 18.3031 ], 
          [ 3.29938, 3.51411, 29.7533, 1.04578, 29.3192, 23.4388, 5.086, 16.1926, 27.3676, 1.88756, 5.7895, 18.727, 20.5296, 28.7914, 13.1416, 11.45, 28.1415, 7.74516, 25.1572, 22.4088, 13.7426, 24.3956, 24.6806, 6.71135, 5.06209, 1.49743, 1.64542, 24.3647, 26.9322, 18.1218 ], 
          [ 4.70858, 28.0804, 14.6301, 24.3173, 13.2142, 25.8965, 12.1261, 19.3138, 3.35948, 4.1333, 10.1133, 9.30482, 2.21618, 17.5938, 13.829, 4.984, 26.1288, 20.9142, 25.7294, 5.06519, 10.272, 2.55424, 10.1818, 6.55131, 9.34782, 19.3335, 11.0209, 5.93345, 10.7469, 18.3365 ], 
          [ 23.5907, 14.1765, 3.44575, 14.4092, 24.4598, 23.4959, 24.7051, 27.7335, 13.9145, 6.2331, 13.1418, 17.5553, 9.95142, 4.2627, 22.5793, 4.72673, 16.9525, 3.84348, 17.8052, 14.9093, 10.9466, 5.70162, 16.7177, 17.9901, 27.6317, 16.5819, 6.95974, 17.52, 12.9662, 14.7442 ], 
          [ 8.97274, 12.9139, 3.51819, 1.90307, 11.7831, 20.4554, 3.58846, 4.65368, 4.83433, 1.16032, 10.8661, 22.9361, 12.132, 28.9197, 3.94747, 15.3455, 20.2322, 24.4823, 7.13607, 20.5094, 29.5653, 1.62531, 5.57666, 10.5072, 29.4568, 8.38245, 15.5541, 5.70547, 20.1679, 5.38017 ], 
          [ 22.7391, 15.5413, 6.07215, 24.734, 12.0037, 24.2524, 27.1902, 20.8443, 13.6979, 20.5841, 10.6854, 15.0764, 29.9748, 13.1929, 5.78124, 29.7318, 6.81339, 29.3611, 9.3109, 23.7676, 23.7813, 10.2179, 4.05606, 9.17711, 9.04667, 27.6681, 2.13599, 6.67216, 12.2169, 17.4218 ], 
          [ 12.5012, 5.65794, 1.24549, 2.89734, 24.2016, 14.5919, 26.2358, 7.99623, 8.0366, 12.9225, 14.163, 16.9167, 18.2635, 15.3116, 4.09798, 16.2885, 23.0502, 25.4001, 3.77515, 13.4813, 6.06665, 15.3054, 9.75476, 20.8351, 21.2703, 26.3949, 16.1677, 4.8366, 12.5995, 28.4455 ], 
          [ 28.0625, 8.96487, 27.6837, 5.60415, 5.08253, 2.383, 10.7651, 12.6652, 11.7894, 6.39296, 11.5792, 5.94496, 16.6077, 6.90504, 26.7286, 11.7107, 5.33768, 1.34307, 24.4079, 2.93817, 11.4255, 16.2436, 23.0513, 22.8382, 4.94607, 22.8641, 17.3975, 28.1202, 8.11355, 27.4876 ], 
          [ 18.5375, 19.6392, 2.88303, 15.746, 16.4221, 12.9012, 3.91939, 26.6118, 7.57287, 13.4413, 10.8314, 12.2242, 17.9771, 11.3411, 1.73542, 9.65128, 19.1169, 5.21496, 16.9777, 29.5153, 19.3747, 10.5062, 14.9851, 21.0748, 26.623, 8.29176, 16.5436, 26.839, 5.46746, 1.2625 ], 
          [ 24.536, 29.8905, 28.3171, 9.56831, 21.4884, 19.9382, 29.7453, 3.85912, 29.3807, 10.9007, 21.3142, 20.257, 9.42697, 14.2775, 2.34355, 13.3068, 28.8827, 5.49412, 21.8336, 15.7747, 21.0169, 6.12977, 12.5658, 23.3551, 11.3297, 22.6866, 12.4151, 25.5035, 29.4903, 22.2268 ], 
          [ 10.825, 25.4303, 12.4153, 13.3876, 15.7407, 8.69363, 11.1969, 27.6726, 4.96972, 23.3166, 28.2124, 3.72159, 23.7003, 13.3938, 4.59199, 29.4329, 28.2754, 24.8937, 24.0683, 18.586, 10.4078, 13.9021, 20.2664, 3.11582, 13.8009, 9.65979, 6.29533, 11.4703, 20.7092, 18.0835 ]
        ], 
        [
          [ 13.0325, 21.7264, 25.1881, 25.3017, 28.5571, 2.29916, 14.0077, 27.6206, 15.8622, 19.2712, 4.70587, 15.8499, 7.02971, 2.77318, 12.6712, 26.1661, 20.2405, 15.1449, 28.4268, 22.5572, 4.94755, 23.7651, 15.4489, 23.6685, 4.89215, 10.648, 6.31376, 14.6403, 24.2362, 8.93402 ], 
          [ 23.4346, 29.3892, 19.9334, 28.1596, 19.5611, 20.1682, 17.2433, 8.86971, 1.42509, 15.0424, 25.755, 15.801, 4.93227, 18.5953, 22.0166, 3.64958, 17.9956, 17.0449, 22.2467, 4.51553, 14.8373, 7.49346, 2.09293, 2.41014, 19.499, 18.0535, 9.13236, 14.9771, 25.8584, 8.76691 ], 
          [ 11.622, 17.1792, 10.4364, 10.063, 17.6885, 19.6844, 28.4222, 11.5762, 1.36697, 26.6315, 23.7553, 15.143, 6.7996, 1.19691, 21.7999, 15.9104, 7.39164, 28.8879, 18.3171, 19.569, 3.90081, 5.84184, 25.5534, 15.5464, 3.34552, 4.76944, 17.827, 22.7646, 6.91745, 12.3578 ], 
          [ 27.0862, 6.67493, 26.3062, 23.7057, 4.22472, 11.8622, 27.2523, 23.5079, 2.24583, 22.9242, 16.7812, 28.7312, 4.74347, 29.9068, 23.1706, 11.2922, 9.61036, 4.53673, 16.4202, 6.15413, 9.17081, 21.7031, 28.0832, 27.9284, 15.2752, 8.45085, 26.8614, 15.779, 12.0703, 1.80751 ], 
          [ 3.90139, 8.1383, 24.9701, 26.4153, 1.26062, 5.78095, 4.75118, 19.4069, 24.2335, 2.14552, 18.3546, 26.8757, 26.4472, 27.2115, 19.0498, 25.0958, 13.0708, 4.07426, 21.6771, 20.6111, 6.26451, 12.5925, 8.55705, 22.0193, 26.1746, 18.2585, 23.4595, 18.3191, 23.221, 6.63068 ], 
          [ 3.13541, 25.031, 18.8317, 18.0821, 22.5158, 6.88626, 28.1176, 2.96164, 9.87951, 7.63233, 20.1951, 1.12734, 20.3416, 22.991, 12.4252, 9.33924, 8.12445, 5.51912, 14.5011, 11.1067, 7.31523, 22.1176, 28.8721, 9.9937, 15.5628, 8.54419, 13.9358, 11.2968, 1.49298, 6.72301 ], 
          [ 29.566, 1.61226, 1.08807, 9.47746, 1.88982, 11.333, 13.1105, 12.5556, 17.6567, 18.4391, 3.70069, 12.7668, 27.4319, 3.49336, 14.1217, 13.1495, 21.3567, 21.6728, 8.70499, 26.5229, 2.39501, 29.1678, 5.7053, 12.8025, 6.51749, 1.16033, 8.71435, 3.58349, 4.43579, 20.9479 ], 
          [ 26.5407, 20.3966, 23.59, 11.8064, 8.11771, 21.2441, 25.7634, 17.5383, 8.78636, 29.4598, 12.7491, 19.7439, 11.8249, 5.55277, 1.58161, 18.0666, 18.5732, 8.53658, 8.60682, 12.7435, 2.71141, 4.86428, 28.6746, 28.0877, 24.4829, 12.9196, 21.4153, 20.101, 25.4445, 28.97 ], 
          [ 24.4722, 9.15587, 2.18324, 11.0798, 16.3871, 11.7959, 14.8335, 2.9847, 29.5978, 12.5378, 26.79, 13.5347, 29.8432, 15.2079, 10.8125, 7.75837, 17.9735, 18.5257, 17.112, 12.1822, 1.10551, 17.647, 18.8826, 14.6302, 22.0086, 22.8952, 10.8045, 19.5171, 16.682, 6.99623 ], 
          [ 15.4288, 6.97234, 23.7872, 1.27428, 12.6867, 15.849, 24.4592, 4.61651, 15.3734, 21.0355, 20.7374, 15.1966, 6.67814, 26.2107, 20.0513, 22.9427, 17.9202, 23.557, 12.5142, 17.7558, 5.19942, 4.69564, 10.5343, 25.3571, 5.91141, 23.2424, 11.7326, 11.6692, 10.5222, 14.882 ], 
          [ 29.3546, 15.2161, 17.002, 7.61778, 11.5052, 7.03966, 10.1578, 19.5325, 11.5003, 10.1874, 3.5229, 3.15673, 28.6433, 28.0211, 14.6266, 27.6158, 21.2461, 24.3253, 8.86328, 27.1644, 25.5907, 23.625, 2.1266, 9.96433, 28.3449, 4.20642, 22.901, 3.0763, 13.2192, 25.5147 ], 
          [ 29.7956, 23.0086, 22.6994, 1.94455, 5.79762, 8.75177, 26.4207, 5.59096, 11.9587, 18.1319, 19.1809, 23.1865, 18.5308, 22.0354, 27.0831, 25.9033, 22.4974, 7.1417, 14.8748, 27.7598, 12.3625, 9.8212, 22.6802, 11.3407, 17.5469, 24.2228, 7.99669, 17.8578, 22.927, 15.4262 ], 
          [ 17.9152, 4.27608, 2.96226, 16.1212, 13.84, 8.76435, 14.6935, 23.1773, 11.3853, 28.4133, 4.4927, 22.6451, 16.99, 2.98666, 29.778, 23.8298, 20.9213, 19.3629, 13.8792, 3.10637, 23.4984, 24.6518, 21.4978, 22.0581, 9.62134, 21.9026, 23.4012, 1.42874, 22.3143, 22.8309 ], 
          [ 11.6417, 24.0342, 15.8593, 8.7052, 18.2262, 15.5726, 25.9482, 14.6004, 26.909, 28.5328, 23.3657, 17.1961, 15.6636, 2.26836, 22.6784, 20.7738, 26.8179, 12.5508, 21.4586, 21.8413, 14.8843, 13.6027, 1.28516, 26.6371, 15.3847, 8.81921, 15.4203, 29.5949, 29.1638, 27.4069 ], 
          [ 5.55527, 12.7007, 23.9144, 11.331, 10.5126, 10.3045, 11.1644, 23.8749, 21.0637, 13.7076, 28.1436, 10.3231, 3.73078, 19.4328, 16.2158, 19.142, 9.13938, 16.7296, 13.2647, 20.1501, 14.0699, 8.99784, 23.3482, 18.148, 7.37566, 20.0373, 26.7239, 18.8464, 10.3027, 20.9548 ], 
          [ 22.4738, 21.2771, 23.5888, 18.6872, 26.7032, 3.75823, 4.63083, 20.6695, 29.5278, 23.0881, 16.1524, 28.4455, 21.5419, 26.662, 4.41982, 12.7069, 13.0032, 24.333, 11.6668, 22.3996, 2.47954, 13.9648, 11.4894, 28.9101, 27.3729, 23.2552, 27.1441, 18.8133, 20.3495, 7.88288 ], 
          [ 2.10256, 6.93603, 9.32302, 21.1107, 2.59721, 19.3025, 1.20998, 1.13304, 7.75734, 26.5109, 19.2608, 29.7028, 6.18255, 20.3197, 29.0957, 3.42235, 6.69773, 3.66374, 4.16502, 15.799, 20.0204, 14.3456, 29.0187, 29.1151, 20.3293, 24.199, 8.2062, 27.0512, 8.07514, 16.8609 ], 
          [ 12.5031, 16.6777, 14.5967, 12.1894, 13.1254, 6.65325, 11.2844, 20.0612, 15.8662, 27.7027, 6.55575, 12.5344, 11.6796, 5.93813, 28.8165, 23.7482, 7.09743, 17.5145, 3.8913, 1.78322, 10.2838, 18.4503, 6.30005, 7.40254, 16.7004, 2.23501, 2.43238, 26.6789, 14.8324, 5.07845 ], 
          [ 11.2863, 29.3874, 15.1667, 27.3321, 6.2548, 6.63139, 5.2088, 28.6499, 25.3229, 29.5049, 1.01408, 6.18789, 22.4383, 2.8883, 9.70198, 22.2273, 3.53821, 10.8003, 26.0274, 23.6489, 10.5687, 23.1627, 9.8819, 7.67679, 14.4795, 14.0685, 6.96744, 1.73413, 26.889, 26.1562 ], 
          [ 20.4243, 8.26652, 1.58071, 4.83867, 24.6808, 13.3555, 13.4702, 1.72831, 19.0513, 20.1166, 26.9777, 21.0267, 13.7428, 13.4374, 13.8374, 9.47811, 13.765, 11.17, 17.2724, 9.28832, 11.0937, 21.4207, 16.0265, 28.7458, 9.66868, 11.8875, 21.6754, 18.7909, 11.1557, 10.6265 ], 
          [ 22.1944, 28.0744, 3.15091, 28.5808, 23.1247, 10.7347, 20.9688, 7.47102, 20.6598, 25.3647, 20.8046, 25.751, 24.1093, 12.9638, 25.1357, 26.266, 15.7346, 22.8043, 6.22745, 27.4389, 9.17745, 25.4402, 19.3417, 14.9471, 3.04139, 8.89351, 20.1325, 27.9732, 3.76671, 16.0375 ], 
          [ 29.079, 15.0992, 24.4204, 23.6091, 24.5384, 7.53635, 26.2007, 22.4531, 2.24825, 24.7522, 15.6652, 6.94235, 17.5031, 10.1221, 22.3556, 27.1778, 9.08796, 8.12954, 19.2909, 12.1151, 28.9222, 14.8897, 26.5493, 25.1258, 20.7302, 24.7181, 2.91544, 11.3964, 13.392, 12.3722 ], 
          [ 27.5944, 22.6839, 8.18576, 1.29773, 12.2292, 27.859, 1.57044, 8.29164, 18.0113, 29.6382, 29.4018, 22.9049, 6.08742, 5.39873, 6.25022, 27.2258, 6.14008, 19.0798, 10.8754, 11.2345, 8.50133, 5.48924, 21.3527, 17.7354, 23.083, 15.9862, 14.9253, 6.20621, 9.66594, 23.6585 ], 
          [ 20.3914, 25.5518, 22.9213, 12.8528, 6.16577, 16.1893, 13.178, 18.5209, 4.79365, 24.5974, 18.4573, 1.8041, 24.9113, 7.0616, 18.1321, 27.9823, 20.1597, 27.2283, 11.1222, 9.42894, 28.3, 5.40594, 26.1869, 7.29032, 18.9879, 15.4862, 29.8883, 4.98973, 16.6634, 11.1704 ], 
          [ 27.8057, 11.4949, 25.7772, 5.16793, 10.2597, 7.85354, 16.2953, 7.81872, 24.1683, 10.35, 26.1028, 27.19, 20.6608, 3.56014, 15.2122, 9.90412, 18.732, 22.1781, 12.5759, 3.10959, 20.4701, 27.1576, 11.7668, 25.4505, 29.1106, 9.90629, 28.3078, 27.4476, 14.5591, 5.44499 ], 
          [ 8.19962, 14.6916, 16.3549, 22.5529, 18.5952, 16.4755, 12.3279, 6.4301, 24.4067, 21.4405, 20.1438, 2.47797, 12.5811, 28.8324, 21.8961, 1.92022, 1.00377, 6.94022, 15.9793, 3.02725, 16.1327, 29.6179, 5.98986, 10.3481, 27.7306, 28.8015, 5.23163, 4.79279, 5.29701, 6.72504 ], 
          [ 5.65856, 16.0789, 18.4641, 9.05116, 27.7904, 22.5659, 4.98325, 3.5972, 25.4605, 20.8478, 27.5474, 26.5417, 18.8443, 22.2583, 18.09, 22.344, 7.16792, 25.2011, 23.8348, 22.3584, 17.3609, 26.8168, 14.9258, 13.8049, 19.8602, 16.2798, 22.7269, 23.1114, 15.0172, 6.70085 ], 
          [ 12.4683, 11.5901, 15.8186, 2.27596, 16.4075, 22.0442, 24.9607, 3.58412, 27.2359, 28.7668, 26.507, 19.2978, 14.8019, 19.7421, 18.2643, 23.3651, 23.2491, 19.7171, 28.6404, 20.6855, 27.2821, 10.268, 4.97689, 6.8563, 4.72548, 16.1751, 2.89724, 28.2239, 13.6392, 2.45878 ], 
          [ 10.9209, 25.5234, 15.4056, 10.4907, 16.3485, 4.54273, 25.0219, 7.45718, 24.2525, 21.6358, 21.3388, 10.1719, 1.90813, 5.21736, 7.8862, 18.6299, 2.55177, 13.8068, 6.6126, 22.708, 28.0491, 18.9624, 12.9276, 28.6805, 13.2892, 12.8589, 22.2344, 16.9151, 3.79315, 22.4813 ], 
          [ 17.8493, 28.1502, 2.67172, 12.4931, 11.8431, 19.3573, 4.18009, 15.6246, 11.4525, 20.1315, 21.0961, 22.9182, 21.6398, 21.5669, 12.0931, 25.2069, 13.1638, 10.3819, 22.0105, 7.40507, 22.7449, 6.72915, 21.7792, 28.5631, 27.2533, 29.348, 19.8393, 25.6385, 1.38078, 5.07979 ], 
          [ 3.49126, 2.06576, 21.1295, 17.1877, 13.7096, 14.4153, 5.01321, 11.1313, 21.8267, 2.5059, 15.0781, 10.1383, 10.6193, 6.31368, 24.6135, 16.8857, 22.6985, 21.7634, 19.2563, 3.2258, 15.1358, 13.7112, 1.77979, 1.25584, 11.5323, 10.972, 11.1839, 13.5129, 1.21207, 27.4295 ], 
          [ 12.8171, 19.0573, 13.2777, 11.2208, 22.0747, 23.4899, 20.9658, 28.4113, 27.4069, 5.3185, 5.02419, 7.64534, 29.3301, 4.7252, 8.48851, 4.02165, 6.53914, 9.61159, 28.8622, 3.00733, 29.9707, 21.8386, 8.46322, 9.68932, 15.3912, 11.1157, 23.9421, 25.531, 16.8338, 5.23427 ], 
          [ 2.33006, 21.7684, 13.6285, 23.1102, 29.3258, 19.9403, 6.38584, 14.1764, 29.3977, 8.1305, 1.16485, 28.121, 18.3042, 11.5263, 20.9643, 4.81957, 25.8718, 27.0037, 3.94218, 7.85464, 10.7906, 3.31109, 29.368, 8.46978, 10.157, 2.74586, 22.0749, 8.58725, 16.9179, 21.2843 ], 
          [ 24.3318, 8.59607, 12.1856, 3.31069, 23.3405, 3.50241, 8.96867, 25.4704, 21.8486, 28.3947, 15.5395, 8.44025, 26.8914, 1.58407, 3.12399, 16.4733, 1.5137, 5.95776, 29.4438, 9.53731, 19.9925, 27.4653, 16.8305, 16.4832, 7.97659, 4.00291, 17.9405, 27.2809, 11.2985, 16.9341 ], 
          [ 24.9771, 10.5164, 10.8081, 21.8359, 7.64194, 21.8489, 23.7304, 20.1614, 22.936, 28.0362, 20.4938, 16.7852, 16.9874, 23.589, 2.98356, 24.4906, 24.4102, 14.771, 7.64784, 16.0349, 15.5222, 23.6147, 9.83318, 11.8062, 7.34918, 12.3544, 29.1646, 16.0091, 18.6105, 24.2198 ], 
          [ 25.6858, 17.206, 13.6763, 9.86955, 16.7861, 20.2675, 17.7219, 23.6388, 6.09864, 13.6361, 8.14156, 7.05076, 5.88446, 11.75, 24.3899, 12.3216, 22.3813, 21.6157, 4.53109, 16.6681, 4.8456, 3.84413, 26.8383, 25.0416, 26.0735, 11.5509, 3.27624, 6.17528, 11.1573, 10.8455 ], 
          [ 5.56005, 24.4049, 19.8171, 14.3564, 26.8444, 24.0375, 6.89371, 29.4877, 11.8451, 19.0694, 27.3314, 6.98815, 16.9884, 1.77981, 12.765, 4.67995, 1.19672, 10.2271, 9.69018, 10.6048, 10.6089, 11.1391, 2.9819, 13.725, 1.65427, 11.7965, 10.1966, 2.36424, 9.87626, 4.69973 ], 
          [ 12.2483, 26.5827, 10.9997, 8.17604, 21.812, 19.1492, 9.40342, 22.0729, 23.4386, 4.99157, 12.0174, 9.79643, 5.14228, 17.5237, 11.1275, 28.5404, 14.2881, 4.4907, 10.7444, 26.7639, 12.6003, 27.7059, 5.9068, 14.8169, 17.9864, 21.6308, 3.98378, 8.72098, 22.2415, 25.2474 ], 
          [ 1.94865, 1.7267, 14.5941, 9.29084, 15.43, 15.399, 17.0127, 13.0236, 16.4218, 8.43957, 5.96644, 16.0862, 4.64824, 1.36121, 6.13984, 19.9542, 1.25644, 3.82102, 26.5966, 19.1221, 21.6266, 16.7625, 9.26293, 27.3043, 11.623, 17.0175, 19.6477, 12.7584, 8.28363, 29.497 ], 
          [ 2.35516, 18.8239, 11.0021, 8.63786, 18.4569, 14.3806, 26.7214, 9.04808, 19.1265, 20.4698, 10.0484, 27.8511, 21.062, 7.02955, 15.6801, 12.7468, 7.18616, 25.1079, 6.25646, 5.72641, 21.2244, 1.04015, 21.2575, 8.0152, 10.455, 9.58742, 21.5874, 29.8591, 20.5369, 9.77399 ], 
          [ 10.6479, 23.195, 14.4369, 29.3524, 28.2158, 2.77714, 22.555, 20.764, 6.35491, 9.18252, 10.0106, 14.0081, 2.4663, 23.9607, 27.5609, 29.3732, 27.8334, 13.8728, 23.6042, 20.8879, 7.98079, 12.5488, 18.6431, 22.0049, 4.78461, 25.2555, 5.32219, 18.3577, 26.1361, 24.5946 ], 
          [ 23.1043, 22.9603, 1.32626, 11.8373, 8.41527, 7.86926, 6.63521, 8.52828, 22.5498, 20.0797, 3.50036, 25.4084, 26.9948, 3.13253, 20.9203, 3.40984, 11.8934, 7.34955, 8.93375, 27.2018, 24.255, 22.0323, 6.73864, 5.22806, 21.2441, 19.3335, 10.3705, 24.9364, 19.3447, 19.6066 ], 
          [ 27.9002, 23.5297, 7.82789, 4.3049, 23.3182, 12.8364, 10.8197, 18.021, 8.85632, 23.7028, 14.0824, 26.0747, 7.19924, 17.0488, 23.7111, 28.772, 17.5718, 18.7907, 18.5398, 15.8854, 7.50404, 24.6484, 19.4886, 21.0999, 25.5273, 21.5101, 25.5165, 11.0859, 3.23891, 28.5227 ], 
          [ 27.6479, 17.0351, 24.7566, 28.875, 22.1318, 20.8556, 26.0611, 23.9505, 21.232, 21.1631, 26.9136, 7.58552, 17.7327, 18.8445, 22.5279, 18.7367, 5.16605, 1.89518, 6.72425, 3.43995, 22.5048, 2.92448, 2.28274, 8.87062, 29.6592, 15.4105, 24.5618, 17.4304, 28.4519, 2.48923 ], 
          [ 25.6355, 16.1371, 10.5882, 23.7917, 22.8435, 14.185, 3.17648, 17.8659, 7.67655, 1.60219, 16.8141, 20.2191, 1.03223, 10.0009, 6.88224, 28.8267, 19.9078, 17.9227, 4.14391, 17.9039, 12.2105, 20.4241, 18.412, 4.24792, 2.50352, 10.9015, 2.58017, 27.3796, 16.7632, 7.98529 ], 
          [ 21.1367, 10.5682, 20.2095, 17.6695, 7.82874, 21.2522, 12.7501, 28.9895, 25.025, 14.4474, 6.97543, 16.3763, 28.9511, 4.49669, 9.8073, 17.0017, 24.3256, 13.0028, 11.5182, 10.2037, 25.4759, 18.6696, 5.03595, 15.0304, 8.38557, 14.9759, 17.4455, 27.4202, 11.7641, 8.95263 ], 
          [ 1.12007, 13.7492, 11.04, 1.35601, 11.5834, 5.34575, 13.888, 21.9375, 1.21699, 5.40021, 2.05665, 29.2461, 18.8091, 23.6756, 16.8684, 10.2591, 1.62181, 21.9264, 23.9836, 21.1476, 1.45962, 1.50861, 5.83686, 3.49117, 13.9086, 8.88748, 2.67238, 3.11815, 19.9332, 2.83524 ], 
          [ 25.7055, 15.0465, 9.16714, 29.1707, 23.2901, 5.24194, 18.0288, 7.06792, 2.19001, 29.0258, 15.9966, 8.37636, 7.27078, 17.9615, 23.8416, 21.5581, 6.69152, 21.5246, 14.8376, 18.5465, 20.8063, 8.1453, 6.0122, 4.25909, 21.4798, 27.8783, 11.4179, 16.8918, 24.5765, 10.6434 ], 
          [ 16.1647, 15.8599, 10.6896, 15.8825, 5.26297, 4.33501, 14.0201, 26.0135, 14.2257, 6.12403, 16.4078, 22.3084, 27.3949, 14.6358, 29.2538, 1.10276, 27.7098, 7.0828, 3.0305, 16.1679, 19.4537, 25.0584, 12.3701, 27.7533, 4.21489, 10.0848, 7.54409, 17.7211, 6.79223, 3.64061 ], 
          [ 12.6311, 16.2638, 3.50653, 15.7719, 24.5146, 9.04583, 12.8019, 22.5991, 26.2696, 15.292, 16.3559, 8.72494, 17.0937, 20.4796, 3.1987, 4.47143, 15.5956, 7.50519, 21.4461, 22.5013, 14.8146, 19.6738, 3.57976, 26.0287, 16.7556, 26.3857, 16.4946, 8.84982, 24.3129, 21.9241 ], 
          [ 22.5422, 4.52154, 23.5298, 12.9316, 27.5886, 14.125, 11.6916, 15.5032, 6.56832, 4.28436, 18.9164, 9.29744, 25.4564, 8.4964, 11.7966, 4.39539, 12.3435, 14.347, 22.4774, 7.04751, 24.7762, 26.877, 2.21532, 22.5163, 6.03851, 18.908, 8.3512, 7.92831, 23.1189, 26.3034 ], 
          [ 10.655, 17.3683, 5.43533, 22.7068, 15.0168, 26.1101, 27.3416, 29.019, 29.2386, 17.4345, 1.16594, 3.71476, 1.72379, 1.07067, 20.6676, 2.27171, 21.7248, 21.3759, 26.2605, 7.64132, 2.69201, 3.78084, 10.4512, 1.70309, 2.00195, 19.0088, 9.67004, 23.13, 27.1292, 12.5299 ], 
          [ 17.101, 17.5886, 3.49067, 7.62528, 15.1523, 1.55334, 26.624, 21.4581, 28.231, 29.0019, 16.5852, 28.7477, 7.38588, 15.6527, 12.7385, 29.9922, 11.6223, 8.76097, 28.3763, 14.4205, 8.29204, 28.589, 5.82606, 8.98574, 8.67021, 18.8599, 28.105, 2.69077, 2.7412, 8.93838 ], 
          [ 14.614, 4.93086, 7.65576, 20.0706, 23.1615, 24.9062, 13.1584, 28.9745, 13.3666, 18.0961, 20.439, 16.4358, 23.5753, 27.1643, 21.5003, 26.8788, 15.3777, 27.9676, 15.0992, 9.13117, 8.30312, 17.1301, 9.2786, 27.5113, 19.7957, 13.2451, 12.6692, 6.95372, 3.38557, 5.00775 ], 
          [ 28.218, 19.2011, 21.9391, 14.694, 24.3706, 22.7156, 21.6168, 6.64019, 28.7109, 17.2404, 9.08335, 3.97215, 1.52107, 22.4963, 13.9817, 1.51909, 23.5308, 3.17501, 12.742, 21.2163, 25.3413, 5.32869, 29.2367, 16.7645, 8.88344, 3.73431, 24.766, 6.89811, 6.93003, 25.2164 ], 
          [ 7.15474, 28.8269, 16.771, 9.37648, 12.9789, 16.9638, 5.34342, 24.3947, 22.6696, 27.8837, 17.3956, 6.96659, 2.10632, 18.878, 3.68458, 23.1568, 11.7344, 14.4564, 2.01469, 4.39244, 22.8117, 20.2015, 3.88995, 15.1365, 8.15081, 23.1707, 20.0836, 23.7448, 8.50003, 23.9616 ], 
          [ 23.5547, 18.7673, 9.97651, 11.1445, 24.4748, 1.35722, 1.3207, 14.8712, 12.8189, 28.3299, 11.3443, 9.02234, 13.0833, 29.5314, 29.1008, 9.76179, 25.0316, 6.112, 28.1844, 25.0248, 16.7632, 22.6794, 25.8519, 22.0155, 7.17395, 28.5821, 20.2428, 29.174, 17.983, 23.9451 ], 
          [ 7.40828, 20.4877, 29.8834, 28.0668, 16.1038, 23.2058, 1.60529, 15.072, 17.2539, 23.4077, 11.4714, 10.0492, 19.9259, 10.1413, 18.5176, 14.9739, 4.30018, 1.19264, 1.82104, 29.7303, 24.1589, 19.7591, 5.05192, 8.83946, 17.7744, 26.1, 9.20527, 8.77969, 28.807, 17.0842 ], 
          [ 9.79965, 18.6523, 26.9633, 3.32528, 25.1768, 5.26308, 26.4353, 20.5393, 16.7827, 25.072, 19.7357, 13.3254, 29.9139, 16.961, 20.0726, 9.84056, 10.1182, 27.1151, 22.5151, 13.9434, 2.45598, 25.4641, 18.0728, 7.06244, 26.3216, 9.83615, 24.7091, 21.4917, 19.3129, 26.7453 ], 
          [ 26.7913, 22.1273, 21.2876, 13.2806, 5.85726, 24.0901, 29.6908, 15.6051, 16.1495, 12.665, 12.9659, 15.6956, 20.61, 4.02307, 8.88703, 2.19851, 13.07, 25.4644, 11.3627, 6.51815, 20.0397, 18.046, 10.2815, 26.613, 11.9844, 4.0044, 11.7412, 13.49, 22.1264, 12.7768 ], 
          [ 2.41386, 1.20179, 3.62601, 21.3922, 10.6734, 13.1614, 29.0884, 22.6312, 29.3004, 17.4807, 22.9794, 15.0108, 11.1746, 21.2184, 12.2717, 23.6822, 10.1604, 20.6875, 22.9511, 26.1082, 13.8426, 13.5035, 14.5673, 26.7559, 26.9735, 6.69506, 4.07083, 28.6886, 12.3837, 28.0885 ], 
          [ 2.81602, 26.2024, 29.3026, 11.1432, 9.42224, 25.2287, 5.19565, 7.07496, 21.5088, 17.3683, 13.0645, 20.3085, 27.7165, 7.48428, 23.5538, 1.14512, 2.24379, 19.1571, 1.61244, 7.59161, 12.5566, 26.036, 22.2294, 11.199, 4.39384, 7.58338, 29.0134, 26.6789, 17.5638, 24.9705 ], 
          [ 9.43909, 16.3977, 6.21773, 12.3218, 5.9819, 21.8384, 14.0738, 22.1873, 11.165, 21.1013, 3.753, 26.1292, 14.8029, 6.81585, 1.90147, 14.7383, 23.2324, 26.9398, 19.4901, 15.4195, 14.6571, 26.5831, 20.2521, 14.0661, 5.15946, 26.5276, 29.1462, 5.48743, 28.0997, 23.6819 ], 
          [ 3.96526, 19.3288, 12.8262, 20.777, 28.0169, 17.0917, 25.404, 28.7767, 26.9536, 12.4956, 23.5819, 15.0996, 6.33102, 9.82107, 2.57569, 8.79392, 23.8847, 11.5841, 28.9959, 7.47919, 20.989, 6.75707, 16.2087, 1.64295, 14.7116, 25.7112, 26.6852, 16.6288, 17.0758, 5.70834 ], 
          [ 7.91164, 10.2998, 14.0927, 21.4823, 7.46739, 29.3213, 12.7931, 26.1974, 7.05434, 16.6089, 19.1725, 10.7312, 7.85502, 17.4331, 13.5467, 6.98563, 18.1295, 15.0506, 16.7822, 22.8046, 13.2491, 19.8524, 1.76207, 2.3563, 18.5444, 25.0158, 26.0674, 4.72352, 8.32031, 6.43605 ], 
          [ 1.68601, 20.5457, 8.24215, 14.2932, 19.9307, 29.5192, 15.0033, 24.5994, 4.0241, 29.6771, 13.2751, 27.1622, 25.247, 25.8728, 12.0917, 24.4457, 6.85505, 23.1117, 27.8682, 26.4789, 21.1714, 23.6188, 11.1997, 6.54255, 5.28615, 11.414, 17.6291, 20.8665, 10.2758, 7.5665 ], 
          [ 4.54629, 14.1641, 26.6949, 17.2631, 1.34266, 3.89317, 23.4158, 29.8566, 2.36829, 6.86397, 24.6471, 18.8834, 1.17136, 19.8463, 8.13204, 16.3863, 17.9222, 11.1032, 20.7222, 29.9154, 16.3798, 18.8598, 1.75659, 14.8727, 21.0207, 27.5851, 25.1026, 18.519, 21.3025, 8.40691 ], 
          [ 7.07364, 6.27477, 3.96961, 25.1116, 17.9479, 9.53263, 24.1101, 3.66792, 27.3497, 21.8105, 1.75057, 7.35957, 11.339, 21.4709, 21.5559, 12.5056, 18.5348, 6.41083, 7.79642, 24.6484, 2.27529, 24.8654, 18.7643, 19.6091, 27.6916, 15.5, 2.18886, 1.80207, 26.7122, 3.27705 ], 
          [ 12.4099, 20.98, 5.03113, 18.6708, 27.1951, 14.7999, 15.808, 20.2904, 19.0955, 6.87959, 25.6759, 4.48461, 4.8949, 24.6166, 1.94627, 10.7475, 16.0219, 25.1681, 21.4383, 12.7252, 14.7735, 19.0645, 27.178, 20.7606, 16.7374, 5.41924, 19.8487, 4.55332, 17.4788, 21.0756 ], 
          [ 12.1518, 22.1782, 23.529, 19.4354, 7.86375, 24.2162, 29.5194, 22.796, 8.66136, 12.6273, 19.7417, 17.9411, 21.4846, 9.59915, 16.2994, 1.06173, 26.6861, 14.7744, 25.8226, 24.5476, 13.1551, 17.5772, 18.5108, 11.4645, 22.4656, 22.5155, 18.3834, 7.55893, 3.90823, 21.1603 ]
        ]
      ];
r = [
        [65860.5,63187.3,53627.7,65243.1,67265.7,65951.4,65320.8,73996.6,71099.3,59403.6,50562,79817.3,55563.4,58215.8,53756.5,68998,55748.9,50803.8,63394.2,68424.3,65183,51167.8,77901.2,68559.6,80404.4,59183.7,70399.1,59625,74108.3,81263.6 ], 
        [61225.8,52719.3,74019.2,65014.4,68747.8,71144.6,54855.6,62145.1,50963.5,56487,64809.6,57865.8,56546.5,75354.4,73573.9,70978.9,65899.3,79066.8,75087.8,80402.5,70241.3,64304.4,80486.3,68921.8,72121.2,80855.2,77791,61343.4,51391.7,61146.2 ]
     ];
d = [
        [46756.3,14048.4,76934.2,71320.1,21931.5,60850.7,86799.7,44388.4,11673.4,78596.1,61185,16281.9,3745.46,60017.6,71700.9,36351,26934.8,48006.6,85202,43492.1,43303.6,61968.7,59292,74760.8,44538.3,50555.5,40105.4,84317,68766.6,87275.6,38624,23897.6,73192.2,60986.4,34145.8,86731.7,60765.1,45761.8,80927.5,42802.3,42276.1,80647.7,38075.9,85488.1,63212.6,40928.4,37388.2,29460.8,39842.2,40902.4,44384.1,20194.8,20164.6,11694.8,20462.3,24035.3,6227.1,81550.1,1090.99,64603.9,58875.4,66268.9,53283.5,44954.7,70060.8,37649.6,64204.6,20718.9,77759.8,40276.2 ], 
        [58483.5,11639.4,59496.7,56845.9,28978.6,39983.7,1624.62,76659.5,10802.8,44158.6,38553.2,43273.4,62530.3,85486.8,2171.62,67274.4,36143.9,29627.6,74906.4,39223.3,68701.9,38942.7,31863.8,62712.3,71068,74989.3,88594.7,39683.5,40917.6,27716.6,48447.3,55526.5,24118.6,37686.2,68645.2,59835.4,40299.9,56199.1,88753.8,62597.9,8632.22,25541.7,80184.8,57091.1,27478.7,20252.8,87376.4,81861.8,52204.3,6451.98,88932.4,39231.3,55609.1,2711.19,41577.5,60339.6,55367.7,81601.9,27203,83387.5,84644.5,46326.7,29514.4,37603,11745.7,13087.3,43438.2,20199.5,45862.1,87457.5 ]
     ];
