/***************************************
* STOCHASTIC OPTIMITZATION
* OPL S2FVPP Data Generator
* by Jordi Mateo Fornes
* Model = S2FVPP; Stochastic (2S) MIP 0-1;
* Representation = Compact Representation;
****************************************/
I = 100;
P = 30;
C = 70;
G = 2;
p = [ 0.01, 0.01 ];
pc = 0.02;
ORCHARDS = { 1, 2, 3, 4, 5, 6, 7, 8, 9, 10, 11, 12, 13, 14, 15, 16, 17, 18, 19, 20, 21, 22, 23, 24, 25, 26, 27, 28, 29, 30 };
CUSTOMERS = { c1, c2, c3, c4, c5, c6, c7, c8, c9, c10, c11, c12, c13, c14, c15, c16, c17, c18, c19, c20, c21, c22, c23, c24, c25, c26, c27, c28, c29, c30, c31, c32, c33, c34, c35, c36, c37, c38, c39, c40, c41, c42, c43, c44, c45, c46, c47, c48, c49, c50, c51, c52, c53, c54, c55, c56, c57, c58, c59, c60, c61, c62, c63, c64, c65, c66, c67, c68, c69, c70 };
CGV = [ 12.3627, 25.4853, 10.2329, 20.683, 21.6957, 11.0756, 12.6637, 23.7192, 29.747, 24.3349, 1.6333, 4.32544, 17.4201, 25.5003, 10.542, 10.3069, 6.75382, 6.70016, 11.987, 21.4619, 7.0354, 11.8772, 18.5623, 13.2509, 13.4674, 27.7698, 8.32329, 29.4574, 27.4332, 21.3173 ]; 
s = [ 2.84972, 2.63639, 2.93451, 0.881518, 0.485698, 0.306994, 0.525129, 0.687612, 1.28742, 1.62071, 1.89602, 2.57658, 2.98629, 1.68668, 1.96442, 1.15665, 2.91276, 1.99352, 2.48752, 0.680003, 0.552075, 2.98777, 0.270194, 1.38969, 0.820449, 1.419, 0.795921, 2.74378, 2.73897, 28.9432 ]; 
CSV = [
        [
          [ 22.4563, 19.2562, 3.10598, 18.0706, 14.9014, 20.2343, 15.9122, 10.93, 17.3514, 14.3779, 5.08355, 26.4588, 20.3831, 5.12807, 21.8209, 28.5206, 28.1806, 11.5315, 11.8522, 9.66855, 12.7455, 17.4189, 9.06625, 22.1231, 25.6977, 29.2612, 19.0175, 26.3257, 15.7784, 12.556 ], 
          [ 8.06294, 11.6626, 24.8339, 9.16524, 10.4863, 7.6083, 26.2774, 23.3852, 27.7713, 1.21229, 18.6892, 17.1578, 26.5022, 2.80739, 24.5884, 18.8586, 15.3149, 15.7275, 5.19461, 12.987, 16.5381, 18.7248, 6.09139, 21.541, 11.5844, 10.0964, 26.2739, 18.8777, 14.5575, 28.0774 ], 
          [ 28.3241, 15.6806, 2.59245, 9.96152, 10.4463, 11.8342, 25.598, 27.8942, 27.2935, 26.2435, 5.11012, 25.6499, 10.9709, 1.02658, 3.33535, 29.2141, 2.37783, 11.3807, 16.2185, 14.0131, 16.9638, 25.6556, 12.688, 15.205, 23.76, 15.777, 4.76522, 28.3695, 11.6176, 20.447 ], 
          [ 4.56179, 12.4279, 14.8477, 1.47424, 2.50313, 6.49152, 3.99351, 5.13788, 16.312, 14.49, 24.4553, 22.6487, 13.7805, 29.9174, 19.15, 2.12861, 21.1493, 26.3288, 3.01529, 28.2614, 23.4497, 6.47324, 22.1018, 1.70166, 8.73468, 3.18534, 1.78512, 25.5617, 24.9391, 11.2776 ], 
          [ 6.37878, 7.60686, 27.5781, 16.8802, 5.5899, 7.13272, 11.6621, 17.3313, 1.31856, 29.0493, 9.76422, 7.8419, 24.8981, 28.0876, 13.7856, 14.3617, 4.95238, 22.2611, 5.94077, 26.0362, 11.2467, 21.0521, 22.7285, 6.35919, 8.03732, 13.3077, 1.9436, 14.5156, 4.17081, 5.03279 ], 
          [ 19.2826, 4.61745, 8.98868, 24.2393, 12.6494, 4.0411, 18.2999, 2.71539, 4.24138, 2.23726, 26.4946, 21.9172, 29.3896, 11.1407, 19.5478, 12.9154, 3.35145, 16.597, 4.63892, 16.8121, 11.8263, 20.5591, 5.5563, 26.6781, 16.6052, 19.4491, 18.9606, 19.0341, 7.46866, 7.50334 ], 
          [ 28.0171, 18.39, 4.63933, 21.1613, 12.7941, 17.5893, 25.8617, 3.07245, 5.4809, 9.47074, 24.8004, 11.3604, 13.9061, 5.03553, 20.4721, 7.21079, 14.0757, 26.0315, 18.5901, 11.7635, 12.2135, 16.6626, 16.757, 12.891, 28.7124, 2.23804, 29.1468, 12.4894, 29.5308, 26.729 ], 
          [ 16.2613, 9.25327, 28.6695, 2.36858, 23.0969, 16.3142, 17.1415, 27.9402, 1.96901, 17.0351, 29.6099, 3.60335, 13.7783, 13.2014, 12.683, 25.4884, 4.6962, 28.0945, 18.1897, 13.9499, 5.61512, 14.3557, 8.24803, 23.5361, 3.9783, 28.0755, 6.99358, 15.0294, 6.11873, 18.3805 ], 
          [ 29.8483, 4.67069, 13.976, 9.05413, 11.5473, 4.16704, 6.08676, 1.9592, 29.3922, 8.75496, 28.2755, 18.3415, 8.07668, 16.5064, 7.12802, 20.1286, 19.8067, 17.9372, 27.2113, 1.32013, 8.69933, 2.48253, 14.8997, 13.5963, 21.8038, 3.29032, 4.98858, 24.8342, 24.3249, 20.5834 ], 
          [ 2.40345, 1.91504, 21.3982, 28.4011, 7.79542, 11.1999, 24.3438, 15.7264, 19.7546, 1.36808, 6.42267, 2.69363, 4.16127, 7.40952, 9.39318, 21.1416, 14.7676, 29.202, 10.7689, 13.168, 8.8747, 22.3534, 8.49138, 20.5386, 15.621, 18.4304, 5.34779, 21.5604, 25.5422, 10.1204 ], 
          [ 29.0563, 2.97044, 2.45661, 1.70795, 7.79423, 26.0782, 26.284, 24.3664, 19.834, 5.6461, 9.51789, 24.9008, 5.78538, 14.7306, 6.46127, 15.6564, 24.2723, 20.2457, 10.3056, 22.8784, 13.8143, 4.79679, 6.43763, 19.2099, 17.8672, 18.5562, 19.5156, 26.8973, 8.03571, 12.2469 ], 
          [ 17.4719, 1.22084, 12.6649, 2.74758, 1.70322, 8.45557, 20.8941, 10.1455, 10.2991, 26.4912, 11.3671, 4.85236, 22.2437, 18.1233, 15.6918, 19.4215, 21.212, 15.5516, 11.2109, 11.7627, 21.0013, 7.95303, 28.5081, 13.4007, 7.98824, 29.6961, 25.6505, 21.8391, 15.1248, 1.01622 ], 
          [ 5.67063, 8.99323, 21.2972, 3.16315, 5.74607, 7.17752, 5.7916, 3.1736, 23.0925, 29.3722, 26.4737, 29.6285, 24.1465, 28.96, 28.5613, 19.7135, 21.101, 24.8305, 4.16329, 2.65575, 24.6604, 17.9465, 27.0134, 21.6246, 3.72327, 26.2217, 4.27975, 18.4375, 13.1258, 12.0665 ], 
          [ 24.5698, 12.6267, 22.6305, 18.6907, 3.90902, 15.649, 20.3922, 18.0955, 13.7275, 23.9151, 9.62516, 5.5595, 25.4187, 27.2457, 24.2903, 20.1052, 3.29216, 1.99546, 5.56977, 24.581, 27.7821, 14.5077, 23.6016, 6.15189, 20.7399, 7.58023, 27.672, 18.6365, 14.9205, 3.77951 ], 
          [ 8.84812, 23.2883, 26.7675, 21.0269, 12.2344, 7.69682, 3.15983, 28.7808, 3.00328, 13.4565, 1.7115, 5.00924, 22.7544, 21.3298, 4.81277, 28.3395, 16.2476, 11.8518, 8.49435, 11.5065, 7.87705, 24.1366, 8.51875, 18.0431, 11.347, 13.1048, 20.1614, 15.1308, 20.3768, 16.7367 ], 
          [ 4.55594, 3.08875, 28.4526, 20.7336, 6.02146, 7.93742, 8.29017, 22.2702, 9.86299, 16.9081, 16.2911, 1.95348, 28.5777, 22.3014, 21.0267, 15.764, 10.2998, 21.1831, 21.4859, 16.4537, 19.7118, 24.5713, 1.48805, 14.6024, 2.42189, 13.46, 21.2852, 8.7312, 27.92, 23.4604 ], 
          [ 11.4662, 9.28415, 24.775, 20.6874, 5.26505, 28.1068, 29.3481, 22.4738, 29.5967, 20.5426, 12.7257, 19.9891, 29.4421, 25.6045, 25.8327, 11.29, 8.15271, 22.2732, 7.17922, 10.4493, 3.36088, 10.1298, 17.7821, 13.5391, 24.0507, 2.35075, 12.3616, 2.95329, 11.0842, 24.8706 ], 
          [ 16.7072, 19.7329, 8.57885, 29.96, 28.0681, 5.5582, 23.9009, 25.7536, 29.6994, 12.1962, 24.6061, 23.3662, 9.04208, 7.03768, 17.6775, 15.2999, 2.01432, 5.4245, 26.7453, 16.9904, 10.4955, 20.4235, 2.84378, 15.3477, 13.4148, 12.7733, 16.239, 24.9464, 28.2306, 6.82346 ], 
          [ 29.5284, 22.7185, 6.92213, 12.3369, 1.42858, 9.48151, 28.5579, 18.7937, 25.3503, 17.5105, 4.02983, 16.4425, 6.79798, 13.5956, 17.8807, 28.2404, 7.24552, 14.4225, 18.0664, 21.3525, 27.7549, 16.8863, 17.2642, 23.0183, 5.47086, 22.5661, 2.62381, 27.4981, 18.8912, 29.6384 ], 
          [ 1.76002, 15.1729, 26.8769, 25.512, 4.01568, 15.3068, 19.9233, 2.13275, 14.7398, 6.33584, 14.5909, 13.8551, 13.4223, 1.59019, 14.3348, 28.8445, 25.5185, 28.7362, 13.1194, 26.1544, 9.469, 21.5741, 24.6573, 10.0238, 10.0493, 28.5059, 9.48922, 16.4505, 25.3147, 12.9911 ], 
          [ 1.97594, 13.5832, 6.75859, 9.03157, 24.0434, 7.45429, 29.041, 3.70714, 28.6451, 25.3301, 14.2838, 15.3162, 8.42766, 15.0761, 25.5693, 28.2325, 16.5033, 18.1168, 27.0762, 18.0775, 3.6651, 26.9874, 23.8582, 4.92982, 10.0254, 14.2044, 20.41, 4.59252, 13.0954, 14.3983 ], 
          [ 18.3854, 12.0772, 16.0479, 19.8502, 24.638, 22.8471, 10.2552, 24.2388, 11.6965, 29.4273, 19.5226, 25.5319, 22.2919, 25.1961, 8.72677, 29.0215, 1.76818, 26.4369, 28.0899, 21.4547, 21.6215, 26.6294, 1.42488, 25.138, 27.2284, 18.7951, 25.4257, 9.09346, 13.925, 16.5092 ], 
          [ 1.01046, 9.71941, 9.10675, 10.429, 3.47689, 17.5363, 6.19223, 27.2487, 13.4139, 10.1428, 18.5168, 27.8868, 12.4793, 17.8589, 4.80005, 17.8458, 10.4907, 26.0396, 1.94816, 2.81038, 17.894, 23.3637, 24.509, 10.2708, 19.7158, 9.551, 20.0446, 17.2361, 29.1655, 17.4766 ], 
          [ 15.2137, 4.20919, 11.3968, 18.5531, 7.92975, 27.3863, 15.1926, 19.2537, 25.6324, 1.20472, 14.9169, 27.3665, 10.4557, 26.6271, 13.3269, 21.0394, 25.2707, 24.9955, 9.98252, 28.8468, 26.2188, 2.2301, 18.2331, 4.21933, 22.0899, 5.08713, 20.4534, 29.763, 21.9785, 19.0005 ], 
          [ 2.26764, 20.9579, 21.8565, 28.2483, 8.71118, 15.7624, 3.56474, 11.1408, 5.85529, 24.7264, 26.6149, 28.1995, 29.3607, 19.0607, 16.9243, 13.2373, 23.5836, 21.7975, 13.472, 16.8656, 20.2112, 20.0094, 19.4445, 14.2698, 1.87863, 14.9069, 23.2884, 10.3997, 25.9384, 29.5928 ], 
          [ 23.5986, 11.1734, 10.4477, 23.9984, 10.868, 18.4707, 5.44206, 1.27759, 29.6676, 3.14028, 23.0127, 20.0292, 1.16855, 18.8137, 5.50513, 18.6951, 29.7672, 1.38753, 14.4141, 28.0641, 21.8976, 21.8435, 21.7794, 13.7603, 25.593, 11.5624, 6.21881, 26.3691, 23.5441, 5.09565 ], 
          [ 9.34001, 17.5341, 15.0707, 25.1751, 1.59322, 1.89542, 27.3214, 2.43112, 3.36674, 25.7827, 14.3199, 15.477, 5.06513, 27.0326, 20.6995, 19.6817, 11.4146, 7.91756, 18.8924, 17.1433, 28.6365, 29.7278, 24.0608, 24.2409, 19.2829, 13.5232, 21.9757, 26.242, 9.02697, 26.5981 ], 
          [ 21.0963, 1.24812, 15.7737, 28.1728, 23.5744, 7.67244, 18.659, 5.17123, 1.43557, 18.5512, 11.8055, 21.6981, 18.644, 3.9496, 1.24804, 15.5832, 21.65, 23.819, 6.43573, 22.2692, 3.96299, 15.282, 14.172, 12.0812, 1.5573, 8.75243, 23.0575, 4.90205, 29.1896, 15.2072 ], 
          [ 8.08417, 9.51616, 16.1164, 19.5369, 29.1651, 7.83597, 28.8932, 26.9673, 1.08948, 5.98508, 28.6872, 6.88161, 15.0365, 8.39475, 22.3336, 10.4403, 23.8476, 16.0961, 18.5988, 7.0929, 5.4449, 8.68941, 24.6822, 22.2041, 22.6824, 28.7317, 13.3147, 5.69729, 4.10676, 13.4314 ], 
          [ 27.3975, 25.8993, 11.4706, 6.10243, 21.1584, 24.7728, 2.05182, 2.49579, 27.0757, 27.0879, 9.8621, 8.24045, 5.45797, 18.9022, 23.4763, 17.7777, 14.6805, 20.7135, 7.25804, 15.3492, 4.41419, 12.2191, 24.7751, 17.9606, 27.9993, 4.91787, 2.17387, 16.1809, 1.0048, 3.08922 ], 
          [ 7.16741, 27.953, 19.2955, 6.85527, 1.86443, 22.5751, 16.1456, 27.0541, 23.5036, 5.32142, 12.3544, 25.7774, 16.9076, 28.2851, 16.7703, 29.7571, 5.16713, 5.97005, 16.2232, 27.7393, 23.3152, 3.8333, 15.9006, 27.0558, 21.0356, 29.7764, 4.43255, 28.4512, 1.1715, 3.61378 ], 
          [ 20.16, 9.05903, 18.6241, 7.593, 3.19398, 22.5275, 14.9163, 18.9576, 3.8442, 24.8571, 17.5342, 8.66442, 12.7249, 5.36876, 26.8343, 11.3986, 17.5811, 14.5278, 5.98807, 5.39912, 5.04671, 26.8607, 22.2574, 28.4554, 1.66002, 7.9291, 18.3533, 5.06033, 4.12684, 19.7832 ], 
          [ 14.6462, 26.7317, 14.8409, 16.1922, 28.0268, 6.44201, 14.1885, 25.6585, 7.12383, 27.859, 25.4713, 27.6342, 2.16817, 19.6192, 9.47636, 19.7554, 21.9331, 19.834, 27.8641, 11.2347, 29.9358, 20.9601, 15.2151, 26.5971, 8.87162, 22.0544, 19.9165, 10.3492, 10.0518, 24.6841 ], 
          [ 20.1065, 5.75786, 18.78, 4.04339, 22.3666, 25.0471, 22.4055, 20.7878, 22.7246, 9.86415, 13.5344, 22.8723, 8.57446, 9.70527, 29.4426, 12.9265, 23.4625, 26.3488, 9.95761, 12.4745, 16.2794, 3.30074, 6.21031, 13.4156, 18.2115, 12.5232, 21.8748, 14.3928, 7.07253, 18.2547 ], 
          [ 3.21255, 23.4688, 6.83435, 3.58929, 19.001, 10.4506, 16.3178, 8.8982, 27.4587, 4.67311, 12.2969, 11.7714, 29.6233, 27.9318, 5.02963, 17.503, 14.9508, 17.7801, 5.39219, 20.5066, 22.1027, 20.8306, 24.0355, 12.2371, 26.5986, 10.2308, 25.4076, 13.4984, 25.8748, 1.65458 ], 
          [ 15.8898, 22.3966, 28.4637, 1.96297, 11.8452, 6.71217, 21.2791, 2.2222, 17.5231, 13.4766, 18.1056, 25.1925, 15.6838, 5.97405, 24.9576, 4.097, 4.25074, 21.3392, 22.1412, 2.22515, 7.01962, 2.89338, 21.7202, 21.758, 12.2861, 23.8773, 10.8228, 13.582, 6.14172, 8.0918 ], 
          [ 20.0151, 4.78458, 6.10718, 2.73408, 10.6992, 6.17323, 9.25977, 19.7852, 14.1406, 23.2978, 2.59717, 27.945, 25.3492, 17.8907, 5.99002, 14.161, 13.859, 12.5381, 17.1725, 12.0406, 5.35092, 5.55241, 16.6474, 4.87971, 1.67303, 21.8312, 6.17063, 7.40355, 12.5573, 15.3402 ], 
          [ 15.648, 2.40426, 7.36858, 27.7337, 1.83404, 26.2123, 14.5815, 13.2727, 3.21688, 11.6201, 28.7748, 6.48493, 7.628, 24.5407, 19.4491, 1.13313, 2.11761, 21.0828, 6.09116, 20.9539, 10.9649, 5.32551, 19.3091, 26.5755, 10.7302, 4.62027, 10.8677, 12.5984, 2.26865, 13.8719 ], 
          [ 29.2832, 8.28081, 29.2254, 8.53792, 3.41709, 25.4501, 10.4401, 3.60241, 8.22038, 19.8519, 16.9448, 28.7808, 19.1035, 9.76588, 15.075, 29.5972, 2.68834, 8.44174, 20.6822, 4.95443, 9.21773, 1.77052, 14.0052, 3.843, 27.6266, 2.10977, 27.1548, 13.6316, 11.9346, 15.8955 ], 
          [ 29.0713, 4.38433, 7.33936, 27.0446, 6.93254, 11.2054, 25.7097, 23.3756, 25.8707, 17.094, 26.8662, 24.6665, 11.1584, 26.0366, 14.1499, 12.0707, 27.9058, 4.85923, 10.6292, 27.2847, 5.47744, 21.038, 15.006, 12.3503, 5.3287, 15.4144, 19.6715, 28.6029, 23.2459, 12.1988 ], 
          [ 15.7443, 23.7724, 14.1047, 20.8836, 15.047, 25.3376, 25.0466, 2.72341, 15.1189, 21.1923, 22.1561, 15.3404, 9.74522, 11.8234, 28.8846, 19.3107, 8.32196, 23.3948, 23.9331, 20.1012, 4.80766, 15.3188, 15.6044, 29.5866, 21.9773, 24.6475, 10.2767, 14.4561, 8.9923, 3.71578 ], 
          [ 27.3717, 29.5019, 1.37006, 12.2363, 7.61487, 13.8852, 25.4043, 13.0305, 23.6272, 23.7912, 8.92099, 11.0093, 13.6236, 20.4521, 19.0439, 4.07155, 23.4703, 13.0513, 24.2972, 8.19315, 7.15817, 8.30054, 16.0396, 24.4867, 14.9591, 3.58492, 9.32828, 26.9441, 16.303, 13.5905 ], 
          [ 17.9721, 1.66057, 14.4538, 4.39128, 26.4122, 9.45803, 8.80385, 5.46429, 12.8517, 11.2868, 24.8927, 18.0476, 6.30847, 12.6723, 9.61129, 12.4732, 24.96, 21.1234, 14.3056, 25.5447, 21.3764, 11.193, 22.6558, 25.979, 11.74, 22.0291, 21.0339, 18.9808, 4.16037, 11.2742 ], 
          [ 1.08388, 8.10718, 7.11342, 6.2389, 29.0877, 5.76215, 20.4062, 16.5876, 27.3915, 8.28855, 27.4479, 12.4501, 19.9013, 29.7906, 29.9917, 8.6292, 27.1935, 9.59164, 8.01136, 2.19245, 21.4103, 21.5768, 26.6088, 6.01301, 23.2275, 7.77413, 22.3771, 8.63102, 16.0069, 2.23732 ], 
          [ 10.6158, 23.2331, 26.7906, 23.2989, 13.2688, 27.4169, 16.6284, 23.999, 19.2116, 13.8372, 7.03676, 28.0882, 11.1835, 22.4825, 4.46778, 21.9393, 6.36198, 3.81936, 4.52327, 6.1663, 29.7236, 6.92324, 14.1792, 28.2786, 20.4048, 20.1599, 8.3042, 21.6132, 22.8855, 26.1734 ], 
          [ 15.6259, 23.8698, 7.71551, 1.25273, 19.1954, 1.023, 12.1475, 4.81015, 17.5895, 9.73898, 29.3268, 21.2293, 10.1726, 12.6885, 1.63431, 5.5037, 22.3943, 4.13012, 7.90555, 20.8527, 27.1765, 11.6361, 24.0798, 27.0168, 5.27572, 3.8331, 2.33753, 15.0757, 27.9122, 5.99896 ], 
          [ 29.8308, 3.72752, 17.6895, 15.8642, 10.7128, 18.511, 11.0391, 10.1339, 20.035, 12.3628, 3.85229, 7.26806, 6.8749, 7.26883, 4.42254, 18.9711, 16.9502, 2.83111, 13.5509, 17.6171, 13.3533, 20.4889, 16.385, 11.2445, 2.33487, 14.0767, 2.84161, 29.6673, 29.2753, 23.1767 ], 
          [ 11.1753, 8.10417, 1.14475, 5.71973, 20.5262, 17.8077, 20.6063, 8.95153, 17.8971, 3.72794, 8.79606, 20.2786, 17.919, 8.36663, 17.5106, 26.8966, 29.9838, 9.62198, 19.7541, 23.1975, 24.0139, 22.9034, 17.9364, 7.45641, 13.3261, 21.6774, 17.8662, 7.18878, 22.4792, 24.5089 ], 
          [ 26.3065, 18.3664, 19.5458, 21.5237, 19.7401, 16.0784, 25.262, 27.2768, 5.13573, 16.0482, 24.4479, 14.2936, 5.4937, 1.85313, 20.2242, 10.1975, 23.402, 25.0544, 7.60172, 8.45036, 7.25467, 4.19402, 15.4474, 22.6269, 1.51179, 10.0149, 3.02572, 4.81658, 28.2526, 29.9546 ], 
          [ 3.62153, 15.8224, 18.5106, 24.0493, 8.94199, 6.62293, 22.1771, 3.13341, 29.588, 14.243, 23.9447, 12.4509, 13.4574, 4.54801, 19.3054, 25.074, 12.5725, 22.2998, 25.4787, 14.2702, 16.9813, 27.4252, 29.0292, 19.8546, 25.1793, 14.8101, 13.4699, 25.0574, 18.8256, 5.00713 ], 
          [ 13.2485, 11.9316, 6.96863, 12.8223, 15.1352, 2.91916, 24.3516, 5.291, 18.4763, 24.5901, 9.27577, 2.46253, 14.3873, 7.55093, 12.824, 16.5779, 14.0226, 4.96388, 3.14335, 8.97042, 8.59048, 7.83242, 16.0016, 19.1409, 1.54745, 28.2252, 24.0961, 19.7992, 8.94336, 18.9386 ], 
          [ 9.20101, 29.3353, 28.6645, 5.31488, 13.5142, 27.6422, 18.6292, 2.00969, 26.0597, 1.61788, 23.1635, 13.1029, 2.36337, 3.53639, 23.2769, 27.9507, 2.30812, 1.56923, 19.7889, 3.6486, 16.5298, 18.6141, 6.87053, 26.5507, 4.34852, 28.2492, 15.7514, 8.37608, 2.93525, 28.8725 ], 
          [ 9.70276, 25.7612, 13.5714, 17.8423, 29.6372, 12.6531, 20.967, 9.87991, 25.7585, 1.68832, 16.7311, 15.2443, 26.9841, 13.8515, 20.617, 28.8055, 21.5998, 21.3785, 2.89591, 23.4412, 21.8694, 6.77217, 17.7271, 22.5396, 4.35353, 3.14021, 23.0235, 16.4542, 2.7093, 4.23219 ], 
          [ 23.8796, 4.49983, 25.4899, 25.0576, 1.49447, 13.575, 21.2197, 5.70208, 22.2708, 23.0182, 28.4754, 25.9825, 29.1819, 1.076, 27.9715, 5.23053, 21.2977, 11.8704, 2.2392, 18.2346, 25.604, 4.86607, 9.26459, 26.1272, 15.2332, 16.1659, 9.2358, 23.4581, 1.10565, 29.4874 ], 
          [ 23.8819, 9.69508, 28.798, 13.1258, 29.6127, 1.82842, 17.8431, 11.0238, 1.42709, 23.9196, 18.0062, 25.3244, 21.5567, 2.7661, 11.912, 12.6198, 3.44699, 8.46463, 11.1555, 17.5171, 17.4227, 29.3777, 14.6323, 16.453, 26.4115, 9.58176, 12.1051, 26.3763, 15.2918, 24.1637 ], 
          [ 28.1431, 11.2707, 15.3281, 3.38478, 7.62157, 1.10847, 18.033, 11.5525, 28.0764, 25.3968, 26.2493, 18.8589, 6.93667, 23.0225, 28.4887, 16.7723, 1.22396, 25.3294, 11.0411, 27.7796, 16.2892, 6.03061, 25.8372, 27.0489, 21.3778, 6.14389, 11.6912, 9.79242, 16.9876, 28.2383 ], 
          [ 21.0055, 24.4211, 18.4815, 29.3412, 14.159, 14.36, 2.34572, 25.4525, 11.4517, 23.2705, 8.70593, 13.5721, 6.72836, 7.10891, 24.7614, 18.3765, 26.3691, 24.3506, 1.47287, 11.3314, 26.0281, 11.5571, 24.2318, 17.1858, 14.7785, 23.7511, 5.40239, 29.2894, 10.587, 16.8909 ], 
          [ 18.2774, 3.16182, 18.6104, 8.64023, 1.46949, 20.7007, 24.7274, 17.3372, 26.9185, 11.7603, 18.4214, 27.5119, 17.9401, 4.71052, 14.7712, 9.85326, 7.62137, 25.0464, 11.2769, 4.2954, 21.1492, 16.3527, 23.912, 4.14628, 15.0309, 22.7063, 10.4208, 5.62697, 9.30826, 16.1672 ], 
          [ 24.1115, 4.94264, 9.36657, 2.5554, 2.07636, 4.6418, 16.7453, 26.4069, 7.74217, 11.9068, 1.77708, 28.6327, 11.941, 21.2835, 29.5718, 29.7784, 19.0584, 26.7706, 21.1336, 25.114, 24.5176, 28.7461, 6.27888, 1.02721, 11.9302, 28.7221, 28.9395, 19.5739, 11.2253, 13.3693 ], 
          [ 11.4704, 3.53416, 13.0316, 2.59284, 25.261, 12.2861, 14.9074, 3.87203, 28.1414, 14.126, 15.7174, 8.39456, 4.00347, 14.2406, 16.5278, 22.9189, 13.554, 10.6398, 9.0281, 25.9004, 19.1632, 10.5807, 25.4751, 18.4513, 29.0605, 29.5615, 17.6609, 15.4251, 25.4756, 25.7887 ], 
          [ 23.2745, 21.4818, 28.0685, 5.54855, 15.7573, 11.9502, 17.6247, 25.8633, 23.1808, 5.56681, 15.2759, 13.9415, 7.09822, 26.798, 4.57894, 16.0705, 22.6424, 23.0705, 10.4946, 2.89197, 28.2462, 4.77426, 2.33461, 17.9446, 13.6812, 17.9143, 1.18197, 1.72581, 20.2577, 15.6325 ], 
          [ 2.17018, 8.13338, 27.6542, 16.2661, 15.0809, 11.4676, 4.95536, 19.6789, 29.0421, 25.0607, 16.6237, 27.5677, 14.9773, 15.9089, 10.8349, 14.483, 24.9044, 26.7889, 4.76429, 1.16855, 3.46456, 6.1666, 11.8818, 26.2368, 10.0263, 25.9555, 13.2507, 25.9116, 8.91727, 16.346 ], 
          [ 26.7417, 25.3444, 9.78974, 8.60161, 11.455, 20.0136, 17.2016, 27.6931, 1.91917, 23.8978, 17.7401, 8.60021, 8.66355, 18.5899, 14.6581, 14.8707, 19.7882, 13.9869, 4.78336, 15.5235, 7.4764, 19.8402, 7.10502, 26.8649, 16.9056, 8.98119, 11.1941, 12.3994, 18.3031, 8.24791 ], 
          [ 25.0038, 6.77754, 23.0099, 28.636, 25.5808, 10.627, 25.3136, 18.5058, 18.3223, 13.1177, 19.1843, 18.9227, 12.2877, 29.6753, 1.99771, 26.8706, 22.411, 29.9842, 1.92322, 29.9761, 26.2897, 25.2924, 18.6865, 29.5838, 19.8415, 4.93427, 23.9201, 1.53349, 4.33091, 10.734 ], 
          [ 5.97482, 20.8978, 21.2573, 13.5659, 9.92043, 5.95629, 26.3003, 16.9982, 6.33397, 10.9328, 28.3265, 18.5518, 5.53024, 6.43313, 13.7009, 23.3233, 25.6557, 8.51508, 27.99, 8.7181, 24.7975, 24.6698, 24.8789, 7.67647, 15.5714, 2.0347, 3.16128, 13.6124, 24.8478, 6.65031 ], 
          [ 9.41159, 14.5007, 23.8239, 14.4543, 29.1888, 7.37598, 29.1445, 13.6587, 22.1454, 22.3355, 29.2761, 12.2832, 1.68611, 5.17039, 2.42736, 29.4347, 27.727, 16.651, 11.5374, 7.06691, 9.04916, 25.7614, 24.4293, 16.4067, 2.65309, 9.09339, 26.0246, 6.62131, 12.2325, 2.21978 ], 
          [ 8.30277, 24.6674, 14.4639, 13.0596, 16.0438, 7.47889, 14.2096, 20.2326, 11.6635, 28.4369, 1.48355, 24.8608, 23.1632, 6.46958, 19.3803, 4.84626, 20.2896, 21.5733, 17.0674, 23.3869, 5.42473, 5.37197, 2.83339, 3.77535, 19.1784, 12.7686, 8.46011, 12.1571, 22.4372, 14.0518 ], 
          [ 29.7289, 13.8589, 2.38514, 14.4253, 29.0614, 20.204, 8.66986, 17.9516, 27.4726, 26.8139, 27.5757, 16.5282, 23.1714, 5.97691, 23.3441, 21.7545, 13.4328, 12.5567, 1.55549, 2.34742, 7.58555, 6.37424, 13.8646, 13.122, 7.74833, 29.5974, 22.5099, 2.15821, 10.5618, 25.8281 ], 
          [ 2.03348, 9.72544, 16.8113, 11.2197, 6.15321, 26.1929, 4.02463, 24.2292, 2.65115, 1.48539, 20.0787, 1.08662, 11.6853, 7.73589, 6.29121, 20.8526, 23.8971, 24.8934, 14.2862, 13.3503, 2.27459, 22.2123, 14.6059, 22.6614, 8.23023, 23.3575, 12.8464, 4.39645, 24.2544, 22.6079 ], 
          [ 3.54295, 26.5966, 16.8488, 7.03641, 16.6433, 11.9996, 15.6956, 1.06268, 24.5795, 5.79329, 22.8883, 15.5355, 11.5125, 19.9767, 23.3538, 4.80802, 29.2984, 16.3589, 8.19379, 14.5738, 12.0521, 23.2198, 24.5117, 23.7867, 8.259, 8.39498, 14.7926, 5.21501, 2.1421, 5.88488 ]
        ], 
        [
          [ 6.03611, 13.1593, 10.9799, 7.44888, 4.63524, 16.9127, 9.99803, 11.6807, 22.7368, 2.94824, 14.6264, 10.4649, 20.8029, 7.38699, 23.8542, 8.29871, 23.8197, 22.6481, 9.36766, 15.8769, 15.5577, 20.5874, 4.75417, 1.2588, 5.99728, 16.556, 1.2911, 24.1333, 14.0218, 4.07519 ], 
          [ 22.4934, 22.631, 27.0451, 24.7005, 18.7845, 3.62137, 17.9859, 18.8745, 1.09284, 6.20537, 26.8332, 24.9352, 25.5859, 24.6201, 20.5529, 18.0857, 4.64299, 20.2043, 17.0513, 29.8055, 5.45993, 2.58937, 15.4021, 29.6872, 4.15584, 18.2323, 26.8187, 14.0482, 24.5781, 16.0331 ], 
          [ 3.23159, 25.7857, 2.93915, 28.059, 5.7427, 24.4127, 9.7691, 8.92242, 18.1543, 25.9464, 4.05872, 13.5371, 26.7426, 16.2798, 21.4677, 19.6448, 15.7626, 1.16909, 16.7267, 16.5065, 5.29832, 14.3752, 9.0231, 11.0392, 16.3416, 15.9912, 17.6416, 2.34818, 2.32644, 4.10057 ], 
          [ 23.3301, 1.44428, 17.4937, 15.39, 18.7784, 1.60106, 25.6045, 23.2682, 3.20318, 22.1299, 1.44551, 6.29852, 19.6743, 19.3311, 21.3716, 20.2854, 26.8243, 20.5677, 27.7048, 7.62686, 12.54, 20.6393, 6.46025, 3.6594, 25.5026, 3.73002, 25.8105, 16.6271, 3.84639, 19.8395 ], 
          [ 5.06243, 14.3485, 21.4235, 4.06783, 9.9608, 13.5029, 8.97517, 16.959, 3.99989, 16.9857, 1.49655, 8.93648, 19.9258, 26.3531, 27.2258, 16.0263, 7.63429, 21.3832, 11.7442, 17.7605, 23.9685, 7.71192, 12.3073, 18.2792, 5.34486, 1.25965, 23.262, 5.9608, 10.3931, 21.5763 ], 
          [ 21.2272, 26.4164, 9.47757, 11.3924, 4.08329, 4.6875, 27.9727, 18.8487, 26.4881, 14.4899, 6.52164, 20.5458, 11.4762, 13.4683, 10.0174, 8.29458, 4.03603, 27.617, 29.8542, 25.821, 12.4405, 25.4638, 16.055, 6.54494, 6.20238, 13.3207, 3.73698, 13.9683, 16.3645, 14.2905 ], 
          [ 17.1274, 20.5852, 9.12681, 1.94606, 9.6814, 1.83681, 16.0887, 28.7624, 28.6609, 28.9118, 26.9606, 6.71513, 15.734, 24.9675, 2.89618, 13.5516, 7.97002, 9.03806, 1.72502, 2.56389, 13.8559, 12.4305, 19.7067, 27.4132, 4.89153, 3.62518, 25.6189, 5.31832, 15.9762, 6.68977 ], 
          [ 28.9864, 28.4399, 23.1996, 16.9877, 8.1666, 11.4288, 26.3119, 18.5692, 26.0761, 10.5695, 5.42568, 19.9044, 16.7599, 17.918, 25.7379, 4.49381, 23.8071, 27.3266, 8.30531, 20.0138, 6.81385, 19.1368, 16.2149, 4.96694, 13.5408, 14.4724, 3.1246, 14.9851, 23.1458, 24.6793 ], 
          [ 10.3082, 23.2786, 28.2542, 7.01015, 10.7367, 22.655, 12.7448, 6.04888, 29.2711, 29.3149, 3.34922, 20.0932, 13.0776, 14.3657, 1.79488, 23.2532, 3.52742, 5.2793, 8.67189, 27.403, 22.0507, 26.0235, 1.52945, 5.15606, 24.7053, 5.67066, 13.9917, 14.9807, 3.85814, 22.4375 ], 
          [ 5.22084, 29.9346, 10.8898, 9.13271, 28.8559, 10.639, 1.22595, 10.8908, 11.7016, 15.373, 14.6806, 3.95835, 16.3253, 6.61968, 21.2602, 22.8365, 3.61856, 24.1996, 2.63129, 22.9771, 18.205, 29.6917, 2.32774, 22.2574, 18.7298, 13.112, 11.9744, 16.4439, 10.3551, 8.45524 ], 
          [ 6.67237, 3.50197, 14.6526, 1.18468, 8.98785, 11.6908, 21.684, 17.6581, 20.6563, 2.79745, 25.624, 24.925, 10.1673, 12.3941, 6.38268, 9.23728, 21.0535, 5.9381, 8.19675, 18.3208, 26.3474, 19.9461, 17.6762, 1.56267, 13.3449, 29.8018, 15.7905, 24.7647, 17.0255, 19.2882 ], 
          [ 21.9711, 15.9622, 1.22347, 12.344, 26.7328, 11.5687, 23.3335, 17.6025, 13.7703, 9.64097, 18.5693, 21.3481, 2.11887, 13.3594, 1.81338, 24.6689, 24.3848, 19.2557, 20.7035, 20.0005, 17.4709, 12.6303, 9.62097, 18.5758, 18.2234, 16.3841, 25.5398, 7.39067, 16.0337, 8.39014 ], 
          [ 9.58456, 12.3113, 8.94847, 1.5233, 11.7337, 24.4818, 3.92163, 12.3167, 29.0161, 16.47, 25.8221, 1.71509, 16.0612, 12.9886, 5.35411, 23.1292, 28.1156, 25.2009, 3.25212, 19.8323, 16.1968, 3.34021, 10.5921, 14.3965, 21.3631, 21.2904, 10.2873, 9.39681, 9.40121, 29.958 ], 
          [ 18.5051, 27.5812, 8.00245, 15.0537, 29.815, 16.8511, 23.7516, 9.52399, 20.8332, 28.2757, 3.86785, 16.4005, 19.0171, 24.0367, 16.4418, 16.0015, 9.07406, 18.309, 22.6962, 3.89516, 8.09545, 11.056, 12.0609, 17.2338, 1.28404, 24.3112, 19.3428, 18.6237, 20.2711, 5.56418 ], 
          [ 7.4687, 13.1114, 28.7563, 23.744, 3.0057, 14.6848, 5.37856, 12.2955, 6.38458, 29.0102, 28.3565, 22.8701, 28.2263, 13.8597, 6.80087, 14.9195, 14.0043, 11.8352, 18.9648, 13.4102, 4.58911, 14.7955, 26.1408, 21.5293, 20.208, 9.62906, 22.1662, 18.8534, 5.72685, 1.75347 ], 
          [ 3.96176, 10.8106, 10.5763, 11.7664, 24.0187, 11.9313, 6.82055, 7.41332, 24.7361, 26.4835, 19.0303, 12.2973, 14.1258, 11.205, 24.6616, 2.0005, 12.7157, 10.2921, 3.22183, 18.0211, 29.3137, 1.95129, 15.6663, 17.2965, 17.0021, 8.45249, 16.2263, 29.6203, 13.542, 6.99656 ], 
          [ 2.94836, 7.50986, 3.98508, 4.7713, 28.3233, 19.569, 18.0007, 13.5526, 8.84618, 24.0906, 21.9105, 19.9446, 16.7552, 8.83371, 8.3283, 11.9323, 15.7395, 22.3881, 3.75436, 12.9674, 8.04486, 27.6574, 22.2277, 19.2151, 25.6456, 21.4543, 19.4332, 14.2666, 20.0185, 19.4768 ], 
          [ 26.757, 24.6638, 25.5938, 6.22718, 25.2751, 5.11852, 28.4658, 23.6076, 16.1243, 8.90834, 9.60538, 11.8827, 18.8904, 15.0589, 2.09349, 16.7101, 6.68017, 28.96, 24.0564, 7.06052, 4.41234, 22.2318, 5.58547, 25.7451, 20.4998, 22.5456, 13.172, 17.4423, 15.9059, 6.2969 ], 
          [ 13.8618, 2.69124, 28.3851, 4.63444, 26.2286, 2.46159, 25.6045, 28.8117, 6.2836, 24.1152, 5.70297, 22.3921, 12.0598, 5.95336, 8.34266, 25.1796, 6.43267, 5.35106, 16.1581, 26.484, 14.1221, 12.8577, 17.9689, 29.8935, 8.73838, 20.4341, 20.5506, 13.3241, 27.3329, 16.7376 ], 
          [ 26.753, 19.3458, 12.2677, 4.01286, 13.982, 10.2135, 21.7313, 28.1474, 11.9189, 6.06361, 19.3245, 27.3501, 5.73603, 2.02627, 24.1655, 28.022, 17.2272, 18.8216, 4.10328, 8.44024, 15.9919, 15.4922, 17.5583, 28.105, 29.8166, 23.0064, 4.25441, 5.69804, 4.5219, 7.72828 ], 
          [ 10.1989, 14.443, 12.0276, 28.6876, 22.3925, 2.66281, 17.4984, 26.8083, 19.3971, 19.4933, 11.0812, 27.9163, 26.1202, 19.5123, 14.6581, 12.0739, 17.6511, 15.6589, 19.791, 22.6134, 29.2832, 10.9415, 10.6599, 5.74502, 28.7362, 5.45487, 23.8239, 10.7965, 15.8543, 8.42199 ], 
          [ 23.0947, 11.7777, 8.49674, 13.3952, 4.3799, 27.5592, 1.42422, 15.3593, 18.3377, 26.8883, 20.2283, 14.1495, 5.48893, 15.289, 23.4531, 10.1153, 10.492, 28.2468, 18.2061, 10.9335, 4.84162, 7.09235, 29.9813, 8.86889, 29.6126, 13.0625, 12.1316, 17.6561, 13.0338, 29.3865 ], 
          [ 11.3914, 24.9961, 7.98001, 3.18454, 25.6591, 2.03786, 20.1892, 15.6437, 7.72149, 6.70024, 29.0334, 5.89123, 1.66846, 18.5955, 26.2169, 14.6222, 27.8201, 28.0416, 26.8906, 7.39289, 28.4208, 12.2619, 18.5937, 28.0207, 26.2914, 3.44849, 2.12928, 5.66191, 27.2241, 24.5921 ], 
          [ 22.9092, 11.5082, 7.56629, 8.15662, 9.06344, 21.3979, 11.2049, 19.7846, 3.55459, 4.44368, 11.8923, 10.3804, 9.48964, 17.3934, 17.0896, 7.03425, 26.614, 1.58734, 19.9996, 3.16439, 9.95532, 10.2066, 8.59864, 13.9112, 17.0484, 21.7903, 15.1883, 5.44351, 1.63974, 1.12083 ], 
          [ 23.9753, 28.8076, 18.7556, 21.1093, 19.3577, 10.9487, 5.72408, 14.457, 7.91894, 15.9497, 8.96378, 29.4391, 8.05601, 22.7083, 11.5581, 1.46382, 15.2498, 18.5444, 25.2426, 21.9052, 16.2584, 8.77572, 18.2782, 10.7018, 4.05339, 18.5941, 29.8762, 28.63, 15.4015, 21.2983 ], 
          [ 21.2218, 25.9306, 23.117, 18.5639, 26.6327, 14.6765, 5.05107, 29.0757, 4.5936, 2.8644, 28.6125, 25.1319, 28.8521, 27.8694, 16.8821, 21.7451, 19.4564, 19.5767, 15.4929, 28.7576, 25.0549, 3.3376, 7.20909, 4.92306, 25.03, 19.5984, 2.30033, 20.5156, 9.12995, 29.0271 ], 
          [ 12.0723, 7.34818, 11.8311, 18.8138, 3.74532, 8.81296, 23.1227, 10.3077, 19.1616, 21.3366, 22.2852, 12.596, 9.28997, 11.2873, 11.8963, 2.11832, 2.61185, 27.3665, 22.6044, 4.34676, 22.413, 4.39392, 27.7641, 10.2303, 22.0571, 13.603, 24.2047, 27.8261, 23.23, 19.795 ], 
          [ 13.3634, 17.758, 27.0953, 13.1163, 8.6974, 24.066, 29.0628, 4.62365, 26.3664, 29.6255, 26.1899, 8.26054, 25.8236, 23.3528, 1.15135, 6.74623, 29.1565, 12.9485, 17.3261, 1.66291, 4.78347, 6.55266, 15.9394, 8.59301, 11.2162, 10.0613, 12.2805, 7.11247, 2.6413, 5.98191 ], 
          [ 21.1581, 26.5605, 16.5826, 9.79879, 14.5749, 5.70563, 17.6062, 12.7471, 18.0669, 4.80366, 28.0913, 4.34762, 8.07245, 11.7706, 6.10005, 27.7907, 28.1715, 22.9638, 18.5314, 12.2077, 28.0839, 12.1181, 17.9851, 7.30849, 16.5624, 12.8713, 10.5388, 10.1902, 11.0354, 14.1452 ], 
          [ 4.8552, 21.0185, 16.2113, 18.7684, 13.5679, 22.4516, 11.5019, 27.6205, 25.7093, 3.05685, 22.0836, 7.05083, 6.93682, 14.0563, 21.5779, 9.48888, 23.1714, 22.2839, 20.8138, 8.18458, 17.3853, 16.4421, 12.0828, 12.4544, 9.58471, 23.1892, 2.19038, 13.0075, 29.2649, 17.43 ], 
          [ 15.2634, 17.0607, 14.5153, 28.7799, 16.5374, 9.70259, 21.3841, 7.95484, 20.1537, 12.9123, 23.8935, 2.07478, 14.964, 16.5574, 6.9501, 8.15173, 15.8389, 21.5812, 8.58064, 11.3411, 12.4335, 21.7954, 3.38646, 6.92797, 2.91053, 25.4536, 4.68778, 15.2963, 14.651, 6.16015 ], 
          [ 24.041, 16.5812, 15.6552, 6.50286, 20.6902, 24.7257, 27.4535, 10.1566, 16.0436, 14.3396, 2.92158, 7.33339, 20.5085, 5.47324, 26.3698, 10.8027, 22.3479, 8.76754, 27.5739, 1.88358, 18.4558, 22.2839, 12.0969, 3.5478, 21.5248, 13.5551, 24.0575, 24.857, 24.0303, 11.6635 ], 
          [ 22.5567, 17.3389, 17.2649, 18.4503, 16.1355, 10.1769, 6.73081, 4.14438, 17.5359, 1.15265, 26.9287, 6.04491, 6.9257, 12.6508, 19.1636, 19.2997, 2.97949, 27.8557, 9.1645, 16.0575, 11.6424, 8.99038, 25.5913, 19.6177, 3.2394, 4.37005, 23.2726, 2.03547, 18.9908, 18.4929 ], 
          [ 14.6377, 25.7065, 3.18892, 18.7481, 20.0431, 27.5683, 11.8163, 2.75398, 26.1687, 2.08661, 24.0011, 22.1361, 14.3137, 14.4055, 12.5624, 3.11563, 16.5594, 20.6143, 8.29995, 20.027, 28.6963, 11.0851, 16.5662, 23.6086, 16.2539, 11.6162, 27.2043, 26.0421, 17.975, 27.2066 ], 
          [ 29.9328, 1.24901, 25.3132, 17.6283, 8.79244, 19.2498, 21.5282, 3.77759, 21.2502, 15.7141, 26.3239, 7.37309, 8.48543, 8.46438, 9.29377, 3.37979, 7.89264, 13.6264, 23.456, 17.3394, 14.4377, 28.9058, 26.7292, 17.1459, 15.1681, 16.9209, 29.4801, 9.28742, 29.7632, 16.6392 ], 
          [ 5.32161, 11.9291, 13.4457, 14.427, 22.2645, 13.0637, 4.11689, 19.8817, 1.84523, 19.2421, 7.04949, 17.1758, 9.8133, 6.02149, 26.0425, 6.82453, 11.6682, 10.3309, 29.9691, 18.7376, 17.0378, 5.38723, 23.6598, 13.6803, 5.22524, 4.8877, 10.2581, 16.1047, 18.0512, 15.3455 ], 
          [ 17.8428, 12.8669, 15.3642, 26.6637, 21.942, 11.8559, 29.7041, 21.8094, 27.7751, 14.9069, 26.5479, 2.4649, 26.2638, 22.1683, 9.70907, 7.19383, 8.90925, 2.44497, 9.81178, 19.82, 1.91879, 23.4938, 23.5633, 18.2704, 4.0092, 15.0197, 27.2526, 15.1949, 20.7859, 17.3936 ], 
          [ 18.5485, 15.2761, 4.55162, 15.0282, 10.6472, 28.2519, 29.1766, 21.7842, 20.3653, 11.8383, 27.7448, 12.5316, 20.1766, 16.124, 26.5541, 14.5566, 15.5098, 27.2674, 16.6359, 16.7311, 17.5821, 10.2332, 17.3394, 11.9892, 17.8441, 3.35908, 21.9006, 10.3021, 5.35494, 28.8848 ], 
          [ 24.3728, 15.0781, 1.65187, 1.86035, 29.1453, 7.14502, 1.03144, 7.51017, 29.9028, 11.0452, 6.79288, 2.19237, 23.6183, 24.9219, 26.5527, 5.29439, 3.97708, 25.1309, 5.64348, 12.2473, 22.6222, 29.3534, 10.9162, 9.83774, 23.3968, 17.9855, 14.147, 2.5333, 20.0149, 14.1445 ], 
          [ 20.6609, 4.68239, 13.3899, 11.2312, 2.71748, 9.58522, 20.8455, 10.8377, 2.87346, 10.7811, 2.38755, 24.4721, 8.92537, 6.30544, 21.3878, 1.96859, 10.6248, 13.4245, 9.29092, 26.2833, 29.3371, 15.0649, 20.6276, 7.72136, 19.7832, 10.1667, 6.96881, 8.39099, 27.3936, 26.5268 ], 
          [ 22.5341, 11.6592, 12.5602, 22.0609, 26.7243, 14.3227, 20.2536, 11.5353, 1.12801, 8.85026, 16.4573, 3.17974, 18.2385, 21.1628, 23.0879, 23.1646, 18.9114, 15.2681, 27.435, 26.4939, 2.60514, 7.64617, 16.6478, 21.4238, 10.5143, 15.4612, 19.5947, 24.6889, 16.2755, 9.4256 ], 
          [ 19.2005, 4.44417, 4.10656, 16.5074, 9.32496, 20.8528, 3.26485, 24.8685, 9.38216, 22.6173, 6.82677, 21.1778, 19.7692, 5.97037, 19.2179, 7.4792, 6.71309, 17.9886, 12.8584, 20.2437, 7.46012, 16.5258, 18.5122, 13.8132, 28.6388, 3.52989, 15.7135, 13.3801, 10.5923, 4.82439 ], 
          [ 7.43661, 16.5051, 6.52283, 29.2001, 14.1257, 4.55909, 18.081, 8.15643, 16.5637, 23.682, 17.1672, 12.9409, 15.907, 5.17191, 26.7294, 24.9994, 25.8489, 21.7356, 28.6904, 2.05436, 2.89143, 27.8892, 25.3375, 25.325, 26.9275, 14.9377, 24.1211, 23.583, 3.36634, 26.6034 ], 
          [ 3.46702, 6.2356, 14.47, 23.61, 6.57922, 6.34739, 27.7127, 14.2724, 15.8336, 27.6606, 7.50423, 6.67686, 29.8982, 13.403, 2.11339, 6.06708, 8.86579, 23.4433, 23.1818, 28.0805, 17.9195, 22.8988, 27.742, 21.1084, 9.07254, 22.7348, 14.7262, 3.5314, 25.6643, 26.0924 ], 
          [ 29.4545, 19.9823, 21.5338, 16.3034, 17.3854, 11.2905, 18.4729, 11.5208, 22.2192, 18.2498, 27.0262, 23.4151, 16.7222, 28.0648, 3.44746, 22.3826, 29.7049, 3.10615, 26.0002, 4.25223, 26.7651, 27.5231, 23.9304, 27.4879, 1.52218, 1.00753, 10.1898, 14.0079, 22.645, 3.30997 ], 
          [ 9.39512, 19.1954, 28.597, 25.8757, 22.4256, 16.8751, 23.8271, 11.0285, 24.0116, 24.823, 22.9357, 12.8066, 14.5254, 17.851, 25.5316, 9.95896, 23.7524, 26.4621, 12.0126, 7.50124, 11.4009, 14.3107, 17.3406, 23.1627, 12.0129, 18.7656, 15.9008, 26.0762, 1.05446, 18.078 ], 
          [ 4.1735, 8.17814, 7.49325, 16.8749, 24.8067, 2.00965, 6.71001, 25.082, 14.2088, 6.48487, 1.26425, 13.2043, 3.581, 21.8731, 6.26334, 15.4473, 28.0552, 21.1533, 17.1542, 14.5739, 20.3246, 5.43359, 5.22996, 3.43532, 29.1162, 6.75637, 26.8791, 15.3344, 13.2677, 8.93625 ], 
          [ 9.45704, 21.8054, 15.911, 26.3879, 19.831, 13.4744, 13.2016, 15.3811, 13.5192, 1.4201, 25.9762, 16.6883, 19.5207, 17.0866, 28.8663, 6.66089, 22.1761, 2.78615, 29.2948, 22.0367, 16.0023, 29.0403, 21.0896, 15.7484, 14.7121, 24.516, 10.9864, 14.8671, 29.2507, 28.58 ], 
          [ 11.3973, 12.6116, 16.2752, 17.7032, 24.9317, 24.002, 6.99363, 9.93939, 23.7138, 10.4649, 26.5017, 12.2614, 10.6222, 18.4472, 16.2801, 1.43887, 14.877, 17.9406, 24.5287, 12.1427, 12.5065, 13.0027, 7.1456, 18.2134, 2.75104, 19.781, 1.03445, 10.536, 24.7434, 15.4236 ], 
          [ 10.5362, 2.23155, 8.45146, 29.1779, 9.87323, 3.40745, 20.8135, 21.8035, 9.66288, 10.8825, 28.699, 11.7866, 7.34146, 16.4597, 25.6628, 27.2787, 24.0968, 28.7615, 9.61809, 4.11989, 24.359, 4.84759, 16.2438, 25.3075, 29.2047, 5.94756, 9.12655, 6.01538, 23.4688, 20.38 ], 
          [ 3.65063, 22.0759, 24.7563, 18.3164, 27.0353, 24.9334, 28.5137, 3.63947, 20.1215, 12.9051, 19.6797, 5.31422, 23.126, 27.2287, 22.4203, 20.4852, 3.4252, 5.71927, 21.267, 28.2448, 2.4917, 20.9928, 4.91206, 18.2062, 9.38134, 9.706, 28.321, 22.139, 3.99702, 10.305 ], 
          [ 8.77531, 15.9546, 20.2226, 18.3326, 28.1326, 11.9286, 4.69388, 14.9526, 17.307, 20.2333, 12.8851, 19.1111, 15.2763, 21.8985, 20.2067, 28.1114, 7.20692, 24.6194, 3.16578, 19.8571, 6.31142, 29.5967, 9.21492, 27.8482, 21.5923, 24.9633, 27.3009, 17.8526, 20.7168, 23.9123 ], 
          [ 4.41504, 2.0913, 8.7218, 1.27501, 20.721, 24.9089, 15.226, 21.9889, 18.1974, 22.9466, 29.3415, 16.8254, 26.7021, 20.254, 12.9517, 8.25607, 6.43147, 5.09705, 2.75875, 6.11146, 29.581, 14.6713, 19.8211, 26.1598, 17.7446, 5.54288, 15.7384, 25.4489, 10.8265, 17.3613 ], 
          [ 3.51591, 23.4953, 20.5036, 28.4796, 16.3526, 21.8926, 5.45632, 1.29845, 18.4447, 27.5904, 12.0944, 4.18454, 28.34, 3.02519, 13.6709, 19.0694, 29.6184, 4.45718, 28.9989, 23.5517, 7.64786, 29.4336, 27.4559, 24.0279, 21.0471, 11.525, 16.872, 12.4018, 11.524, 16.7216 ], 
          [ 1.43015, 16.6502, 6.59816, 19.0258, 25.8975, 17.4011, 3.83291, 24.3151, 9.07589, 9.52098, 25.2097, 6.19899, 29.6542, 22.5759, 3.34797, 2.31383, 1.68335, 24.0517, 24.8245, 25.6502, 21.974, 18.5462, 14.3998, 21, 18.857, 1.7272, 26.9445, 22.6534, 16.7432, 12.8796 ], 
          [ 12.8829, 5.64624, 16.2083, 5.46263, 22.5298, 12.9006, 11.6107, 16.3097, 19.1664, 13.2366, 7.39035, 15.7903, 14.2198, 4.80777, 6.25733, 19.9322, 7.92546, 14.3064, 8.90709, 19.4453, 1.78429, 7.89875, 14.2651, 3.54697, 24.4615, 13.6309, 16.6086, 19.4172, 28.3789, 15.3142 ], 
          [ 3.76248, 14.8088, 24.2178, 11.8964, 21.7801, 9.9081, 28.4997, 19.7508, 7.03767, 29.5649, 6.03921, 10.3994, 25.8511, 21.8026, 29.411, 14.8836, 22.2274, 9.8104, 4.41543, 5.67487, 16.2537, 12.057, 20.5873, 5.02716, 27.2504, 5.04574, 26.7756, 22.5308, 4.75686, 18.5186 ], 
          [ 27.3837, 20.8042, 25.0349, 28.1721, 1.45558, 29.9531, 21.104, 11.5094, 12.1792, 1.66746, 11.2695, 9.31906, 1.1185, 8.23339, 15.1093, 24.0434, 12.206, 3.20923, 12.3989, 23.7902, 23.6407, 14.8106, 21.2546, 28.1482, 7.23865, 19.7432, 22.4399, 19.8379, 4.69656, 13.8552 ], 
          [ 22.4314, 13.3098, 21.9054, 1.16892, 27.2451, 18.5529, 20.3531, 29.27, 16.9405, 20.574, 11.2238, 11.0722, 4.66356, 10.8037, 18.1749, 15.3565, 26.5871, 3.97255, 29.1561, 8.53852, 18.7394, 8.42123, 4.33227, 13.0573, 19.2579, 20.6735, 4.78723, 22.3092, 23.6018, 16.9889 ], 
          [ 11.0405, 3.32127, 28.1483, 11.3745, 4.05693, 28.8957, 7.72567, 2.9106, 16.5336, 27.9308, 24.5264, 17.3626, 12.5122, 5.42145, 17.9753, 29.7078, 28.6422, 29.6405, 25.3758, 15.1206, 12.748, 2.11879, 17.6384, 3.21478, 26.6292, 1.40119, 1.42048, 10.6029, 12.7411, 19.2062 ], 
          [ 2.09985, 14.4688, 9.57897, 12.6545, 25.4013, 10.5743, 17.4873, 5.13514, 2.6708, 1.66912, 26.0311, 24.646, 2.27077, 19.9361, 24.7598, 17.1651, 24.7297, 1.23697, 21.9121, 17.4376, 7.44129, 7.78181, 1.69341, 15.8441, 12.872, 19.3251, 29.8072, 5.15915, 27.4482, 20.681 ], 
          [ 14.5875, 26.9591, 17.7123, 4.84695, 10.3449, 11.9627, 14.8229, 18.4192, 14.1477, 5.8459, 3.42278, 10.4219, 16.5246, 20.0317, 22.1748, 26.8021, 5.57723, 25.0539, 7.15323, 11.2922, 23.0245, 26.5217, 22.3379, 20.6228, 12.0221, 2.42845, 6.127, 14.6067, 19.8969, 18.1721 ], 
          [ 14.7066, 6.17812, 28.4054, 22.2207, 11.4608, 29.8571, 10.0523, 22.9809, 26.912, 11.2918, 17.4806, 19.7461, 29.4218, 17.8945, 17.3161, 18.6681, 13.6691, 14.418, 12.2299, 14.9969, 8.17133, 12.1028, 13.6326, 6.67835, 29.0757, 19.8874, 2.7966, 10.9846, 12.2259, 12.2996 ], 
          [ 15.9246, 17.1589, 14.4768, 15.9969, 6.52415, 24.0811, 7.28984, 13.2335, 7.51041, 27.7485, 8.93386, 8.67688, 11.6014, 1.9241, 21.9593, 26.6477, 29.5598, 2.32508, 26.7712, 5.63711, 27.7567, 9.16691, 16.7216, 24.8212, 2.32465, 4.43758, 16.7863, 7.94487, 2.81209, 8.03906 ], 
          [ 27.106, 20.9269, 6.28059, 22.7422, 21.9719, 11.9332, 9.48628, 3.66822, 21.8235, 1.64892, 18.8138, 12.5738, 25.8486, 6.67204, 20.9409, 18.4435, 2.74522, 9.00041, 18.3163, 12.9063, 24.2926, 27.8251, 25.332, 15.1498, 12.3339, 8.93395, 14.9799, 25.319, 21.5807, 21.0736 ], 
          [ 5.40101, 27.3896, 11.4631, 25.9825, 4.02192, 7.26688, 15.56, 9.71778, 16.4816, 19.9363, 4.87322, 15.8986, 25.6056, 9.85214, 5.84974, 7.65397, 1.29921, 3.38466, 13.6849, 20.6958, 11.07, 18.5758, 7.14246, 22.022, 19.1461, 24.4581, 17.4628, 24.0262, 20.7891, 23.3905 ], 
          [ 27.4115, 15.4269, 16.3962, 5.80565, 10.6747, 19.4762, 21.3163, 16.6209, 9.24558, 8.44577, 9.7386, 8.37843, 15.7089, 15.0022, 18.9932, 7.65331, 3.88138, 29.5864, 4.70122, 28.9266, 22.7581, 26.1923, 24.5958, 22.9401, 20.4129, 13.6018, 19.8132, 2.94049, 2.78845, 10.62 ], 
          [ 26.1047, 1.9226, 15.687, 6.53351, 15.9266, 18.181, 26.8748, 27.0924, 16.1921, 24.6267, 9.04788, 8.77841, 26.5735, 23.3499, 23.6313, 14.0314, 21.7277, 11.8457, 23.8596, 25.3774, 2.93415, 16.0399, 21.6258, 18.8583, 21.819, 28.6978, 6.2166, 29.2857, 2.44336, 12.1927 ], 
          [ 20.27, 6.5839, 23.0009, 29.6914, 20.1287, 29.0026, 7.13954, 27.3802, 18.9182, 17.4868, 1.11424, 27.1008, 28.1285, 3.38181, 19.4051, 23.422, 19.9479, 16.4828, 10.5354, 10.1822, 12.2621, 27.9285, 24.3796, 8.93187, 19.8098, 17.7218, 26.4917, 21.2283, 4.21188, 13.4435 ], 
          [ 3.30368, 6.48561, 7.27291, 11.7754, 12.0384, 9.40148, 21.6405, 23.4189, 18.0867, 20.9336, 16.8404, 15.2253, 19.6987, 1.57945, 9.65471, 28.0088, 20.4303, 11.1848, 8.06064, 9.65695, 17.7197, 17.2834, 17.1254, 18.8483, 18.073, 25.0797, 7.17469, 28.1708, 23.4849, 29.5156 ]
        ]
      ];
r = [
        [76443,80602.9,74621.5,61630.2,68924.9,60116.6,52809.7,51169.3,78779.3,65747.3,54403.2,75310.3,76490.3,53414.8,50151.6,62703.3,58419.5,75666.7,59440.9,73853.7,72725.9,55948.3,60283.3,78236.3,50558.1,63122.6,68045.8,75111.4,76181.2,73217 ], 
        [74684.4,80304.9,79919.5,60308.2,71076.1,54207.7,70664.7,51456.3,81147.5,61441.5,63577.6,62197.9,51149.9,51873.5,67326.7,66658.7,54952.6,76489.4,74981.7,53330.5,61179.4,62416.6,66233.8,77309,81069.6,52153.8,54032.1,71190.3,79651.3,68845.2 ]
     ];
d = [
        [6517.3,14127.9,59875.8,57458.1,70101.1,59370.8,28667.2,14648,74089.9,55538.3,9143.94,61002.7,57396.6,44883.8,66334.5,36067,86418.8,37315.8,34054.9,15301.9,56222.7,50082.1,51826.9,19786.2,23616.8,22144.2,60417.2,23421.6,81044.6,10441,56750.3,2123.26,62930.6,45783,17336.9,75050.7,52170.6,55873.5,2826.68,58999,37531.8,22434.9,64745.5,7517.86,72340,47657.6,41393.4,86767.1,55321.5,23525.1,49218.5,25771.9,31511.8,14374.5,82826.3,25289.3,85412.7,16001.8,77723.4,73072.2,9142.44,60091.2,71500.9,24614.1,21084.5,17433.1,61891.6,7274.72,78688.6,47711.3 ], 
        [24646.7,73371.3,38572.4,3133.92,59498,58316.8,81951.1,25373.1,42079.1,74740,18196.6,54846,88344.8,57750.5,19604.7,82987,7560.77,33349,27024.1,88432.1,26332.5,4085.34,29385.4,53253.8,65475.4,16705.4,39164.2,31381.3,89441.1,42233.7,88950.8,61392.4,63585,74537.5,57258,36746,57050.5,21194.7,50794.8,30566.3,79620.6,36136.6,20660.2,20530.9,76207.6,63009.3,21619.1,74635.4,23172.6,88555.2,41134.5,9468.5,7897.21,10239.3,8627.48,27743.1,58442.7,85340.7,67125.7,78562.1,52818.1,52845.9,57569.3,30118.1,63415.2,13201,21923.6,14496,80680.7,76935.5 ]
     ];
