/***************************************
* STOCHASTIC OPTIMITZATION
* OPL S2FVPP Data Generator
* by Jordi Mateo Fornes
* Model = S2FVPP; Stochastic (2S) MIP 0-1;
* Representation = Compact Representation;
****************************************/
I = 100;
P = 30;
C = 70;
G = 2;
p = [ 0.01, 0.01 ];
pc = 0.02;
ORCHARDS = { 1, 2, 3, 4, 5, 6, 7, 8, 9, 10, 11, 12, 13, 14, 15, 16, 17, 18, 19, 20, 21, 22, 23, 24, 25, 26, 27, 28, 29, 30 };
CUSTOMERS = { c1, c2, c3, c4, c5, c6, c7, c8, c9, c10, c11, c12, c13, c14, c15, c16, c17, c18, c19, c20, c21, c22, c23, c24, c25, c26, c27, c28, c29, c30, c31, c32, c33, c34, c35, c36, c37, c38, c39, c40, c41, c42, c43, c44, c45, c46, c47, c48, c49, c50, c51, c52, c53, c54, c55, c56, c57, c58, c59, c60, c61, c62, c63, c64, c65, c66, c67, c68, c69, c70 };
CGV = [ 12.3627, 25.4853, 10.2329, 20.683, 21.6957, 11.0756, 12.6637, 23.7192, 29.747, 24.3349, 1.6333, 4.32544, 17.4201, 25.5003, 10.542, 10.3069, 6.75382, 6.70016, 11.987, 21.4619, 7.0354, 11.8772, 18.5623, 13.2509, 13.4674, 27.7698, 8.32329, 29.4574, 27.4332, 21.3173 ]; 
s = [ 2.84972, 2.63639, 2.93451, 0.881518, 0.485698, 0.306994, 0.525129, 0.687612, 1.28742, 1.62071, 1.89602, 2.57658, 2.98629, 1.68668, 1.96442, 1.15665, 2.91276, 1.99352, 2.48752, 0.680003, 0.552075, 2.98777, 0.270194, 1.38969, 0.820449, 1.419, 0.795921, 2.74378, 2.73897, 28.9432 ]; 
CSV = [
        [
          [ 10.3767, 2.06175, 4.93727, 10.6597, 7.1682, 28.5541, 6.48887, 14.4483, 2.80862, 5.76398, 25.5412, 3.168, 25.1239, 3.6633, 15.4171, 2.89752, 22.577, 11.8262, 23.9056, 1.71658, 1.26021, 6.99985, 15.1676, 8.79413, 18.1126, 14.4935, 21.8625, 24.0202, 2.195, 19.3466 ], 
          [ 14.9036, 28.9475, 11.812, 18.674, 19.8831, 2.27812, 29.1529, 28.8301, 13.6619, 19.586, 26.5682, 19.1195, 19.8412, 18.9922, 11.4082, 10.3457, 22.4763, 26.0471, 14.5652, 4.27488, 19.8009, 17.305, 4.61412, 11.7058, 4.55925, 27.0085, 13.9935, 21.6479, 19.8966, 18.473 ], 
          [ 16.3469, 5.88504, 6.0444, 26.8256, 22.1009, 10.2482, 7.72227, 23.7037, 2.45786, 14.2921, 7.18346, 18.3648, 17.7439, 22.9199, 4.62923, 14.0605, 28.3494, 3.84431, 2.55291, 25.3086, 26.1792, 3.60417, 19.7054, 5.88996, 18.654, 7.907, 19.6527, 20.6554, 19.9656, 11.487 ], 
          [ 26.9261, 13.1087, 5.45484, 4.62024, 8.80211, 12.7547, 1.02263, 28.8461, 8.05521, 14.1405, 3.11259, 7.75403, 28.603, 11.4738, 4.89836, 2.20525, 25.055, 19.6329, 23.6675, 22.0058, 10.6909, 9.68031, 5.01829, 4.81232, 28.7728, 9.55049, 5.52247, 18.8435, 10.6878, 19.9334 ], 
          [ 25.0462, 2.03731, 25.698, 23.8865, 29.6098, 21.0144, 12.9206, 14.1034, 16.2762, 19.7486, 23.9019, 29.8347, 21.997, 5.07249, 21.999, 28.8914, 23.0669, 9.67184, 23.0751, 28.9171, 13.0053, 19.6745, 15.6954, 4.58228, 15.3437, 19.0824, 5.04797, 6.04058, 24.9676, 19.2015 ], 
          [ 12.8488, 29.7869, 5.24436, 14.7522, 27.082, 21.7877, 10.0572, 25.0992, 26.0095, 26.6407, 5.53931, 12.0082, 15.6823, 22.2872, 7.72694, 12.1183, 13.2462, 2.43281, 22.9554, 9.36174, 29.0734, 1.85223, 8.83054, 6.68483, 13.9683, 25.6519, 21.2142, 24.5169, 24.8385, 12.2802 ], 
          [ 8.78867, 4.77325, 25.5961, 29.9112, 22.9217, 1.51544, 13.1447, 3.98911, 25.6245, 4.88443, 24.3882, 16.2248, 11.4507, 19.8497, 9.24407, 16.8322, 18.6109, 20.2196, 23.1836, 5.99527, 9.05955, 7.74408, 6.28749, 21.2207, 20.8479, 14.2931, 19.977, 1.67298, 2.51691, 5.36355 ], 
          [ 13.4217, 1.28489, 5.26424, 11.1188, 7.97486, 19.5775, 27.3364, 23.9059, 21.4012, 18.6878, 27.9519, 14.4949, 22.2755, 10.2535, 14.5073, 23.7419, 7.78571, 5.8938, 15.6189, 17.723, 6.46893, 22.0632, 18.0218, 26.454, 23.1318, 21.6377, 10.0099, 28.3162, 5.81467, 12.0024 ], 
          [ 24.7449, 26.1355, 3.05826, 3.37817, 26.2123, 25.7931, 1.12503, 9.96107, 19.5166, 2.06374, 6.25598, 14.7668, 4.93765, 25.4956, 5.49369, 3.82347, 2.30659, 26.0658, 7.80938, 4.58742, 1.13789, 12.4864, 5.84899, 8.14598, 19.3534, 8.72285, 26.9629, 9.50727, 24.548, 9.37245 ], 
          [ 12.6602, 10.9075, 29.6307, 4.66611, 21.237, 9.29681, 1.73924, 5.48762, 18.9566, 22.1272, 8.81768, 6.54801, 25.6651, 14.5349, 27.0895, 13.755, 28.578, 3.05356, 19.746, 9.69474, 28.3532, 16.0076, 23.5397, 9.11918, 14.0626, 1.41297, 22.1235, 9.2957, 17.7252, 9.14041 ], 
          [ 20.2257, 6.81043, 21.7995, 10.7148, 20.6915, 10.9297, 5.3359, 12.9071, 15.7677, 21.6875, 7.89518, 14.3141, 2.35243, 27.2992, 28.338, 3.294, 9.42829, 15.0442, 6.86479, 1.34736, 15.7342, 24.6075, 1.80954, 11.2464, 28.9314, 7.19045, 27.2884, 26.4501, 19.9692, 27.7043 ], 
          [ 22.649, 9.95797, 6.64535, 21.61, 7.11303, 27.5686, 24.8496, 15.3885, 23.5063, 12.5527, 12.6851, 20.8199, 25.886, 5.54307, 20.5084, 25.1222, 6.37345, 25.8512, 27.8588, 23.6133, 13.537, 28.7953, 17.831, 7.62904, 13.0351, 20.1454, 3.12055, 10.106, 5.0302, 7.8368 ], 
          [ 29.5443, 15.3545, 3.35325, 1.65654, 10.6026, 9.27817, 22.3257, 15.9343, 29.0211, 10.2334, 23.237, 8.05267, 15.4884, 17.5436, 13.8379, 26.0921, 18.4777, 8.93901, 17.5147, 13.1908, 22.4133, 6.95136, 10.4659, 1.86949, 13.4294, 14.4382, 21.5682, 26.3192, 10.2806, 26.8291 ], 
          [ 17.5932, 28.9436, 4.70958, 16.162, 26.5922, 18.9781, 8.34668, 15.3699, 18.0455, 11.5167, 2.66683, 3.6827, 5.01135, 22.6508, 10.2052, 27.3548, 9.52971, 18.6695, 4.32191, 20.9608, 10.4213, 26.0102, 10.7542, 29.5791, 9.14979, 21.9827, 28.146, 27.1872, 15.6067, 15.4721 ], 
          [ 9.10459, 22.6976, 15.9587, 6.39158, 15.4844, 25.8819, 28.3857, 17.835, 25.3634, 2.85997, 29.724, 15.2785, 19.5569, 28.2206, 7.50708, 15.4794, 6.45577, 28.8786, 7.15195, 9.65835, 24.5072, 11.2781, 17.8466, 16.9221, 25.1838, 22.4663, 13.7402, 21.6904, 19.9617, 25.5631 ], 
          [ 22.1171, 13.7495, 2.79784, 29.3536, 6.99833, 26.8043, 11.4791, 22.3516, 7.87131, 29.45, 10.3113, 7.19985, 9.90174, 29.8238, 21.6621, 1.46951, 15.8529, 19.2115, 26.4611, 27.282, 5.32568, 24.2859, 27.409, 8.3437, 21.4746, 1.16219, 7.13188, 18.5395, 10.5719, 25.6063 ], 
          [ 21.4244, 2.17888, 27.565, 14.176, 22.746, 28.6424, 15.6196, 11.7889, 14.8944, 26.6944, 26.6871, 9.86016, 18.2794, 21.7446, 4.732, 4.65007, 27.9124, 11.6861, 24.694, 21.1481, 9.54644, 23.521, 10.6942, 27.2101, 1.74649, 11.8133, 16.7147, 2.72484, 21.9363, 21.7034 ], 
          [ 8.07967, 16.0506, 27.6919, 16.6106, 19.3553, 4.78179, 21.4061, 5.88063, 12.8701, 2.89781, 5.0782, 24.0027, 22.9401, 25.4313, 1.96291, 29.9765, 11.7228, 17.7224, 20.3634, 23.091, 1.93044, 6.909, 29.991, 8.03178, 11.0401, 9.1558, 21.0303, 8.33254, 4.40791, 26.649 ], 
          [ 17.951, 4.28887, 23.1907, 8.67866, 3.53448, 23.8923, 16.611, 8.62754, 18.8164, 13.8649, 29.0021, 23.7138, 19.9338, 12.6956, 11.4788, 9.43976, 19.4744, 24.5353, 18.1369, 23.7178, 26.8294, 14.0473, 2.7031, 13.3752, 16.3291, 14.5802, 19.5157, 6.40284, 26.886, 2.07703 ], 
          [ 23.1583, 9.53656, 20.4491, 11.7907, 7.19583, 5.4155, 5.76498, 2.67793, 12.4706, 14.5121, 4.53645, 19.2249, 18.2625, 27.689, 11.0239, 16.4678, 21.5378, 10.7981, 23.2897, 29.6551, 24.7982, 25.9621, 25.0107, 22.4149, 3.30039, 10.1244, 25.409, 22.972, 23.1941, 9.8215 ], 
          [ 24.0829, 6.58998, 3.23679, 17.354, 24.3015, 20.5374, 26.5241, 7.06325, 22.0849, 3.35248, 17.1602, 4.34484, 19.0125, 5.80561, 26.4375, 21.1352, 3.26267, 7.88036, 19.5099, 14.7352, 13.0272, 26.1329, 18.3246, 17.2497, 23.761, 8.26207, 28.8202, 27.7642, 12.1482, 20.187 ], 
          [ 15.3808, 2.26565, 22.3452, 15.7515, 18.393, 13.9799, 10.7308, 6.17646, 9.73849, 18.4578, 22.5448, 15.6852, 3.35886, 28.5898, 2.58264, 5.36201, 24.711, 26.4806, 2.35189, 18.6227, 22.9474, 3.24593, 25.1253, 19.6167, 21.0979, 18.5851, 6.61253, 16.8886, 12.5233, 7.57806 ], 
          [ 17.3605, 26.4473, 11.8915, 12.6414, 6.67843, 8.30364, 28.1198, 18.6145, 17.6152, 14.5438, 25.0624, 9.19718, 18.6942, 25.297, 15.0732, 1.83678, 23.8694, 28.1181, 18.986, 2.21395, 10.2106, 1.85333, 26.4402, 19.8201, 10.8017, 26.3496, 5.74713, 12.4671, 15.7757, 3.82713 ], 
          [ 27.4168, 7.48327, 20.5766, 10.52, 23.8395, 21.405, 15.4621, 2.24516, 1.55566, 22.4465, 11.9198, 28.2661, 4.79399, 11.9356, 10.7246, 19.174, 4.84397, 24.8245, 20.4395, 28.9177, 15.0142, 25.6346, 18.8179, 21.8962, 16.4121, 18.185, 20.2847, 12.4154, 3.74643, 19.5291 ], 
          [ 25.5759, 24.4873, 27.2879, 24.0975, 7.55995, 24.5877, 4.42427, 5.6036, 26.3132, 9.34349, 27.8565, 1.18394, 5.73059, 27.6892, 20.8477, 9.23099, 13.2208, 23.4159, 24.5897, 25.3195, 11.0843, 15.5723, 13.3585, 10.8026, 18.907, 8.43212, 6.42068, 14.7437, 5.47159, 24.8508 ], 
          [ 21.0292, 11.0197, 27.5147, 16.8463, 9.87486, 15.0049, 3.83665, 8.00815, 29.4083, 18.1174, 26.4044, 18.9255, 29.1122, 26.8913, 28.0312, 5.04836, 28.7978, 27.9776, 18.8806, 17.4781, 22.3179, 13.5906, 8.26014, 24.9914, 1.39042, 26.9905, 14.9812, 27.9798, 29.5142, 23.2665 ], 
          [ 22.2594, 5.80254, 5.96692, 20.596, 5.62255, 12.9444, 25.0456, 10.9025, 12.9398, 25.091, 15.864, 23.5653, 3.76647, 22.4247, 2.43789, 27.6619, 11.2636, 18.0705, 16.7927, 8.19284, 19.7139, 1.84688, 11.7511, 29.5171, 24.1268, 14.8687, 19.5934, 6.22994, 1.95417, 10.3135 ], 
          [ 15.737, 24.7438, 17.5104, 22.3388, 29.6833, 16.912, 12.338, 2.99339, 25.7137, 7.46895, 11.3399, 8.863, 18.7521, 22.6343, 5.62867, 19.8416, 15.8729, 14.7808, 9.22922, 2.00789, 20.7832, 25.1223, 23.5397, 7.34567, 21.3017, 11.8771, 6.53515, 1.7689, 25.8043, 4.70685 ], 
          [ 11.0318, 1.83413, 11.1545, 8.73961, 21.3631, 23.2507, 9.53091, 20.531, 12.2632, 15.5458, 19.2411, 7.98222, 28.6129, 23.1365, 28.5748, 21.6932, 17.1453, 23.7466, 24.2923, 19.7448, 18.8135, 27.8002, 12.6682, 4.32487, 3.83589, 1.56132, 20.2129, 21.0947, 12.2199, 11.9966 ], 
          [ 3.3116, 18.8408, 11.8659, 7.1054, 8.64944, 23.2537, 19.6317, 5.32386, 20.1234, 6.42483, 27.926, 25.9035, 4.42062, 16.9512, 17.0661, 22.1821, 19.2792, 28.7661, 18.3258, 22.1102, 21.3734, 28.2779, 13.1607, 12.8397, 17.2177, 5.60704, 17.9863, 1.11175, 14.5303, 14.119 ], 
          [ 18.0008, 2.91441, 9.73461, 10.226, 25.4702, 26.6836, 6.61802, 20.3309, 16.4413, 16.481, 3.53076, 28.4933, 13.8094, 12.474, 20.7595, 3.95478, 18.5361, 7.6165, 7.52818, 27.0608, 19.656, 1.95962, 9.57382, 5.18739, 10.6773, 6.02864, 16.7732, 28.315, 19.2561, 2.24588 ], 
          [ 20.4595, 11.082, 3.04995, 2.37032, 26.4792, 18.3975, 2.61298, 3.6906, 23.7311, 23.1665, 18.2098, 7.099, 14.6654, 15.3007, 23.3504, 10.4842, 9.93444, 8.2122, 9.48505, 16.2441, 16.2434, 21.7738, 22.8666, 18.8364, 3.98755, 24.6236, 4.44535, 10.4984, 29.9916, 1.83726 ], 
          [ 17.0715, 9.89249, 12.6407, 8.73172, 19.746, 20.1569, 17.4071, 9.81473, 18.125, 13.6937, 1.1895, 9.67099, 26.264, 17.7208, 27.33, 28.4903, 28.964, 10.2516, 10.6885, 9.20682, 27.3622, 11.2335, 22.1633, 8.77174, 2.02525, 6.55499, 1.30052, 23.5871, 14.2509, 24.1412 ], 
          [ 27.4855, 23.9671, 7.25905, 7.71894, 16.0302, 16.7678, 3.59635, 17.115, 23.6137, 12.4088, 22.5141, 9.85772, 25.5321, 28.624, 2.84375, 16.7792, 26.899, 24.9283, 9.6627, 20.0455, 24.9313, 16.4025, 12.2131, 20.5114, 17.5053, 17.4762, 12.4012, 17.3257, 16.6334, 2.83519 ], 
          [ 4.27475, 28.6156, 22.4619, 5.27212, 26.8304, 20.5669, 23.2237, 24.8875, 27.4218, 2.02605, 23.3063, 14.9972, 10.2144, 5.51028, 14.9905, 16.994, 18.1256, 20.4135, 7.37652, 5.74208, 21.6681, 16.8894, 4.75415, 12.0376, 10.4378, 6.50534, 4.24083, 15.0577, 3.36623, 5.55633 ], 
          [ 12.8403, 9.46105, 4.66407, 6.21751, 3.33445, 16.1123, 17.3493, 12.5865, 28.2096, 21.9579, 5.31296, 18.9775, 21.8184, 15.8248, 18.8934, 26.5703, 21.1068, 1.45032, 24.019, 20.4243, 2.07336, 2.08949, 8.25777, 25.5665, 26.0005, 23.4425, 20.5758, 9.66215, 5.292, 17.0746 ], 
          [ 11.4261, 25.3783, 4.74369, 20.9198, 7.99603, 26.7339, 6.59378, 18.1715, 18.5879, 25.2014, 8.61292, 20.1651, 23.6718, 3.75798, 16.5661, 10.7351, 19.0396, 3.02504, 11.4655, 27.483, 20.0943, 16.795, 5.53668, 14.2087, 27.6443, 17.876, 23.4743, 25.0062, 16.9513, 25.324 ], 
          [ 7.93084, 20.2995, 9.03309, 2.47962, 13.2736, 27.5511, 21.7647, 11.5882, 27.3543, 14.2919, 14.5676, 23.6237, 3.05358, 19.4939, 20.9669, 6.57965, 1.75206, 14.6198, 7.10062, 28.9235, 8.75833, 6.76216, 26.5488, 26.1741, 19.3013, 23.8182, 16.6488, 15.245, 1.29212, 12.6332 ], 
          [ 12.9307, 6.83299, 23.191, 15.7656, 7.1931, 16.6522, 20.5091, 9.68927, 22.0888, 17.0625, 6.07013, 24.1564, 22.0288, 28.2991, 11.7607, 16.4668, 1.17585, 27.5071, 22.0286, 16.9831, 7.89455, 16.4173, 14.9886, 14.007, 21.8578, 23.2201, 6.01042, 5.8507, 4.77629, 29.6697 ], 
          [ 13.4318, 20.5244, 13.5899, 29.2158, 4.09275, 5.88945, 28.0726, 18.212, 4.26852, 26.275, 14.6538, 6.3664, 6.61315, 2.81269, 3.22523, 2.84156, 13.3412, 21.7143, 24.0849, 19.005, 11.7572, 27.0216, 7.43026, 21.2456, 29.4658, 2.35311, 6.62649, 29.0669, 2.57757, 29.1111 ], 
          [ 26.9984, 3.99983, 3.71846, 25.6393, 5.68041, 8.54892, 25.7815, 26.1147, 6.40973, 4.43729, 7.39156, 27.5535, 20.7668, 15.405, 18.8416, 14.2959, 15.466, 1.21946, 27.2229, 18.2611, 7.04377, 15.2074, 20.4933, 18.6299, 29.097, 19.9463, 14.6655, 1.88034, 18.5667, 6.98949 ], 
          [ 27.8834, 29.7445, 28.3527, 24.7513, 15.5439, 17.9007, 11.0252, 27.762, 26.358, 21.8211, 2.70844, 26.202, 14.1046, 9.86347, 18.3037, 15.1554, 22.2598, 21.2535, 9.56065, 1.29471, 4.82451, 29.2293, 5.89018, 9.07732, 9.35424, 10.9036, 28.0548, 26.0108, 1.8137, 19.2534 ], 
          [ 3.0358, 27.2011, 29.7908, 21.3375, 3.4788, 12.0885, 22.0674, 6.55766, 28.7849, 12.7647, 28.2305, 27.5963, 5.88218, 3.7072, 4.16462, 5.44808, 10.6704, 17.2966, 14.7089, 28.1847, 6.63876, 11.2661, 14.0427, 10.8359, 21.2402, 8.6878, 22.3768, 1.73094, 18.831, 2.07571 ], 
          [ 22.9913, 29.2323, 3.33335, 25.0687, 18.6174, 1.08079, 2.64827, 11.2624, 12.9949, 4.35375, 3.98947, 24.2096, 18.7328, 5.47517, 28.3996, 22.5256, 7.73109, 13.5847, 10.3702, 18.7113, 11.4696, 24.2793, 19.9326, 26.8681, 4.01559, 2.2364, 4.38746, 25.2091, 1.18192, 6.77047 ], 
          [ 15.095, 3.84102, 28.6257, 15.5743, 23.4049, 15.9715, 14.0777, 22.6792, 11.8253, 6.521, 15.2466, 22.3484, 28.0114, 22.6185, 14.8506, 8.5078, 28.926, 7.39501, 11.2799, 14.9604, 25.4303, 9.16495, 19.5749, 23.343, 22.7904, 23.6025, 2.44779, 29.0556, 6.16765, 4.92656 ], 
          [ 27.1536, 19.4093, 13.4338, 9.74431, 12.1711, 12.5698, 12.407, 1.12738, 25.214, 7.81061, 16.7334, 18.9028, 16.2078, 28.6528, 15.1477, 15.3196, 28.1183, 29.4094, 19.1941, 1.81848, 14.6006, 29.2751, 20.1257, 18.4428, 3.4586, 24.6798, 5.41902, 4.93036, 15.759, 13.9165 ], 
          [ 16.275, 4.6844, 8.76218, 6.36233, 24.9092, 28.9588, 3.22804, 4.80135, 22.9967, 17.0134, 6.15239, 5.97991, 10.7288, 10.1737, 28.2879, 14.3321, 25.5323, 25.5027, 4.34878, 2.11875, 29.2137, 21.1937, 13.8358, 2.29948, 23.886, 6.20382, 6.17973, 15.4524, 18.4904, 18.913 ], 
          [ 6.76477, 7.95133, 26.1936, 23.6751, 25.2093, 25.3678, 7.81095, 16.5785, 20.804, 22.3559, 21.2325, 17.3934, 20.2892, 15.0669, 27.5345, 17.8902, 13.4383, 13.3836, 11.6065, 4.75021, 3.32773, 13.3838, 10.0019, 25.6621, 10.4658, 28.1951, 20.1161, 5.33979, 29.7405, 5.04021 ], 
          [ 11.7035, 14.8138, 10.0128, 18.8867, 19.3877, 15.8866, 18.3147, 2.27674, 22.2393, 25.9715, 16.554, 14.3844, 29.4974, 20.7236, 6.20614, 14.6453, 7.25071, 8.4247, 25.0253, 28.5031, 15.4, 25.6995, 4.94802, 12.1348, 1.75877, 2.9516, 15.0281, 16.8812, 1.6844, 12.5007 ], 
          [ 8.95331, 7.93061, 24.0713, 17.5251, 8.54225, 9.68885, 26.9762, 8.23834, 24.9521, 9.50396, 25.6322, 2.26047, 13.5681, 11.7809, 23.1153, 9.13364, 15.0134, 12.6725, 25.5321, 2.38002, 2.03958, 28.364, 23.8365, 17.628, 23.6506, 20.3164, 5.75482, 4.83466, 28.4333, 22.9541 ], 
          [ 11.8446, 4.77857, 9.40283, 4.00913, 8.7367, 8.21253, 5.00667, 13.7625, 26.5309, 6.31911, 24.4081, 19.308, 8.38159, 12.4292, 13.3665, 13.2953, 29.6632, 9.87984, 8.57603, 25.5563, 20.9771, 19.8528, 6.42423, 18.6708, 4.55967, 10.7226, 28.4827, 3.42349, 10.3789, 5.5197 ], 
          [ 4.79946, 20.9714, 18.9168, 24.733, 18.9989, 12.6906, 7.74381, 17.5478, 21.9855, 5.52546, 14.573, 17.9508, 10.0655, 4.90767, 19.7758, 4.82969, 27.4444, 18.4193, 21.2064, 1.16069, 4.59342, 19.4299, 26.6087, 1.91257, 14.6425, 16.2911, 29.8349, 1.4401, 28.1315, 22.0044 ], 
          [ 17.6858, 23.4234, 23.6411, 3.04509, 29.448, 3.11694, 3.57445, 8.50021, 17.0057, 17.0813, 17.2888, 29.5132, 21.4132, 27.9845, 22.3385, 28.9464, 12.7111, 23.5549, 11.8467, 8.23195, 24.6388, 10.3571, 2.6491, 19.6333, 3.11891, 29.7311, 21.8172, 1.27401, 8.46183, 25.5726 ], 
          [ 1.20259, 12.6927, 9.08079, 18.1599, 6.61008, 15.8117, 10.6102, 6.91723, 25.6584, 5.80475, 11.3598, 26.8118, 16.8297, 13.7548, 9.73438, 2.14576, 18.9516, 10.334, 6.95228, 15.7218, 5.2973, 21.7233, 2.16298, 28.5144, 20.6284, 26.081, 12.608, 25.813, 26.3801, 7.45502 ], 
          [ 29.6176, 11.5968, 22.8061, 16.3472, 24.824, 24.7136, 12.9977, 22.08, 15.344, 8.61223, 6.02291, 21.0433, 26.0538, 19.1524, 10.3058, 5.90474, 11.7101, 24.6534, 25.6275, 21.0722, 23.486, 4.74738, 15.4071, 13.8202, 1.78411, 13.9929, 24.9549, 7.59296, 8.99432, 27.962 ], 
          [ 13.639, 26.3068, 13.6159, 4.65894, 29.5693, 26.9389, 20.8094, 9.11467, 28.2616, 15.319, 17.8697, 5.20567, 1.90637, 17.5824, 26.4107, 9.60022, 14.8062, 28.1764, 6.56802, 1.40027, 8.9891, 16.7818, 15.1742, 27.366, 19.4154, 18.044, 3.10255, 4.03882, 16.0874, 23.4409 ], 
          [ 10.2929, 29.5119, 13.7831, 19.2974, 7.84649, 23.1598, 22.6616, 19.304, 21.3346, 24.8564, 15.8736, 22.7798, 13.5603, 6.80189, 13.81, 7.92316, 10.6479, 19.6834, 4.64394, 7.25354, 21.3847, 7.74666, 24.5161, 8.16336, 6.25367, 23.8774, 25.9144, 25.9802, 19.411, 4.65742 ], 
          [ 22.2691, 12.8222, 23.4202, 8.73039, 29.2238, 7.10428, 19.5662, 23.7654, 19.2601, 11.6245, 24.0156, 14.8427, 22.7033, 28.6851, 20.8883, 15.5504, 29.813, 22.8686, 25.5772, 15.9374, 2.95536, 16.3527, 20.3949, 25.1408, 21.1616, 23.1659, 6.20314, 29.1856, 13.3463, 18.731 ], 
          [ 1.76622, 28.091, 7.17773, 13.0708, 11.5274, 9.22109, 13.2532, 14.7836, 20.1182, 15.673, 14.7797, 11.1507, 2.67871, 24.7324, 25.6071, 8.97965, 11.1403, 13.6664, 11.4894, 8.01822, 9.54021, 11.2633, 23.2292, 6.78757, 3.51005, 7.53484, 6.83175, 9.3269, 4.64606, 9.377 ], 
          [ 23.6965, 13.8943, 22.2054, 12.7963, 8.67633, 7.79271, 25.7269, 22.2557, 5.07216, 28.4577, 25.2941, 4.38191, 20.0794, 24.0119, 14.7819, 7.28238, 8.44705, 6.59537, 10.8374, 12.022, 10.5483, 27.3055, 29.9621, 5.2737, 19.9499, 5.67651, 2.64035, 15.4909, 2.90309, 1.65952 ], 
          [ 6.51356, 24.8114, 4.28572, 19.3601, 15.6333, 19.7778, 19.4011, 10.9437, 10.7468, 1.14314, 22.0337, 16.8818, 22.6356, 4.4749, 14.4743, 11.7159, 11.9521, 18.536, 10.4486, 14.3941, 11.3617, 28.994, 14.8928, 2.57, 10.3526, 25.409, 22.796, 13.1363, 18.764, 22.2278 ], 
          [ 17.9035, 9.22655, 8.10921, 7.55494, 4.51116, 23.9201, 3.51839, 11.8783, 6.30022, 18.7639, 8.13419, 21.9915, 23.5107, 25.1474, 22.6063, 18.743, 9.44086, 2.47058, 9.71884, 8.84596, 4.3398, 8.65159, 2.01066, 15.5728, 27.0642, 29.9793, 1.65913, 15.9359, 6.15647, 25.0587 ], 
          [ 9.94278, 28.6505, 7.05044, 9.27426, 22.6102, 5.13498, 2.39036, 4.59749, 12.6683, 15.5002, 2.37316, 25.5261, 28.8907, 7.93141, 4.18342, 21.7813, 6.73576, 9.02867, 27.668, 3.82048, 22.4704, 13.952, 28.9742, 11.9494, 26.3818, 26.0512, 23.9229, 28.5671, 17.2867, 11.9944 ], 
          [ 18.6091, 27.51, 11.3545, 23.5546, 21.222, 3.83696, 3.0916, 16.3025, 10.8396, 13.2936, 28.9153, 11.7548, 13.2664, 28.4518, 15.7128, 12.0977, 22.2994, 23.8201, 1.25311, 2.36068, 6.07528, 14.4756, 22.7633, 26.257, 8.55582, 26.321, 11.2082, 6.0519, 11.1176, 12.8662 ], 
          [ 16.9893, 10.3205, 1.14799, 23.5379, 24.2972, 29.3617, 22.0225, 26.4981, 15.1371, 18.081, 4.81538, 18.6159, 20.8702, 19.4818, 26.4097, 4.47587, 18.4548, 17.0397, 18.6803, 22.6012, 23.0916, 20.4124, 8.5577, 5.867, 20.6077, 10.7352, 19.9958, 2.98372, 26.4692, 20.1588 ], 
          [ 12.7603, 23.8546, 27.655, 15.8494, 20.1106, 11.0389, 29.2048, 26.6717, 1.56785, 9.07072, 28.3278, 17.8062, 4.27091, 5.63896, 5.89198, 13.346, 15.5248, 7.23977, 9.66278, 24.8218, 7.40332, 9.52633, 17.2853, 20.4707, 18.0303, 23.9585, 26.7382, 18.0554, 4.49012, 13.6432 ], 
          [ 10.3523, 28.7588, 15.3012, 3.94486, 24.6509, 28.6628, 8.75532, 12.6555, 23.8789, 15.759, 8.97335, 21.9978, 28.4305, 8.50732, 16.2327, 1.16958, 6.77919, 20.4421, 21.7033, 28.3174, 23.8463, 12.1245, 7.83248, 17.3615, 9.58128, 15.9502, 27.0846, 12.7199, 22.8894, 24.9018 ], 
          [ 6.36401, 24.4878, 14.1662, 12.8905, 4.28315, 7.02719, 22.8866, 18.4724, 17.7843, 27.4729, 24.8455, 18.3609, 14.2039, 15.9809, 24.9146, 7.19202, 25.7293, 3.4286, 22.8, 10.9459, 16.1398, 7.35892, 4.24092, 17.6921, 7.32443, 24.7182, 20.4862, 25.9589, 3.04046, 10.6926 ], 
          [ 11.9795, 13.6927, 11.0868, 29.8465, 24.2575, 10.5805, 6.16793, 14.0292, 29.4622, 18.7445, 7.63042, 4.30751, 16.5827, 10.7051, 13.3398, 26.0386, 15.5547, 6.68656, 3.12544, 24.7467, 23.8128, 17.4684, 4.50476, 24.2318, 21.4785, 28.0587, 8.60276, 6.92738, 23.7284, 14.6798 ], 
          [ 14.4527, 19.9591, 14.1182, 2.6302, 16.9219, 14.7849, 13.7899, 6.56438, 18.8702, 18.7756, 25.2557, 15.0199, 2.25695, 21.4323, 1.08455, 5.44428, 17.6154, 9.5428, 19.6202, 18.0824, 19.3836, 11.9663, 11.9164, 19.8577, 16.7705, 26.0007, 6.7264, 5.41194, 23.0627, 2.44672 ]
        ], 
        [
          [ 8.04416, 26.4658, 9.06985, 19.6248, 2.24426, 6.24679, 5.19197, 10.3452, 21.1968, 24.2079, 14.9115, 8.18141, 28.5563, 16.2461, 27.9881, 25.6197, 2.6637, 11.1444, 21.1146, 22.3181, 14.8472, 28.968, 4.82619, 24.3029, 7.44463, 2.05113, 6.23728, 25.3563, 28.0173, 5.17017 ], 
          [ 18.2172, 22.1562, 13.5253, 29.4568, 9.73776, 21.3683, 16.1444, 1.19106, 9.24582, 11.4314, 20.226, 12.8487, 23.1918, 13.4439, 12.3855, 29.5304, 29.3332, 10.0081, 23.2819, 6.20816, 29.4181, 22.6978, 2.0485, 20.6173, 6.1405, 14.7013, 10.7815, 10.8635, 11.5012, 4.48382 ], 
          [ 7.82622, 26.48, 22.7271, 12.5984, 11.1833, 21.4164, 19.2827, 12.86, 13.6862, 19.7551, 18.6616, 14.0624, 9.26066, 1.89672, 22.4093, 25.7555, 14.1077, 23.5766, 28.8635, 2.26263, 13.2976, 17.8511, 4.52739, 24.1411, 27.265, 10.928, 22.3011, 3.84588, 8.80442, 8.15899 ], 
          [ 4.53763, 20.7843, 7.28211, 5.82969, 10.8609, 19.7933, 15.377, 17.0413, 15.1409, 5.65859, 5.32003, 8.70116, 28.5701, 16.9316, 19.5322, 1.2392, 20.3862, 20.0812, 25.7559, 2.22065, 7.53235, 11.4092, 9.30683, 25.8528, 25.8053, 5.97498, 6.55482, 23.0713, 16.4271, 22.7931 ], 
          [ 5.98753, 8.90215, 26.4783, 17.9079, 27.8184, 12.7864, 1.53308, 22.2343, 2.6255, 3.14588, 7.23968, 11.9415, 8.62448, 8.2929, 28.499, 9.08115, 9.43337, 22.8296, 6.14789, 24.6485, 3.559, 7.6357, 2.45096, 6.06797, 25.0819, 10.5819, 13.253, 13.3193, 13.6639, 7.96497 ], 
          [ 8.62961, 11.3158, 28.1888, 22.1497, 16.6945, 18.1729, 20.4577, 17.809, 14.3189, 2.78425, 8.73083, 28.4077, 2.5834, 3.77144, 3.19672, 7.44086, 11.1425, 19.6236, 8.19339, 4.17743, 15.1345, 6.46382, 4.31074, 8.88796, 15.9653, 4.56056, 24.3588, 26.4831, 1.96732, 29.5353 ], 
          [ 26.2508, 27.888, 10.8329, 16.0472, 13.4433, 4.7976, 15.7611, 9.25256, 22.0911, 15.0967, 28.9171, 2.29265, 11.0653, 22.728, 3.48763, 21.7075, 15.9461, 13.8261, 13.6179, 12.6036, 16.5793, 9.08415, 21.812, 6.83903, 18.0911, 1.62711, 8.61066, 21.5151, 10.9704, 23.3858 ], 
          [ 20.2722, 16.2096, 29.4643, 26.3454, 17.1913, 15.4586, 16.6745, 5.1435, 21.9398, 15.3169, 4.41402, 4.39016, 22.3981, 26.5779, 9.71605, 13.7996, 29.0439, 5.47467, 4.60543, 27.2605, 16.3685, 15.0429, 20.1818, 9.89938, 8.67531, 10.1723, 2.69951, 24.2384, 24.3039, 22.34 ], 
          [ 3.51809, 4.03571, 21.0444, 15.4899, 23.3424, 18.599, 7.18734, 9.62004, 26.2605, 21.4274, 10.4699, 1.28196, 20.7209, 27.818, 14.3482, 4.81236, 14.809, 22.5424, 23.3506, 27.9725, 5.0281, 27.5677, 27.8226, 4.7794, 27.8369, 6.33158, 3.48591, 3.27817, 4.4459, 8.98566 ], 
          [ 14.3199, 7.12669, 17.0088, 21.9851, 20.9042, 16.7327, 19.0357, 17.7616, 28.4924, 24.2601, 26.7126, 2.16426, 16.1799, 18.5113, 26.1889, 8.39223, 10.096, 6.45494, 7.91989, 15.0977, 18.823, 21.7957, 15.7394, 3.0492, 23.6435, 5.55341, 15.8453, 15.9327, 17.7004, 24.2419 ], 
          [ 14.238, 12.4899, 18.8222, 21.855, 21.3818, 20.5925, 2.97462, 12.0004, 18.8967, 1.07173, 4.16811, 22.9108, 26.981, 1.50909, 25.9226, 28.6418, 14.8399, 2.7791, 25.8241, 12.2759, 10.5244, 27.4406, 29.6578, 11.319, 16.7302, 28.8892, 22.0429, 24.4063, 27.4356, 13.0322 ], 
          [ 13.9891, 11.5324, 12.1396, 25.9291, 5.54691, 20.0886, 28.8051, 28.6898, 17.687, 20.9514, 15.3609, 26.0352, 19.6879, 19.4395, 24.135, 24.8681, 19.1274, 2.1477, 21.319, 16.7073, 23.7526, 24.8675, 15.7632, 19.3735, 7.75757, 18.3702, 18.8185, 8.07246, 24.8418, 6.22208 ], 
          [ 1.5209, 16.6024, 17.9583, 11.0319, 23.3094, 29.5667, 18.3453, 18.2797, 9.24965, 8.80448, 5.14999, 3.02776, 19.6193, 21.216, 8.78088, 1.84989, 4.29569, 25.2126, 22.0365, 6.80895, 22.5966, 11.3404, 9.76963, 21.2121, 4.89799, 2.04803, 21.3935, 21.3063, 11.5595, 18.1684 ], 
          [ 17.9015, 11.7823, 1.33558, 15.5402, 3.52945, 15.6932, 15.0074, 10.1932, 14.2627, 11.9336, 10.5298, 11.4171, 2.01478, 19.6146, 28.7001, 4.8213, 25.4196, 21.1086, 2.59556, 29.827, 17.556, 8.77905, 27.6952, 11.6365, 19.0825, 21.6146, 21.3181, 18.4856, 7.33576, 4.31214 ], 
          [ 27.1193, 20.8627, 24.3312, 23.4938, 27.9122, 15.5431, 10.1086, 7.85433, 25.0346, 12.6957, 4.97182, 10.0157, 8.10184, 27.1466, 9.33182, 1.86121, 3.5523, 23.7281, 14.88, 29.1191, 4.51788, 27.4296, 14.353, 19.5555, 18.7379, 11.9353, 28.3849, 20.5903, 17.169, 3.58322 ], 
          [ 29.7199, 21.7533, 21.795, 16.8202, 19.8953, 27.3658, 4.54236, 16.8173, 19.2472, 5.12931, 22.5884, 17.628, 13.0278, 2.25612, 26.3947, 11.6491, 9.30486, 13.0195, 1.33814, 17.2104, 17.8608, 18.7019, 10.2568, 27.7544, 19.0286, 5.6692, 2.85612, 8.29945, 22.8442, 6.40213 ], 
          [ 24.7572, 28.0518, 21.226, 10.6772, 5.03704, 12.0857, 27.3385, 2.23461, 18.5568, 27.597, 21.6972, 12.1227, 14.2565, 25.1226, 25.7443, 14.3459, 5.01923, 24.6662, 5.56824, 18.1073, 4.72022, 28.5782, 23.8022, 20.4911, 26.1822, 14.1394, 15.0826, 24.1582, 22.2261, 18.8147 ], 
          [ 5.00973, 4.29596, 8.20266, 1.61725, 14.8861, 13.5678, 26.7505, 7.5808, 10.0491, 23.8167, 2.11227, 26.5834, 18.0615, 22.6397, 24.264, 7.71793, 20.9998, 23.7173, 1.84051, 12.9746, 15.4546, 3.41056, 7.82903, 10.8836, 14.2851, 26.9469, 23.312, 2.70959, 5.44347, 28.0198 ], 
          [ 22.6277, 13.5114, 20.5433, 9.96121, 29.9309, 20.7913, 18.9363, 20.8417, 9.25633, 26.0057, 19.5873, 19.6349, 16.5814, 23.2365, 4.77832, 23.2631, 17.5895, 23.4099, 24.6658, 23.8844, 27.7331, 9.21784, 27.7761, 8.96036, 11.3759, 11.9422, 12.7643, 25.3418, 4.04276, 9.40282 ], 
          [ 4.58879, 9.27614, 27.6691, 13.0453, 27.4068, 16.5717, 9.40401, 26.9393, 29.1547, 2.65359, 23.4695, 20.8758, 19.2439, 10.557, 14.5367, 23.865, 14.0266, 13.3355, 20.9607, 6.2501, 7.96767, 18.3256, 17.3457, 19.9126, 4.50138, 26.3801, 26.684, 24.502, 24.9351, 15.0056 ], 
          [ 7.67357, 21.5492, 20.7012, 5.58311, 18.4842, 17.3479, 4.23141, 29.028, 7.96086, 25.1422, 3.86229, 4.92162, 26.9757, 24.8779, 28.7508, 3.45664, 17.6062, 12.445, 28.1452, 17.3593, 19.1084, 25.7011, 13.0529, 24.4562, 7.52622, 4.08374, 19.694, 9.14341, 13.4052, 2.45166 ], 
          [ 5.60677, 27.1303, 16.2527, 6.48444, 1.77283, 29.591, 2.16111, 11.7496, 1.24894, 13.5074, 3.77149, 2.89377, 3.93301, 26.8916, 6.76768, 5.11778, 16.1533, 26.7325, 20.2038, 18.3926, 20.0458, 13.0767, 18.6332, 28.3811, 12.8112, 27.1837, 11.8448, 1.01677, 12.7496, 2.68065 ], 
          [ 22.8669, 2.73277, 11.3332, 24.0337, 22.3651, 19.8479, 12.8614, 10.6174, 2.71169, 23.0775, 14.2629, 17.9482, 17.2046, 26.5207, 16.6547, 2.9957, 16.7037, 2.46612, 26.0034, 17.2733, 10.8003, 10.6783, 24.3104, 3.75546, 19.6322, 18.5207, 19.2182, 28.666, 18.0825, 23.0413 ], 
          [ 25.3007, 10.8704, 25.9076, 18.6516, 10.6493, 15.6667, 1.30818, 7.78668, 2.7086, 26.8553, 10.5555, 11.6163, 27.1236, 4.74578, 12.2952, 25.9699, 24.9413, 7.84289, 9.14514, 3.07132, 21.6283, 26.7162, 8.4291, 27.517, 7.87094, 25.0146, 18.8346, 3.7195, 24.6504, 10.2507 ], 
          [ 2.97797, 11.9186, 27.1212, 2.68105, 5.73466, 2.48969, 1.18074, 21.8402, 8.14416, 9.04305, 4.81498, 11.6713, 20.713, 25.4198, 7.76721, 20.9358, 9.3989, 28.9956, 15.4447, 24.9598, 5.13645, 28.5675, 22.4832, 12.2808, 4.37392, 15.3643, 13.4456, 4.69229, 6.46402, 9.18142 ], 
          [ 24.5351, 26.6603, 6.37801, 12.5838, 5.60764, 29.4387, 29.3757, 6.63145, 16.4503, 23.0185, 17.2695, 11.0379, 14.1389, 13.3595, 13.4823, 4.23676, 3.3559, 13.0261, 7.00566, 1.19632, 1.81114, 6.69368, 14.4513, 14.3608, 27.7186, 26.0246, 8.56169, 16.7986, 3.88562, 19.0738 ], 
          [ 22.3645, 29.5995, 4.19051, 22.6866, 23.8235, 2.67723, 4.56695, 27.9424, 14.1202, 26.8165, 19.1566, 12.185, 20.763, 6.31516, 26.0235, 6.01899, 7.75774, 6.88937, 5.0147, 9.43699, 20.6888, 1.02241, 13.5195, 15.1529, 7.21539, 3.29226, 19.5708, 4.7585, 18.1933, 14.9387 ], 
          [ 12.6509, 29.0081, 20.3266, 29.9374, 7.4375, 22.7842, 19.3269, 17.2862, 29.2544, 25.8886, 27.6624, 28.4219, 18.5938, 19.0454, 21.1281, 17.2375, 17.4043, 4.10025, 8.20117, 11.4497, 4.70762, 17.2618, 27.0306, 1.37638, 4.01415, 10.3952, 3.83572, 28.7088, 4.32811, 19.4923 ], 
          [ 3.14098, 19.3365, 3.99368, 29.4144, 21.4876, 26.3874, 24.2004, 15.3158, 5.64512, 5.7089, 16.0084, 15.151, 23.6842, 26.7467, 18.2505, 25.0473, 21.4704, 3.78793, 4.92656, 11.6231, 11.8006, 14.7927, 11.6495, 22.9361, 22.6986, 4.98741, 20.0598, 17.2214, 7.01779, 12.0089 ], 
          [ 2.01831, 17.1371, 13.5104, 17.0818, 7.55806, 17.4478, 15.619, 2.83661, 26.0585, 17.2473, 22.0746, 28.2932, 23.5003, 25.3871, 25.0254, 22.2139, 13.5611, 17.9342, 1.34234, 16.6557, 18.1224, 27.6347, 15.7632, 10.9832, 1.3462, 23.3861, 5.84143, 29.3423, 3.26216, 8.52587 ], 
          [ 12.1855, 11.2428, 24.4501, 29.453, 3.19875, 24.7582, 10.9989, 18.8019, 3.52217, 23.8049, 19.6105, 15.3055, 14.0167, 14.0128, 24.1129, 21.4104, 4.34177, 8.52428, 25.1685, 21.4894, 2.20037, 26.1816, 16.1356, 28.9461, 27.141, 25.836, 12.2423, 22.1784, 5.21543, 21.5683 ], 
          [ 22.7859, 7.63764, 1.6487, 10.925, 26.1642, 6.06107, 12.1161, 8.15084, 1.51239, 24.2287, 28.698, 9.27297, 20.2307, 7.8593, 10.3669, 29.7579, 29.5821, 8.41097, 4.71633, 20.8454, 5.97071, 16.2663, 7.24322, 14.5332, 25.5759, 22.194, 18.0201, 14.5099, 18.2057, 25.0884 ], 
          [ 8.2636, 23.8955, 27.4912, 27.7352, 24.8162, 20.6916, 17.2373, 3.67979, 7.5274, 3.71815, 14.1989, 20.1228, 5.72587, 11.2126, 13.5129, 20.2388, 5.77997, 28.0526, 20.7286, 23.4106, 27.9285, 6.09847, 29.3398, 10.3542, 15.3988, 24.7443, 24.7716, 8.88272, 19.8875, 14.9191 ], 
          [ 11.228, 14.2668, 6.9809, 25.9111, 16.3864, 23.8324, 1.76414, 13.5204, 8.26465, 17.5498, 6.46375, 12.7772, 22.9694, 12.6654, 29.9382, 23.3224, 27.0711, 4.55783, 23.7788, 1.94551, 1.53924, 9.4181, 15.7902, 17.607, 3.90934, 25.5826, 27.3818, 3.85422, 26.3452, 16.6134 ], 
          [ 13.0916, 19.8311, 4.85105, 28.1537, 11.2852, 3.50435, 6.23144, 23.9738, 22.0355, 5.81213, 25.8927, 24.5386, 6.97039, 8.54006, 14.8879, 18.7182, 23.3822, 10.8178, 8.67861, 14.9184, 21.7623, 7.25557, 4.41604, 20.4629, 15.253, 6.19953, 27.8947, 16.3889, 16.6342, 9.7048 ], 
          [ 14.0432, 8.699, 2.04775, 29.6203, 12.2574, 10.64, 22.4551, 17.1779, 11.1657, 16.6849, 16.1716, 20.3655, 10.8379, 28.4999, 23.5583, 23.9536, 12.5311, 25.2709, 8.46, 18.5026, 8.26862, 14.0648, 24.6442, 12.6809, 8.42945, 5.36635, 19.2668, 4.69885, 7.85879, 3.56466 ], 
          [ 4.1021, 5.21803, 4.02403, 9.69786, 6.00597, 4.08016, 15.8631, 12.4029, 9.7178, 28.4896, 21.327, 8.87469, 21.7438, 1.43565, 15.8796, 4.94603, 22.9502, 7.90635, 5.57039, 2.05952, 12.6664, 19.346, 19.1686, 14.775, 10.9502, 1.7111, 11.1613, 15.6093, 11.2367, 17.4013 ], 
          [ 7.87175, 21.695, 7.5408, 18.0442, 19.8706, 22.2641, 10.9016, 27.2304, 16.5206, 13.8572, 11.2776, 27.9256, 20.0629, 5.93597, 8.36113, 27.0642, 29.0168, 18.9017, 3.35524, 16.8983, 27.7764, 2.47627, 22.0832, 20.3885, 17.5566, 27.3272, 25.1752, 13.4943, 4.51356, 18.5978 ], 
          [ 18.3663, 10.6983, 23.3967, 23.5291, 17.2274, 4.5186, 24.2723, 1.23807, 13.0464, 20.3046, 29.3609, 16.1254, 11.3258, 23.3685, 9.29878, 29.6948, 4.45558, 2.99946, 13.8962, 21.7061, 21.1612, 23.0095, 16.1278, 27.6656, 5.11135, 10.3227, 1.98148, 2.28063, 20.1813, 15.0099 ], 
          [ 24.6488, 4.43196, 3.53934, 21.355, 14.8879, 26.4689, 16.2215, 15.9404, 8.34437, 16.3324, 9.49989, 5.05659, 7.31718, 11.7611, 12.6126, 2.21505, 22.1514, 16.6305, 21.7082, 13.0056, 13.7102, 13.9095, 4.08025, 22.9018, 13.0402, 1.42013, 16.4067, 14.5205, 5.1552, 24.9414 ], 
          [ 5.95699, 19.3991, 29.04, 23.4207, 12.5037, 29.6923, 20.8351, 16.7961, 4.84444, 10.4882, 8.74728, 20.2867, 22.94, 8.89461, 22.2017, 21.6609, 26.2249, 8.09496, 1.43164, 20.3779, 13.303, 27.1046, 10.3048, 4.30743, 6.20297, 12.1201, 18.8257, 11.4362, 6.83006, 27.9749 ], 
          [ 13.2107, 10.5356, 13.9742, 19.1267, 5.39026, 11.3565, 3.85996, 12.2587, 26.1915, 6.82666, 27.0797, 25.7638, 16.6477, 23.7679, 5.56215, 16.526, 7.54937, 18.3438, 27.4417, 23.3966, 11.628, 14.6092, 13.2422, 8.33715, 22.9065, 15.4324, 11.0954, 27.6106, 16.6719, 14.0861 ], 
          [ 13.8299, 15.9341, 20.8048, 12.0122, 5.7665, 19.7137, 26.9741, 12.5902, 17.3756, 6.91319, 14.949, 4.73836, 10.5923, 7.0623, 17.298, 1.65148, 8.44057, 20.7856, 9.88303, 29.7306, 13.6489, 2.37904, 1.11807, 25.7439, 12.944, 23.3562, 6.78288, 16.3101, 26.2317, 24.0452 ], 
          [ 26.0687, 19.8514, 7.53264, 7.47053, 18.0096, 7.66017, 5.20743, 16.3796, 25.8665, 23.01, 7.8286, 29.0844, 11.472, 7.59852, 29.8006, 16.2822, 10.1238, 2.43295, 5.09536, 3.17022, 9.06531, 15.1844, 4.64408, 12.8454, 27.4865, 10.7895, 15.7546, 3.12521, 5.63093, 10.4997 ], 
          [ 14.4321, 27.7975, 6.02031, 4.57372, 6.40709, 14.5845, 16.9282, 28.7908, 1.12582, 6.28405, 18.8949, 4.50303, 5.05682, 11.2199, 17.4384, 9.95658, 22.0651, 3.907, 9.88614, 1.25101, 28.849, 23.333, 14.4334, 22.1451, 28.7988, 10.3051, 26.562, 29.9299, 19.8653, 2.68993 ], 
          [ 5.98546, 26.1483, 24.3799, 1.18319, 28.838, 26.1432, 4.04293, 18.2849, 22.8583, 23.6534, 17.9927, 29.3827, 23.2096, 15.6483, 14.0061, 6.5189, 12.9163, 18.8764, 19.7972, 16.5646, 15.2661, 11.6697, 21.7732, 11.1982, 20.1596, 1.89222, 7.2554, 5.95989, 1.93223, 11.9034 ], 
          [ 11.2425, 29.6795, 28.9054, 28.4616, 3.27042, 27.03, 16.9836, 29.1841, 16.6281, 19.7333, 25.9939, 3.83737, 27.0581, 21.5853, 15.1026, 28.7274, 18.4613, 22.1837, 15.1193, 8.34275, 23.3544, 14.3055, 27.5312, 27.0963, 29.3724, 14.191, 4.07368, 27.4834, 5.14918, 11.6333 ], 
          [ 18.0533, 15.3326, 10.8533, 16.8229, 8.33658, 28.0225, 29.6184, 6.12542, 21.1597, 22.9757, 12.0724, 1.32021, 25.9726, 11.7496, 21.0676, 20.77, 12.3005, 13.6774, 2.84894, 6.45788, 29.4753, 7.21817, 18.2734, 28.1545, 8.11706, 22.9645, 27.1816, 11.122, 21.0867, 7.74781 ], 
          [ 20.9055, 7.06802, 25.6056, 23.0041, 27.2681, 16.064, 19.9668, 3.37071, 28.5916, 18.9654, 27.1097, 11.967, 28.9707, 8.06225, 16.6487, 1.11603, 29.6513, 11.9445, 5.62321, 1.86125, 22.6199, 5.01986, 16.8588, 18.8452, 14.8611, 8.34257, 7.00458, 12.027, 11.814, 28.872 ], 
          [ 26.8059, 4.07426, 6.32801, 21.2725, 28.4513, 9.06201, 17.1958, 4.56073, 11.3611, 22.2725, 10.5333, 12.8857, 7.20238, 6.38208, 1.3627, 27.4138, 3.91769, 14.5516, 5.62167, 25.2393, 12.5027, 11.7888, 2.4445, 14.6393, 26.9632, 21.3958, 3.56863, 5.4949, 6.43065, 9.00627 ], 
          [ 26.4308, 15.9774, 23.9449, 10.2475, 23.7385, 8.56786, 8.86021, 29.0825, 9.61358, 21.3071, 2.51119, 24.4839, 2.25588, 23.2177, 10.0527, 8.27251, 29.4268, 11.0774, 29.6053, 8.74255, 1.18471, 9.89957, 8.66819, 13.7873, 8.31594, 23.783, 24.2584, 28.9284, 17.9815, 2.32821 ], 
          [ 1.58184, 4.00495, 2.04504, 21.5672, 5.49832, 8.10153, 1.72785, 11.3011, 8.16839, 27.7308, 26.7633, 29.1455, 27.3294, 11.2883, 10.0456, 10.9051, 28.6083, 17.5731, 19.2107, 1.15808, 22.5813, 12.3547, 17.576, 18.8465, 10.4433, 26.2838, 27.5585, 27.7866, 21.2522, 26.8945 ], 
          [ 10.6816, 2.21819, 25.0096, 15.0797, 17.15, 17.6932, 28.1499, 11.5235, 20.5512, 21.0872, 8.57371, 2.06916, 12.6519, 20.7883, 19.5644, 10.2955, 25.6747, 14.349, 3.10027, 27.0571, 11.0796, 13.8496, 23.7715, 3.66264, 3.70334, 16.6532, 29.7747, 17.567, 11.4517, 14.5473 ], 
          [ 21.2704, 20.1347, 7.25897, 14.4672, 7.75709, 19.3732, 29.8221, 16.4655, 3.68408, 25.1023, 10.8179, 25.9618, 7.02424, 3.66436, 24.9748, 17.8581, 23.6502, 7.74837, 23.8071, 28.9142, 8.16972, 13.758, 10.0017, 15.0318, 21.3254, 5.52064, 28.0044, 7.5534, 6.0195, 3.16156 ], 
          [ 9.2102, 1.03632, 18.6538, 6.3574, 7.27576, 3.30386, 23.7426, 21.9025, 15.6323, 12.0843, 1.33654, 9.8204, 13.1953, 7.70533, 1.96343, 25.2089, 17.6122, 26.6502, 16.5613, 4.83125, 28.5713, 27.7222, 2.48299, 23.5216, 4.1668, 23.2173, 4.02981, 16.9314, 3.20232, 22.6382 ], 
          [ 14.1372, 13.9478, 11.0801, 6.70431, 28.0568, 19.166, 24.3472, 4.57366, 16.4556, 1.31791, 6.60211, 6.64698, 15.7972, 4.58015, 9.67777, 15.875, 23.7923, 24.0106, 19.0391, 18.3347, 2.34012, 21.2354, 15.8452, 20.1918, 24.4242, 16.7339, 28.1635, 6.7641, 23.1212, 25.3255 ], 
          [ 9.14937, 18.3239, 26.5303, 11.4958, 7.21299, 10.5495, 11.0765, 6.83402, 19.1586, 27.6835, 11.2909, 25.2506, 28.8728, 4.1512, 12.7096, 20.3959, 9.25634, 18.0689, 4.85151, 18.7206, 4.51513, 10.1906, 1.23025, 21.5822, 19.9581, 20.2163, 19.5561, 14.0701, 20.2123, 26.6543 ], 
          [ 6.24274, 25.3622, 16.2261, 25.8836, 6.08369, 24.976, 3.40796, 20.4955, 11.9395, 10.8382, 22.2426, 1.10331, 14.9348, 17.7788, 10.0984, 9.60825, 6.10177, 18.5453, 9.96948, 24.0407, 25.2162, 10.7143, 8.94615, 19.9967, 4.71794, 8.26526, 1.61966, 12.1084, 12.825, 2.12497 ], 
          [ 24.4141, 27.8044, 9.0845, 8.39904, 2.13543, 28.9107, 18.5023, 8.8009, 25.1691, 10.8498, 8.61143, 9.6346, 10.42, 23.4393, 22.3696, 11.9936, 29.2004, 18.0776, 26.8439, 13.2892, 18.8606, 1.61661, 16.934, 26.7976, 18.0173, 13.6641, 22.0615, 19.9954, 7.38221, 21.2407 ], 
          [ 29.9982, 1.85134, 12.7506, 26.7819, 25.375, 5.43427, 6.16485, 14.2391, 2.9692, 27.0659, 19.4086, 13.1593, 20.7763, 5.45444, 1.5356, 9.51329, 15.7495, 7.95825, 28.3806, 21.6656, 18.0005, 11.5086, 1.85242, 25.9261, 7.72176, 6.46549, 23.2244, 3.16618, 25.8845, 11.2788 ], 
          [ 1.78496, 15.4904, 28.0745, 1.78477, 26.3416, 11.145, 15.2929, 27.7288, 3.97389, 20.2525, 23.9181, 6.26645, 9.79991, 7.65413, 26.765, 16.1554, 20.6979, 10.1545, 12.8615, 26.9227, 2.0089, 15.8944, 10.4692, 1.97537, 12.7228, 5.45241, 14.2814, 8.3882, 15.3, 24.2153 ], 
          [ 27.9176, 3.6626, 21.1643, 16.9893, 25.3476, 15.8874, 4.43847, 26.7539, 25.1859, 29.8612, 6.72708, 27.5816, 15.5621, 20.4791, 29.3063, 9.87783, 11.9591, 23.4237, 8.22868, 23.329, 7.00347, 7.82143, 8.82487, 4.22211, 1.03146, 28.4474, 6.30307, 13.7441, 16.5988, 28.1865 ], 
          [ 19.0609, 16.1715, 18.0939, 23.4201, 21.9939, 5.04107, 3.20317, 16.98, 6.00805, 27.9781, 11.0549, 5.25001, 3.21658, 3.86821, 18.6541, 13.6249, 5.61837, 20.0851, 18.332, 25.4088, 27.3126, 6.80051, 4.79993, 14.1182, 1.28488, 22.9465, 9.08014, 14.3122, 25.644, 22.9781 ], 
          [ 8.72593, 25.463, 12.4312, 5.96286, 14.553, 1.80179, 11.225, 10.3683, 19.9318, 22.5593, 2.29392, 1.01864, 2.66616, 12.4127, 14.1367, 19.541, 11.6592, 12.4296, 28.5707, 26.3737, 18.3587, 16.5355, 25.1282, 11.7847, 17.3741, 20.9476, 13.9156, 11.8701, 29.6151, 25.3601 ], 
          [ 29.1496, 3.9887, 19.3049, 21.8342, 11.4897, 11.5119, 26.5233, 8.43787, 15.1864, 12.3981, 22.3327, 9.87624, 10.5554, 17.0891, 20.7464, 5.78543, 25.8614, 2.01721, 16.7208, 1.93214, 17.5431, 16.6705, 13.8492, 8.65432, 23.6793, 18.2646, 7.81664, 22.8304, 25.1516, 15.6716 ], 
          [ 13.0306, 29.1945, 21.5892, 27.5318, 21.3208, 6.93681, 19.8312, 5.12234, 26.9728, 16.7204, 5.97776, 7.61288, 18.5882, 24.357, 24.7482, 12.7811, 8.21292, 29.961, 23.6927, 24.6132, 24.8112, 8.31424, 1.20619, 18.4333, 19.2848, 12.5042, 13.8337, 20.5236, 14.5962, 7.56433 ], 
          [ 28.7122, 29.224, 28.6694, 28.5273, 17.9784, 24.0858, 1.13111, 16.4909, 9.17722, 18.3224, 24.5806, 11.1781, 21.6338, 1.56674, 16.455, 10.7827, 18.0609, 7.77639, 2.18095, 8.66593, 5.16491, 16.5512, 26.4529, 4.50881, 10.965, 9.11844, 10.76, 29.8438, 1.58022, 23.9775 ], 
          [ 25.3213, 22.1557, 28.2898, 10.9345, 2.19987, 29.5532, 1.49084, 22.8361, 3.86498, 11.0198, 3.70368, 17.0526, 10.3253, 3.93298, 27.2699, 4.35938, 23.2781, 8.5367, 25.6125, 23.2316, 10.6013, 23.5277, 7.1188, 7.25358, 1.20772, 26.5698, 7.29501, 26.0873, 25.3484, 26.8837 ], 
          [ 29.2682, 5.36556, 14.9871, 24.9072, 24.0369, 29.6066, 6.71243, 3.56883, 28.6121, 10.5273, 10.9906, 10.0987, 10.356, 6.72774, 8.86924, 15.5347, 1.89686, 22.8512, 7.41982, 9.83012, 6.1958, 9.74418, 12.4849, 12.5027, 27.1986, 28.4018, 17.664, 10.6395, 29.858, 28.833 ], 
          [ 18.2062, 3.00591, 17.3583, 14.1056, 24.5874, 23.3392, 25.8601, 4.92909, 4.79777, 19.1204, 3.7054, 11.758, 26.1268, 12.4806, 13.315, 13.8774, 13.013, 19.1225, 16.5178, 27.9614, 8.61648, 5.21062, 5.3646, 12.4427, 17.694, 4.42744, 7.80134, 2.92662, 8.64899, 23.2688 ]
        ]
      ];
r = [
        [52090.1,66677.2,63236,65007.2,77945.5,79741.6,77312.5,75593.8,62899.8,70782.7,59277.1,76791.7,71355.5,65727.3,52641.2,79246.9,60078.1,76449.1,69066,56680.7,55796.2,65784.9,53136.6,80131.5,65368.8,63052.3,67133.3,60867.4,73799.2,51940.6 ], 
        [73417.9,73520.5,81531.7,81809.8,75895.9,70591.8,67804.1,66577.5,54964.8,65730.9,73386.7,58508.7,65157.2,57431.4,72066.8,77984.9,67040.9,62087.2,65046.4,57540,78149.7,67366.9,73977.6,81466.1,75702.7,70175.1,71916.5,53830.1,55406.5,72927.9 ]
     ];
d = [
        [87922.2,1970.06,28414.2,61034.5,53044.4,3178.79,75401.2,10240.6,67349.3,57874.8,27419.7,54810.5,24908.5,40187.8,79660.9,63935.4,55467,77688.2,57048.3,85877.3,19346.4,30920.5,38191.7,76044,17270.8,83349.5,2183.07,13130.9,64365.6,53030.8,23539.2,29253.9,57549.4,4879.65,40685,50482.3,3447.91,8394.48,81937.4,76137.9,75166.9,84554.1,33904.9,14881.2,13459,23933,80507.8,57666.1,31706.5,32029.1,68300.7,78579.1,27301.5,73312.1,60234.4,1600.08,7273.81,28252.3,64238,26014.6,32173.1,48126.1,15667.4,74536.6,16178.8,25237.5,31109.5,66688.5,65964.8,71370.3 ], 
        [76361.5,49546.2,75906.3,26010.6,85709.8,73290.1,68686.6,73472.6,3955.08,52488.1,56926,50591,26805.3,79080.6,3117.92,61064.3,67379.9,30121.8,23553.4,64900.3,26676,51603.7,78420.3,67835.5,78736.3,88141.3,89956.8,1718.72,48275.7,24551.2,20223.6,58280.5,10930.5,31769.6,58589.7,63587,18053.8,20757.9,32548.9,42432.9,65313.2,51693.8,65699.2,71716.1,11286.9,41320.8,76873,82752,45957,89793.3,81815.9,30760.1,51015,50495.4,20718.9,18607.4,5130.39,46068.6,17499.2,43247.2,43562.2,69215.2,74185,38695.1,29570.1,32912.6,5293.01,80776,32625.2,77881.7 ]
     ];
