/***************************************
* STOCHASTIC OPTIMITZATION
* OPL S2FVPP Data Generator
* by Jordi Mateo Fornes
* Model = S2FVPP; Stochastic (2S) MIP 0-1;
* Representation = Compact Representation;
****************************************/
I = 100;
P = 30;
C = 70;
G = 2;
p = [ 0.01, 0.01 ];
pc = 0.02;
ORCHARDS = { 1, 2, 3, 4, 5, 6, 7, 8, 9, 10, 11, 12, 13, 14, 15, 16, 17, 18, 19, 20, 21, 22, 23, 24, 25, 26, 27, 28, 29, 30 };
CUSTOMERS = { c1, c2, c3, c4, c5, c6, c7, c8, c9, c10, c11, c12, c13, c14, c15, c16, c17, c18, c19, c20, c21, c22, c23, c24, c25, c26, c27, c28, c29, c30, c31, c32, c33, c34, c35, c36, c37, c38, c39, c40, c41, c42, c43, c44, c45, c46, c47, c48, c49, c50, c51, c52, c53, c54, c55, c56, c57, c58, c59, c60, c61, c62, c63, c64, c65, c66, c67, c68, c69, c70 };
CGV = [ 12.3627, 25.4853, 10.2329, 20.683, 21.6957, 11.0756, 12.6637, 23.7192, 29.747, 24.3349, 1.6333, 4.32544, 17.4201, 25.5003, 10.542, 10.3069, 6.75382, 6.70016, 11.987, 21.4619, 7.0354, 11.8772, 18.5623, 13.2509, 13.4674, 27.7698, 8.32329, 29.4574, 27.4332, 21.3173 ]; 
s = [ 2.84972, 2.63639, 2.93451, 0.881518, 0.485698, 0.306994, 0.525129, 0.687612, 1.28742, 1.62071, 1.89602, 2.57658, 2.98629, 1.68668, 1.96442, 1.15665, 2.91276, 1.99352, 2.48752, 0.680003, 0.552075, 2.98777, 0.270194, 1.38969, 0.820449, 1.419, 0.795921, 2.74378, 2.73897, 28.9432 ]; 
CSV = [
        [
          [ 15.8856, 21.0871, 2.30609, 22.0803, 7.96821, 17.0197, 2.83423, 27.2686, 12.8032, 4.42427, 29.363, 26.7406, 20.6091, 7.45502, 17.166, 1.36923, 29.469, 20.1367, 19.255, 22.4547, 12.5212, 22.0637, 2.44002, 23.1741, 27.1375, 19.5403, 9.80261, 21.8097, 28.8803, 4.86086 ], 
          [ 28.7572, 4.44946, 19.6801, 15.2262, 8.26554, 9.90586, 6.20099, 5.43461, 6.28213, 28.5456, 11.3592, 25.9921, 18.4649, 5.74784, 11.1341, 10.2018, 7.33127, 14.1722, 26.5913, 15.2436, 8.95197, 3.83831, 2.65357, 3.17728, 27.2601, 7.17683, 6.77171, 4.04587, 11.6667, 6.03351 ], 
          [ 5.56352, 24.9364, 6.13734, 27.7819, 24.049, 17.4255, 28.9281, 17.9949, 10.5119, 22.5424, 1.04272, 6.70687, 15.3857, 4.48383, 23.8303, 20.4418, 24.9062, 3.69493, 11.9931, 14.9196, 11.9877, 28.5991, 15.5829, 19.2386, 15.6585, 20.6516, 1.1156, 9.97836, 4.52819, 12.0185 ], 
          [ 20.8255, 22.9421, 20.6884, 13.6551, 28.3222, 9.38712, 28.5194, 28.1226, 2.86743, 21.0056, 19.0735, 20.1363, 27.8817, 3.84749, 3.8435, 18.5709, 8.34521, 26.1948, 26.1407, 12.9938, 23.8414, 5.59649, 13.8435, 28.7018, 19.5421, 8.80522, 6.51764, 26.2433, 10.2672, 17.4724 ], 
          [ 12.6749, 10.1014, 17.462, 11.7807, 4.33158, 21.2584, 13.6239, 18.5845, 25.803, 16.8953, 9.60744, 24.8711, 16.1515, 17.6061, 25.6786, 26.4462, 28.2558, 13.8858, 26.1079, 14.3703, 10.9815, 25.8091, 4.85027, 14.4206, 26.3509, 25.9696, 7.71053, 28.6895, 12.3336, 20.6986 ], 
          [ 22.2002, 24.5437, 21.3718, 7.8874, 17.8307, 29.0586, 11.1847, 19.1133, 24.6752, 3.52409, 5.32574, 24.7187, 10.8208, 25.1386, 26.4214, 12.5267, 17.5585, 24.1972, 29.6219, 15.8229, 19.1659, 22.3677, 24.2388, 21.6598, 10.2381, 28.5529, 13.3152, 18.2137, 15.6882, 1.06791 ], 
          [ 16.1877, 16.5106, 5.30331, 20.4987, 27.9442, 3.49331, 25.3241, 2.74926, 20.1733, 22.897, 12.4777, 26.4983, 15.9863, 19.2671, 7.09399, 21.3818, 16.0377, 18.1279, 29.641, 21.5707, 3.76739, 5.25651, 16.5749, 25.6609, 8.3222, 25.0097, 18.5551, 8.62801, 28.0127, 6.76235 ], 
          [ 20.1018, 10.7826, 7.33368, 2.70217, 29.5156, 8.18964, 3.82531, 6.21694, 29.3223, 24.4535, 14.903, 17.9595, 29.6486, 22.1834, 3.88117, 10.3191, 18.6342, 19.2649, 25.1229, 20.943, 13.6789, 21.5875, 4.26462, 16.1436, 15.9544, 2.44219, 16.1561, 26.067, 24.1536, 2.45742 ], 
          [ 1.13978, 11.07, 19.024, 29.6055, 15.3214, 27.3477, 9.95517, 28.092, 7.68019, 15.1579, 17.5163, 23.0546, 2.03055, 22.5568, 27.8048, 6.35882, 19.4146, 24.6838, 4.08038, 15.2509, 22.5885, 14.639, 6.19544, 10.5594, 3.4195, 2.49088, 14.8942, 15.792, 25.1414, 13.9438 ], 
          [ 19.8211, 27.1477, 22.392, 28.3622, 18.7968, 19.809, 11.2958, 25.56, 1.48058, 14.9914, 18.8343, 14.1081, 17.7928, 21.7616, 25.7819, 11.547, 14.2535, 9.30761, 26.0257, 14.2132, 29.7369, 20.3884, 8.65365, 29.7939, 4.52307, 27.2067, 4.85642, 15.19, 28.932, 4.44225 ], 
          [ 2.86773, 20.1104, 20.4287, 21.2749, 13.8225, 6.89491, 24.9646, 29.1861, 20.5114, 2.92724, 9.78613, 21.6066, 26.9436, 1.73547, 27.6303, 8.7874, 27.2262, 10.3179, 23.6162, 20.8119, 18.521, 9.96728, 14.7525, 13.4032, 16.4775, 16.212, 3.21025, 5.00549, 14.0828, 15.4585 ], 
          [ 4.63277, 26.1964, 25.5787, 21.8723, 28.4191, 27.5689, 29.2105, 26.3676, 18.8838, 22.1497, 2.883, 17.5049, 12.7179, 22.7391, 20.1261, 26.4352, 21.2958, 11.9661, 3.39263, 4.50241, 11.0853, 6.96957, 1.37834, 27.0366, 26.9247, 16.3589, 1.76843, 21.0323, 3.16598, 1.94089 ], 
          [ 16.1273, 17.3409, 2.23752, 20.3189, 5.34486, 22.8572, 21.4981, 4.79605, 29.4743, 8.20624, 29.1168, 7.91889, 18.1069, 26.5289, 8.90571, 8.73704, 9.30229, 13.9093, 10.4674, 25.2607, 25.603, 17.2634, 10.8681, 6.77475, 5.8117, 18.4546, 14.3507, 28.902, 4.80489, 2.88232 ], 
          [ 20.43, 2.78255, 16.9429, 25.3947, 16.9802, 17.1372, 25.3616, 18.5061, 4.1637, 9.65568, 24.224, 7.44967, 4.09245, 13.0784, 13.1825, 28.8024, 10.7696, 3.46469, 20.5669, 11.3417, 3.36066, 19.8072, 3.30872, 8.43621, 9.97896, 18.1877, 1.04137, 16.0641, 20.6817, 11.0266 ], 
          [ 23.3624, 11.8042, 29.2301, 2.8128, 3.67254, 11.7184, 9.834, 26.0428, 14.1528, 7.62963, 23.3236, 4.70423, 10.3449, 7.52393, 27.0013, 27.7124, 13.404, 4.55624, 12.7203, 16.5205, 19.0479, 9.65636, 21.9892, 16.7371, 20.2274, 19.7215, 23.1092, 23.8086, 29.5322, 26.3908 ], 
          [ 5.52372, 15.0153, 12.0072, 6.67798, 1.38985, 19.0651, 6.56154, 5.48207, 8.26874, 16.4117, 6.14585, 24.0963, 6.47411, 21.9211, 29.8216, 27.7684, 5.56261, 19.1363, 6.89888, 15.0043, 23.6313, 16.8582, 1.38109, 24.3762, 11.4884, 29.1233, 17.5279, 8.84378, 10.0224, 27.5854 ], 
          [ 25.4267, 4.98571, 2.75905, 15.6976, 1.08142, 22.2787, 17.5649, 26.2432, 18.5884, 12.5986, 29.3266, 11.1334, 5.00415, 18.7636, 11.6701, 7.39315, 10.1109, 14.4348, 11.6731, 25.4052, 16.7496, 12.9707, 29.8182, 21.0582, 16.2162, 17.8278, 9.96163, 12.9647, 18.7672, 24.1072 ], 
          [ 9.95777, 18.7766, 16.4108, 26.1507, 1.45147, 25.7398, 23.0367, 20.5737, 4.39989, 21.5664, 6.21797, 6.5797, 15.4075, 28.9075, 4.25118, 14.2292, 2.15518, 3.70135, 23.0091, 10.8369, 23.2041, 1.77542, 25.7231, 11.6245, 13.5434, 13.9501, 24.1621, 23.5544, 22.3685, 6.62329 ], 
          [ 26.92, 11.7442, 21.283, 1.18651, 2.35158, 4.55701, 2.68407, 18.1886, 9.58294, 18.0333, 7.34624, 9.00016, 8.92614, 17.1411, 17.211, 24.0272, 1.82573, 22.9166, 3.79307, 26.06, 8.05982, 15.0376, 15.231, 29.2409, 18.0948, 14.3048, 18.8919, 24.6069, 8.91036, 3.97983 ], 
          [ 19.5276, 13.5286, 20.8287, 25.1706, 17.4043, 23.9697, 1.24389, 11.4561, 14.0916, 10.3334, 21.6024, 27.3468, 28.72, 12.072, 11.353, 27.9596, 4.98826, 26.1983, 24.6965, 19.0191, 20.6282, 25.6844, 18.5112, 20.7976, 20.652, 11.5427, 26.9985, 3.29323, 9.72888, 12.9894 ], 
          [ 15.6409, 9.51554, 12.7267, 14.8726, 5.36498, 24.6987, 26.8813, 17.1695, 8.53665, 10.531, 22.6721, 2.06613, 8.50755, 27.8101, 21.0161, 7.52978, 27.5573, 13.6395, 1.30233, 25.2958, 25.9609, 9.41838, 6.10202, 6.6554, 7.47144, 25.2358, 22.1704, 29.3696, 17.5118, 12.3458 ], 
          [ 10.8553, 27.665, 13.4576, 23.6438, 8.94099, 18.642, 26.1888, 23.6207, 27.7831, 17.6518, 26.0318, 25.6862, 13.6747, 12.9009, 27.2331, 16.3349, 15.9589, 25.4575, 27.6037, 5.24736, 10.3657, 8.31996, 20.2672, 22.3364, 17.823, 25.9321, 17.7641, 19.5053, 29.3886, 3.19502 ], 
          [ 12.7555, 19.0185, 20.5443, 14.2392, 11.5501, 11.0001, 14.1482, 27.3731, 24.8964, 28.2423, 14.3854, 3.2278, 20.8334, 21.6073, 19.8511, 22.6683, 19.155, 5.24852, 7.773, 18.3884, 18.6409, 27.1578, 24.3728, 23.8858, 10.4238, 8.13477, 14.8145, 23.1072, 3.83511, 3.86763 ], 
          [ 4.96923, 2.71201, 29.1412, 8.54527, 1.91591, 22.6988, 13.1991, 4.65479, 1.72816, 6.52058, 15.7652, 21.574, 2.3257, 23.0405, 3.7815, 28.368, 28.2774, 25.1193, 22.9278, 3.42422, 22.1272, 11.9066, 15.768, 6.70326, 26.9647, 4.7007, 23.1676, 1.15607, 20.0887, 10.7037 ], 
          [ 1.19549, 6.44608, 5.44658, 20.6289, 15.982, 14.7897, 6.59255, 19.3943, 6.24037, 7.69082, 23.3867, 2.04628, 29.8278, 29.5048, 4.52742, 14.1534, 9.15044, 17.4656, 24.5907, 6.2754, 18.3141, 15.274, 22.7549, 26.4747, 5.73284, 25.8204, 1.62847, 24.3581, 10.6219, 21.398 ], 
          [ 2.92986, 25.8121, 3.41654, 13.1758, 4.74769, 4.00526, 23.1403, 15.2153, 3.33044, 4.88857, 26.9886, 21.5376, 27.4035, 10.641, 25.3723, 23.7704, 19.1651, 9.16429, 9.65012, 10.9108, 25.0285, 19.1863, 29.6532, 5.00988, 8.60779, 2.57415, 28.1306, 4.62893, 29.4683, 23.4392 ], 
          [ 22.325, 9.01223, 6.30007, 16.0595, 8.30464, 27.6906, 29.0467, 22.0325, 16.6286, 22.8225, 9.90898, 4.80635, 8.95866, 6.80892, 15.89, 7.14108, 19.7141, 15.9143, 1.1869, 8.18762, 18.4154, 7.31032, 19.3543, 17.9901, 4.01303, 21.4834, 29.7788, 15.431, 23.6476, 27.3129 ], 
          [ 20.1713, 12.0849, 13.873, 16.0794, 10.3001, 17.5864, 9.46538, 4.64198, 21.2785, 18.4036, 16.02, 9.39574, 20.3325, 26.9347, 26.8315, 4.26345, 19.598, 1.66956, 1.50101, 7.26527, 23.9173, 25.66, 10.9269, 28.6477, 9.45952, 20.569, 13.8788, 7.99297, 1.08801, 17.7271 ], 
          [ 2.97226, 1.23243, 19.5782, 22.6224, 2.02909, 3.15699, 23.5761, 26.7476, 26.53, 26.4501, 10.6272, 5.96047, 16.625, 22.1412, 20.0073, 7.3686, 27.5722, 17.2413, 14.8527, 12.1081, 3.28963, 16.4046, 8.28406, 28.6609, 3.15675, 22.5608, 27.3425, 8.92796, 3.37458, 20.7186 ], 
          [ 6.10436, 27.784, 24.2837, 14.5376, 21.6939, 7.38664, 7.03253, 17.8396, 27.1776, 10.1683, 15.0845, 17.1374, 5.70181, 13.0775, 16.5745, 18.7263, 20.0037, 6.68188, 10.458, 19.0332, 11.757, 13.3533, 23.85, 9.0103, 23.5246, 21.1111, 17.4985, 28.8731, 5.65459, 23.9327 ], 
          [ 21.2339, 24.7152, 27.2559, 15.5376, 27.7558, 24.6768, 22.2626, 3.13247, 11.3869, 19.5571, 9.30739, 14.423, 1.47669, 18.7476, 28.473, 19.6397, 5.8062, 1.4421, 2.06766, 3.49214, 23.4019, 26.1892, 29.3768, 4.93137, 13.4048, 29.8339, 24.531, 28.2528, 11.9577, 21.1411 ], 
          [ 26.8868, 10.2965, 11.5284, 28.2885, 17.3489, 1.81729, 2.9128, 16.8119, 14.4379, 14.386, 4.89924, 3.14301, 22.3126, 3.8365, 25.0671, 8.43515, 7.90438, 26.2875, 6.81281, 2.2974, 10.1418, 27.3455, 22.1185, 10.9737, 6.42356, 13.2863, 9.50926, 15.6221, 22.0109, 20.2299 ], 
          [ 7.04678, 8.38699, 16.1346, 2.43724, 16.5125, 15.5075, 10.2202, 27.3173, 6.25071, 22.3829, 17.9456, 23.0983, 27.5459, 26.1704, 20.1385, 22.4958, 5.62276, 25.1014, 16.4316, 2.10963, 28.0936, 1.67148, 7.88977, 28.0997, 20.134, 4.85724, 14.4504, 6.77634, 10.2943, 22.1704 ], 
          [ 7.13703, 19.33, 27.6129, 25.2989, 19.477, 15.1238, 24.5199, 23.5263, 6.27312, 8.60846, 1.10052, 17.2277, 3.04837, 9.71437, 15.8839, 8.78474, 23.4658, 16.8389, 5.92942, 1.60961, 7.08326, 11.0628, 23.3602, 25.6765, 7.21383, 16.7233, 23.2804, 4.8082, 23.1235, 13.3727 ], 
          [ 27.468, 28.8043, 21.7295, 3.78336, 1.4541, 23.9928, 2.75019, 19.0546, 18.5634, 3.36282, 20.5445, 8.70387, 22.1359, 20.1357, 12.69, 14.3665, 10.3019, 5.07993, 1.02571, 11.7803, 27.6416, 10.9415, 14.8528, 16.6376, 24.2464, 17.5253, 20.8099, 28.8875, 9.06558, 27.2653 ], 
          [ 17.36, 2.33647, 1.2398, 25.1365, 28.7721, 2.76534, 17.0904, 22.5971, 17.3017, 18.9057, 25.4185, 9.31836, 4.98608, 15.3779, 12.4254, 26.4793, 12.1427, 20.9167, 14.0916, 11.598, 23.2814, 27.3718, 26.961, 17.0008, 13.8391, 21.8412, 19.2241, 12.6229, 28.457, 12.7993 ], 
          [ 14.6504, 6.52438, 6.05879, 2.9194, 14.0592, 14.4961, 18.1498, 6.27756, 17.7714, 8.93889, 1.92511, 6.13567, 21.1738, 7.45692, 23.9883, 19.2017, 10.2871, 8.15388, 29.5722, 4.01455, 20.1012, 1.40128, 6.12597, 12.6174, 4.9193, 4.58709, 20.0129, 14.3879, 23.5283, 19.4184 ], 
          [ 5.83605, 11.0435, 25.4501, 9.00951, 3.70442, 21.872, 1.30129, 17.2748, 25.0847, 10.6121, 14.7674, 8.49329, 28.3788, 15.6172, 7.27033, 28.0597, 8.07369, 14.972, 9.80421, 27.3101, 14.7598, 5.66893, 24.8799, 3.45347, 20.9666, 6.37707, 10.523, 25.5862, 18.1015, 11.1176 ], 
          [ 8.36584, 17.9627, 26.5957, 16.3854, 9.71813, 3.78438, 7.47477, 7.27033, 29.4857, 23.3454, 26.3565, 10.5187, 13.222, 4.05807, 2.88659, 10.2295, 22.2062, 9.79426, 26.3554, 15.0663, 4.18468, 16.0481, 8.21789, 9.08026, 17.5862, 14.1743, 3.00136, 29.6831, 19.2769, 15.6496 ], 
          [ 10.3331, 9.63228, 13.4436, 1.11112, 13.1917, 12.8335, 15.7488, 5.4213, 21.2473, 16.3705, 24.1215, 15.3807, 20.719, 11.955, 9.10739, 8.60792, 15.0848, 8.80449, 29.5643, 27.0785, 26.2509, 17.3805, 5.2115, 2.53313, 12.967, 15.2547, 21.031, 10.093, 21.6802, 15.1551 ], 
          [ 5.97242, 14.7663, 12.6681, 19.9624, 10.2172, 12.9275, 8.21765, 7.8282, 10.5046, 9.30324, 26.925, 4.98704, 17.6048, 19.6659, 24.1399, 21.7104, 13.9235, 13.7893, 22.6306, 4.92824, 19.8487, 5.7734, 16.1765, 27.2002, 8.3748, 8.56773, 11.4165, 23.5031, 13.5154, 10.3355 ], 
          [ 29.3048, 8.46788, 22.8258, 9.36445, 23.1027, 8.57066, 29.7923, 2.26843, 21.5136, 21.4824, 16.1344, 3.76429, 13.9828, 5.35718, 25.3532, 11.2053, 2.55165, 16.3376, 8.14312, 16.3712, 3.27733, 19.6782, 3.90885, 18.6189, 17.1332, 26.1305, 19.4849, 11.6118, 11.44, 14.6045 ], 
          [ 4.33396, 29.9853, 21.4025, 9.21989, 23.8433, 17.0699, 18.8703, 3.06361, 9.37675, 24.5508, 9.59782, 5.32364, 9.80067, 5.41857, 22.4663, 6.48382, 23.4679, 24.6521, 14.8631, 15.5977, 8.2488, 9.63999, 4.77796, 21.5537, 18.7924, 17.3119, 4.71553, 15.175, 15.6362, 7.03266 ], 
          [ 27.9164, 22.2548, 20.4314, 16.831, 22.7865, 25.3893, 14.5903, 15.5255, 13.6467, 29.5032, 2.90779, 8.40601, 11.6741, 13.8851, 20.981, 6.26016, 9.42499, 26.3022, 10.7638, 20.5094, 26.7186, 27.2944, 12.5779, 1.78758, 8.82022, 8.18828, 4.48015, 3.34116, 19.7025, 20.4802 ], 
          [ 25.9434, 12.884, 20.1208, 18.9698, 4.74433, 1.03358, 10.4247, 18.5406, 13.6797, 9.72156, 29.1792, 24.895, 17.4334, 5.92951, 23.0903, 23.708, 21.4388, 12.986, 20.8627, 13.8898, 13.7037, 11.38, 16.9219, 17.8538, 28.3324, 7.13426, 10.2091, 8.4962, 20.0679, 27.3278 ], 
          [ 5.32439, 20.6517, 11.2931, 21.0294, 29.9395, 7.09254, 19.3568, 21.6361, 27.6393, 12.1308, 2.1449, 21.7124, 29.3521, 8.44591, 8.42695, 20.9594, 2.36377, 3.12393, 9.23772, 11.555, 16.923, 14.7077, 15.3376, 22.0967, 24.6652, 22.9087, 13.988, 19.6217, 19.4116, 16.2205 ], 
          [ 20.3457, 24.8057, 29.6246, 29.5756, 15.3857, 8.4807, 29.9876, 15.4261, 14.0307, 24.1039, 21.4734, 9.61597, 29.1168, 15.0999, 22.2456, 16.9291, 11.0783, 19.4522, 28.7992, 3.26049, 17.8211, 2.58137, 4.8367, 12.4925, 29.6729, 15.3374, 19.0549, 1.1852, 26.1907, 15.1955 ], 
          [ 17.8371, 3.6114, 7.71923, 3.95345, 7.78705, 12.1932, 26.7955, 6.20814, 12.1594, 9.89569, 4.57849, 12.8252, 23.3472, 11.5123, 18.8299, 16.8724, 19.0489, 6.38586, 27.303, 28.926, 6.30186, 6.0323, 2.02922, 11.2081, 8.16458, 25.7013, 27.4324, 15.6524, 7.37521, 17.9006 ], 
          [ 13.7275, 25.724, 7.11485, 10.0682, 7.35269, 25.7957, 2.01419, 20.8052, 1.7726, 2.61925, 24.4085, 13.4789, 13.7121, 16.2415, 5.72477, 24.7293, 26.8402, 20.8629, 28.2539, 23.8486, 5.72446, 27.4841, 8.75475, 15.7104, 22.8475, 13.5068, 6.33285, 20.8317, 17.6744, 10.1585 ], 
          [ 6.13613, 5.12929, 14.2489, 25.9967, 9.52104, 16.8794, 12.8202, 5.07499, 14.8715, 17.2896, 24.5353, 29.7974, 18.6193, 23.6796, 5.01852, 14.9182, 16.7801, 8.20952, 6.03218, 10.8993, 15.7713, 4.2637, 28.2625, 22.3538, 12.2709, 3.80581, 26.9288, 12.2426, 20.0432, 13.1954 ], 
          [ 7.11399, 20.4128, 7.40497, 20.2819, 28.2024, 18.7111, 4.93607, 14.6839, 10.584, 13.3353, 24.0912, 2.9976, 1.55566, 22.6833, 19.5964, 15.5351, 15.7949, 17.723, 12.5406, 26.3168, 22.1797, 7.27663, 5.28484, 25.0539, 24.3666, 7.52674, 29.7875, 28.4227, 20.1628, 16.2087 ], 
          [ 13.0722, 29.1491, 7.06269, 28.3648, 3.24368, 26.0671, 2.80735, 8.36292, 27.2715, 2.37124, 16.8849, 1.72985, 17.8704, 23.6868, 18.9688, 25.6518, 6.11358, 13.8662, 3.64163, 9.04225, 8.01845, 25.94, 14.7356, 4.61725, 28.7391, 4.80305, 10.6525, 6.75268, 21.4569, 18.6895 ], 
          [ 8.67885, 17.8233, 10.9533, 6.04606, 10.6622, 13.913, 15.2391, 11.9086, 9.78957, 9.64652, 13.6813, 2.88728, 15.4426, 20.8252, 17.801, 19.8083, 23.3315, 27.9044, 15.2097, 18.7851, 28.4172, 29.7772, 15.9477, 27.2016, 3.02818, 21.3079, 11.7494, 8.60396, 25.8362, 29.6853 ], 
          [ 29.7045, 4.86393, 5.01474, 26.3528, 11.628, 24.3049, 24.2739, 19.0894, 22.1796, 28.3017, 28.3664, 27.8162, 6.86462, 9.55791, 12.0479, 21.3768, 27.9685, 11.9611, 6.10758, 14.4558, 6.91467, 19.1657, 7.84755, 27.7137, 16.7261, 18.9118, 7.85608, 17.5274, 11.5258, 9.61174 ], 
          [ 7.94325, 23.1121, 14.1269, 25.3775, 8.50143, 13.8379, 11.2365, 29.1697, 15.1322, 28.0769, 21.295, 23.187, 24.6935, 5.11917, 3.58573, 16.9789, 11.1998, 17.1391, 16.8702, 12.7288, 22.1415, 18.488, 5.20307, 15.3539, 22.1255, 14.7166, 28.5897, 21.0061, 17.4555, 3.86444 ], 
          [ 14.0592, 21.621, 9.29589, 4.43008, 28.6344, 16.3111, 28.0141, 8.86264, 8.58714, 6.18067, 4.37133, 17.9323, 26.5743, 16.9007, 29.1762, 2.57478, 16.4632, 17.0375, 29.1654, 1.48338, 17.6769, 3.57074, 5.71876, 7.11767, 29.2313, 1.40398, 23.1236, 4.43728, 11.6597, 3.52986 ], 
          [ 21.1863, 7.00291, 11.632, 18.3906, 12.484, 8.28463, 29.6121, 8.59804, 27.7249, 25.7799, 29.0191, 23.4066, 7.31122, 23.6277, 14.983, 19.258, 27.8591, 22.5522, 16.6732, 14.6105, 12.4621, 15.9353, 3.94616, 16.1509, 5.52408, 24.6813, 20.2177, 23.1586, 25.4973, 28.7109 ], 
          [ 7.80688, 27.6182, 19.7276, 27.0491, 12.4923, 20.5294, 10.0876, 3.97653, 18.9337, 2.41713, 17.5785, 11.074, 16.057, 8.12039, 12.6635, 7.82747, 3.77027, 6.65119, 22.156, 10.2013, 10.7328, 6.04373, 5.68381, 23.604, 4.9717, 2.70028, 10.433, 29.2387, 26.2321, 27.0991 ], 
          [ 5.25504, 5.84754, 23.0876, 1.67106, 3.99411, 18.8074, 17.1736, 14.4627, 3.74035, 6.93225, 16.288, 8.03449, 16.9768, 1.29111, 1.84538, 16.4336, 23.9011, 20.5004, 6.52933, 28.3079, 11.0399, 1.11552, 3.86678, 10.9195, 17.924, 26.8211, 7.00779, 17.0714, 20.7583, 21.1763 ], 
          [ 1.93781, 20.5147, 20.6892, 29.5646, 11.9128, 8.05016, 15.9392, 2.46231, 7.5163, 3.30509, 1.05825, 27.7167, 6.42853, 24.9026, 16.7307, 18.5842, 7.65053, 28.9259, 15.9584, 12.2952, 19.6515, 1.17239, 11.6818, 6.77618, 21.1855, 23.596, 10.5818, 4.89891, 25.223, 1.4592 ], 
          [ 23.2066, 16.3517, 26.5437, 27.8467, 9.78717, 27.1936, 13.2231, 14.8695, 23.1012, 9.78688, 1.95088, 25.2501, 12.2342, 20.1348, 1.50856, 10.2265, 3.70521, 6.75122, 18.777, 29.6647, 22.8243, 12.747, 11.0789, 18.9464, 27.8663, 15.031, 9.03461, 1.4956, 6.16529, 16.8747 ], 
          [ 24.2087, 4.96514, 29.3984, 3.69866, 3.53216, 16.8528, 11.0845, 1.07786, 13.4185, 7.03841, 10.8517, 21.4255, 24.0105, 15.5228, 23.9154, 5.27744, 25.5681, 7.05667, 7.75499, 29.5499, 6.9839, 26.0295, 10.2772, 10.0005, 16.6421, 4.82211, 14.0979, 12.8338, 15.8307, 14.999 ], 
          [ 14.6645, 19.9511, 3.15457, 22.1663, 14.8103, 27.4158, 19.2556, 5.07312, 10.0041, 29.4883, 25.081, 22.933, 13.7026, 6.45331, 23.4782, 29.8561, 13.1368, 24.7706, 18.9314, 12.8169, 19.538, 25.0157, 9.14248, 15.5318, 6.11026, 18.0093, 28.2333, 5.78593, 18.6853, 15.1999 ], 
          [ 21.2151, 16.0665, 28.1985, 2.94624, 12.6074, 24.167, 7.96045, 16.9883, 1.43235, 6.27578, 26.5287, 15.3228, 17.6122, 7.0675, 3.38894, 15.7647, 24.9155, 10.1646, 2.7281, 6.86913, 2.71594, 12.3382, 7.08842, 7.08615, 27.1816, 11.1728, 6.8667, 28.2252, 19.5059, 1.22367 ], 
          [ 11.6112, 26.267, 20.8735, 15.6208, 26.0621, 14.7082, 24.6799, 18.5356, 21.6199, 9.19622, 8.23846, 25.2379, 4.78809, 10.7654, 4.11553, 22.653, 13.5933, 2.34567, 15.7024, 14.5999, 13.8837, 25.8695, 17.2182, 11.0586, 22.4543, 19.0007, 26.7302, 19.0299, 29.5456, 11.394 ], 
          [ 13.01, 23.4374, 12.2361, 2.72964, 1.77299, 6.01141, 11.8314, 27.6987, 8.46863, 4.5408, 23.5363, 20.5449, 14.3531, 29.5116, 3.16368, 26.5821, 15.7128, 16.4666, 14.2496, 10.3878, 15.1786, 17.0332, 18.1764, 16.9316, 29.3531, 7.54855, 1.7186, 22.609, 4.1561, 27.4964 ], 
          [ 13.7199, 24.743, 21.2481, 20.5794, 23.4555, 27.257, 3.98579, 27.2984, 10.1507, 20.4869, 6.68227, 12.5248, 7.1583, 29.7404, 29.723, 19.1195, 16.5301, 27.5607, 22.7989, 15.2967, 17.781, 22.0165, 11.7532, 15.5366, 1.08919, 29.4956, 7.73174, 12.6, 24.8717, 26.1733 ], 
          [ 16.9721, 2.4314, 10.2269, 4.60355, 24.5449, 18.9197, 23.2847, 21.2891, 11.3894, 15.3978, 25.2742, 1.31325, 19.6135, 11.1303, 10.0411, 18.5227, 4.59272, 22.8439, 13.0776, 5.15897, 16.1675, 21.5435, 29.5109, 7.11741, 24.2354, 19.4791, 12.8484, 28.3651, 28.9038, 16.4006 ], 
          [ 16.733, 13.0214, 14.7819, 4.3196, 8.09097, 21.944, 5.53546, 24.3707, 2.14502, 3.79702, 23.7543, 21.9967, 5.32264, 8.85918, 8.12095, 2.10554, 20.1211, 18.7096, 6.04533, 17.0698, 20.8406, 14.146, 25.245, 8.95828, 18.1309, 27.8598, 13.8367, 4.01289, 26.4182, 10.3898 ], 
          [ 9.56391, 21.1032, 14.3554, 8.11992, 12.8047, 23.0475, 14.7308, 18.5629, 7.63608, 20.0383, 18.963, 7.97229, 14.5009, 3.81215, 17.9101, 1.4845, 12.7364, 18.5513, 24.8705, 10.0214, 23.7973, 24.7982, 20.6262, 7.67671, 19.3028, 11.2805, 13.4115, 20.4435, 2.67496, 20.2935 ]
        ], 
        [
          [ 19.9833, 23.2464, 5.24946, 24.7648, 10.8016, 28.6944, 14.3812, 10.3385, 7.60344, 21.9112, 2.58758, 22.5419, 29.6904, 11.8963, 13.3399, 2.30291, 9.84488, 12.0464, 29.581, 14.9843, 6.16774, 15.1448, 12.146, 2.5638, 25.5627, 8.48588, 4.07045, 28.1486, 26.5042, 7.63774 ], 
          [ 9.48843, 9.72695, 19.0876, 9.76283, 21.6088, 25.0856, 7.94124, 15.2982, 20.607, 14.5828, 3.46281, 19.8316, 7.81417, 3.20493, 15.8674, 7.27712, 1.49512, 23.752, 22.3796, 25.2376, 11.9426, 4.73269, 25.5397, 8.6815, 24.189, 15.4604, 25.4988, 9.74707, 26.4419, 27.124 ], 
          [ 24.9584, 1.89596, 20.0945, 29.8338, 16.3837, 12.3167, 1.81962, 15.7472, 29.5605, 19.9398, 5.42387, 12.3102, 22.6928, 24.2746, 20.6992, 22.2842, 6.98893, 28.333, 17.6849, 24.3345, 13.2282, 13.2868, 23.1642, 20.0187, 13.2856, 29.1333, 12.6269, 3.69648, 17.3429, 12.6314 ], 
          [ 2.97693, 7.66683, 22.9783, 19.5176, 28.196, 17.4652, 29.5481, 22.3225, 12.3351, 16.4397, 12.9755, 8.03741, 27.9856, 12.0213, 23.6517, 13.0074, 17.3838, 9.48942, 4.45531, 22.2165, 24.0744, 16.7663, 25.5983, 21.9199, 13.6688, 21.0073, 2.12278, 25.6625, 14.5429, 16.7576 ], 
          [ 14.9044, 19.2987, 9.32431, 6.29692, 27.3159, 14.0312, 24.2394, 3.28492, 4.86109, 12.3878, 11.1885, 14.4253, 23.3818, 25.4209, 5.56363, 25.0209, 27.4737, 11.6189, 10.2489, 11.746, 14.7275, 15.349, 18.0314, 6.32421, 25.6022, 26.8306, 7.47318, 16.6655, 22.2692, 6.28079 ], 
          [ 3.85355, 8.1916, 11.3626, 2.70525, 4.91129, 5.30942, 27.3406, 19.3651, 11.9305, 5.17704, 29.7524, 24.6892, 9.91751, 28.9968, 24.0336, 16.3642, 25.0519, 9.64912, 20.486, 2.60485, 20.2672, 21.4392, 17.3107, 13.5267, 26.4879, 24.082, 15.1257, 5.79939, 7.3316, 10.5557 ], 
          [ 19.8933, 22.9636, 18.4278, 9.78001, 2.58518, 8.70047, 2.20309, 28.9133, 2.02583, 8.07039, 26.23, 13.7033, 17.4721, 25.7442, 8.35583, 6.64822, 22.9947, 29.8554, 7.3749, 16.7147, 2.47723, 17.8348, 3.89357, 11.6603, 20.8887, 11.0712, 13.7452, 7.34942, 6.24937, 22.0498 ], 
          [ 10.4224, 19.6592, 20.5143, 13.8507, 14.5937, 4.76932, 4.44451, 5.46846, 8.81535, 8.27165, 25.9291, 19.3593, 5.34275, 4.35145, 27.6328, 7.30883, 19.305, 3.88348, 1.16311, 10.0899, 28.0733, 5.31455, 6.14061, 15.1133, 14.9295, 21.3834, 20.484, 3.52863, 10.6479, 12.7799 ], 
          [ 11.1231, 19.8655, 18.2678, 3.02933, 29.0404, 5.58272, 2.85725, 3.69649, 3.47517, 27.971, 2.98941, 21.2873, 25.4427, 20.7606, 25.1369, 10.0831, 22.7604, 24.2028, 23.7251, 13.4508, 3.39543, 1.81119, 4.54647, 8.72495, 10.6284, 8.58305, 4.37593, 28.0107, 2.43008, 29.8586 ], 
          [ 7.88443, 6.48985, 21.8904, 16.7316, 10.9203, 12.7102, 12.115, 7.18025, 11.2847, 15.4721, 14.572, 18.1079, 16.228, 27.2485, 11.3445, 10.259, 10.1136, 28.8979, 1.92241, 2.32536, 26.5011, 24.0993, 10.0588, 9.03737, 18.3817, 14.5863, 6.92632, 15.4054, 23.882, 28.2021 ], 
          [ 19.6416, 8.30962, 28.5181, 19.9889, 1.31105, 17.773, 17.6488, 7.67601, 12.5983, 15.1448, 22.8449, 28.2942, 6.63884, 14.072, 14.4324, 17.0915, 12.905, 29.114, 29.3656, 4.17712, 5.57373, 27.8535, 6.94203, 24.9443, 12.9598, 25.7195, 18.9344, 24.1977, 16.0612, 9.40537 ], 
          [ 1.5173, 3.27804, 26.7201, 23.695, 11.6026, 13.6111, 20.8363, 6.5289, 29.7436, 5.4553, 26.3035, 16.6559, 12.1643, 8.64758, 12.8381, 15.1237, 28.9204, 20.1653, 29.6565, 3.91649, 17.4672, 22.7387, 20.5848, 12.6281, 25.2052, 7.11537, 28.6517, 9.56149, 13.6263, 11.7908 ], 
          [ 8.8116, 13.6237, 20.0984, 29.756, 28.3433, 12.014, 15.8201, 21.2675, 16.5283, 27.2927, 22.8257, 21.1021, 10.2606, 3.94347, 8.03706, 1.14615, 25.9314, 19.3447, 29.1808, 14.6943, 12.859, 17.8093, 11.9723, 24.9777, 17.2462, 28.8339, 22.6411, 13.5915, 14.9629, 22.9547 ], 
          [ 27.3438, 11.3937, 20.1591, 19.1922, 3.8899, 25.0489, 3.18151, 11.7237, 9.26658, 25.5109, 12.9867, 13.0399, 17.1155, 4.95302, 11.7476, 21.2157, 5.87598, 12.6588, 5.5052, 18.9664, 28.5863, 6.82279, 16.8876, 29.4456, 16.512, 24.165, 11.7155, 29.6487, 9.26731, 5.5531 ], 
          [ 21.3715, 7.09433, 29.6371, 19.0277, 28.7284, 27.2887, 19.4371, 15.917, 8.17138, 18.0029, 21.4547, 23.7425, 25.8794, 27.112, 26.6004, 27.3701, 13.3387, 8.07518, 13.1316, 5.12484, 19.9715, 13.9826, 3.83298, 5.86628, 4.09239, 20.1288, 23.831, 18.8521, 16.9782, 10.4617 ], 
          [ 24.6568, 11.3497, 19.2383, 1.61819, 22.2783, 26.2969, 8.23613, 29.0226, 20.2696, 12.872, 7.55842, 20.7193, 21.3905, 21.4401, 6.39645, 24.7738, 17.2792, 29.4007, 26.5209, 5.39525, 15.8172, 28.8328, 6.05925, 23.4587, 1.88535, 9.49718, 12.9522, 24.1136, 15.9607, 24.5454 ], 
          [ 18.2343, 12.254, 5.84488, 15.7847, 7.29662, 11.1993, 15.2646, 4.44033, 17.1141, 14.7547, 10.4666, 13.9007, 28.6466, 29.1894, 28.0651, 20.5521, 21.672, 1.12963, 7.35106, 6.46833, 5.41548, 6.75286, 7.32537, 6.28998, 17.5704, 27.8966, 19.6942, 26.4612, 25.6537, 2.51998 ], 
          [ 14.7985, 7.16627, 12.2383, 23.1587, 20.9807, 6.04675, 21.7709, 6.72785, 7.3462, 13.3291, 11.5214, 13.7722, 17.9547, 4.91855, 13.7261, 17.8325, 11.4475, 23.8751, 9.63818, 28.3101, 24.9492, 22.6066, 6.44484, 2.83482, 29.3029, 11.6533, 17.7854, 2.47702, 24.8869, 12.7145 ], 
          [ 24.3232, 5.8435, 8.92648, 3.84426, 9.53255, 26.4995, 15.2833, 19.1215, 15.6562, 9.3739, 26.1289, 16.2115, 10.1687, 23.2375, 5.98111, 7.54105, 9.6514, 1.70052, 7.86022, 15.3053, 4.21286, 15.9272, 12.8982, 29.8836, 19.9324, 27.4603, 28.1525, 16.8469, 5.59077, 19.0861 ], 
          [ 21.0367, 7.75326, 16.6687, 12.1904, 27.1381, 4.0729, 5.37536, 23.8548, 15.619, 9.80997, 15.4507, 8.77433, 12.0096, 19.6277, 26.5773, 19.4131, 19.3087, 13.4785, 14.023, 29.7206, 10.1658, 12.9137, 25.3905, 24.3032, 3.28003, 28.5024, 2.31639, 8.17602, 22.0089, 8.47066 ], 
          [ 6.73585, 19.8919, 24.4449, 6.60678, 11.62, 28.1969, 4.11795, 10.7846, 24.2482, 25.6631, 26.1014, 1.20795, 22.9241, 7.66691, 16.4114, 7.06096, 17.4186, 14.8038, 28.0712, 14.6648, 21.2477, 13.2175, 20.9377, 21.9047, 12.6511, 6.52624, 19.8708, 4.78151, 17.7155, 28.5761 ], 
          [ 18.3631, 13.1216, 27.4614, 3.56484, 20.9962, 3.30721, 24.225, 20.6152, 2.1936, 18.4348, 20.4272, 2.85843, 29.6149, 17.1392, 17.3021, 11.5544, 13.1297, 19.5618, 21.1385, 3.77592, 26.6955, 17.0803, 27.5951, 9.38286, 19.5761, 19.737, 6.32138, 17.9183, 19.4107, 15.1675 ], 
          [ 10.6492, 16.7561, 6.51572, 13.5607, 2.96765, 9.52668, 12.0358, 26.3407, 12.2991, 24.3554, 22.8165, 5.27334, 18.5581, 6.85224, 18.4912, 7.77822, 4.97276, 13.7847, 27.6391, 27.8445, 16.1963, 5.7946, 29.7574, 15.4128, 14.72, 23.1603, 1.88533, 17.6053, 24.1195, 12.1216 ], 
          [ 12.0459, 12.5197, 1.3948, 11.906, 10.5741, 18.1756, 2.61965, 28.4656, 7.36385, 28.0322, 9.10953, 26.418, 11.3856, 24.1825, 6.11266, 21.7423, 26.9547, 28.6901, 17.8704, 2.08919, 20.7328, 26.8165, 16.0323, 27.2362, 24.752, 27.5398, 28.3891, 10.8035, 9.91321, 29.5677 ], 
          [ 18.4095, 9.74248, 26.6733, 24.9819, 2.37562, 21.9719, 9.28702, 24.5168, 15.159, 24.8861, 29.3475, 12.628, 11.2884, 5.8473, 1.80004, 3.32781, 12.7933, 13.0375, 4.66477, 17.0087, 25.1764, 15.2705, 6.53223, 3.53925, 8.11321, 2.92061, 4.45152, 18.6448, 12.4467, 29.236 ], 
          [ 8.3473, 17.6056, 19.8434, 26.174, 20.4361, 16.5933, 13.1298, 21.3952, 26.932, 21.7167, 18.5566, 17.2789, 5.3172, 10.6267, 12.673, 28.928, 18.843, 23.4166, 8.08361, 1.46471, 27.8328, 29.6523, 29.7918, 11.0212, 11.7703, 9.19147, 19.7693, 28.6295, 18.0128, 11.43 ], 
          [ 29.634, 3.92475, 21.2119, 11.5764, 26.9036, 19.8598, 2.71391, 24.293, 19.6374, 10.1497, 9.1993, 17.3559, 19.0097, 22.7927, 16.4223, 3.19841, 25.5027, 21.476, 7.84443, 29.5265, 29.1488, 26.4819, 26.0769, 25.4067, 21.0325, 11.9112, 14.9215, 3.57708, 15.1181, 10.2405 ], 
          [ 29.3077, 1.62917, 21.962, 6.31666, 26.1734, 7.09953, 25.7558, 11.6105, 28.6024, 27.56, 14.6339, 12.7467, 26.6636, 8.68017, 5.21115, 27.2184, 3.14173, 7.39073, 21.1982, 29.2926, 25.6029, 20.3123, 1.73298, 26.8763, 5.05965, 20.2846, 23.5625, 22.9399, 22.9047, 10.3635 ], 
          [ 20.3463, 26.86, 23.1522, 23.4051, 9.59064, 23.5175, 7.69343, 21.5644, 16.6759, 23.3993, 6.14088, 19.5195, 13.4762, 7.46793, 6.9721, 7.69499, 14.936, 19.5133, 24.5895, 10.9999, 3.92073, 15.1282, 4.81433, 9.44101, 17.1276, 11.5328, 11.7072, 17.2124, 8.68283, 13.6125 ], 
          [ 25.0529, 9.63809, 17.865, 15.1191, 27.9172, 22.8605, 21.2511, 28.3878, 12.5669, 22.3363, 9.38366, 2.91317, 24.9158, 15.674, 18.3611, 10.619, 13.9716, 11.4502, 27.0504, 4.36516, 25.7699, 14.4036, 11.2129, 7.90604, 7.7809, 17.1634, 3.03008, 1.24662, 15.2056, 11.1455 ], 
          [ 26.4795, 26.3861, 20.4102, 12.8197, 7.74162, 4.4096, 21.1429, 18.966, 6.80614, 12.0352, 9.48702, 13.4561, 28.9668, 1.4833, 1.68363, 6.03392, 5.08032, 1.43967, 17.7959, 22.7055, 26.1413, 12.3683, 25.8433, 18.5572, 23.5115, 13.2724, 20.2684, 19.5668, 4.24746, 7.44174 ], 
          [ 16.8574, 12.9395, 11.3274, 14.5223, 25.9522, 26.2069, 28.4877, 12.7058, 5.39134, 12.1511, 13.0299, 29.9578, 9.46242, 9.30523, 8.07219, 26.1298, 27.9236, 27.2406, 22.4266, 21.4942, 29.1367, 10.8115, 8.51508, 19.3529, 11.7914, 8.81023, 19.1464, 17.416, 20.4807, 16.0975 ], 
          [ 17.3797, 19.4805, 1.11267, 7.87878, 3.12996, 8.4413, 7.12167, 4.73296, 6.51411, 18.6124, 25.6909, 16.133, 18.4075, 6.41891, 20.3413, 22.1779, 29.5541, 18.8401, 4.57729, 25.8039, 23.6626, 5.22958, 25.1932, 23.6636, 29.2138, 17.0899, 8.90592, 23.5901, 15.8515, 17.2964 ], 
          [ 17.286, 1.86904, 16.8155, 25.2584, 24.1561, 2.42487, 3.16784, 25.4885, 18.3762, 21.6861, 28.7723, 9.18274, 29.6607, 11.2931, 5.25214, 2.81542, 16.4482, 28.7157, 3.66842, 14.1519, 2.93346, 25.7577, 6.39858, 9.56782, 26.3314, 8.13267, 25.7269, 16.1886, 14.4448, 28.2635 ], 
          [ 4.30763, 6.9869, 2.06104, 20.929, 16.2201, 29.1385, 4.41745, 7.27029, 17.3924, 16.0321, 12.7115, 14.6006, 18.6423, 19.2266, 5.34857, 28.7276, 11.6061, 2.68425, 28.7889, 21.207, 26.5053, 25.8217, 24.9506, 25.2466, 6.11461, 27.7528, 21.1974, 6.74645, 4.68428, 6.73278 ], 
          [ 24.8336, 6.44261, 14.1517, 26.4523, 18.4686, 23.238, 22.2023, 18.197, 9.56211, 10.1778, 5.17933, 16.399, 20.6261, 19.252, 8.28172, 27.4871, 14.3098, 13.909, 27.2759, 13.7322, 16.2296, 10.637, 9.69362, 21.9506, 6.0984, 29.4867, 27.4819, 18.0605, 27.8361, 27.0513 ], 
          [ 17.497, 17.3148, 27.4003, 1.8581, 10.7972, 26.8323, 7.74665, 14.8512, 17.2342, 6.51046, 2.11383, 19.3101, 9.11437, 4.19812, 23.1024, 5.61583, 10.4074, 8.80719, 20.5402, 29.3057, 23.1473, 24.88, 26.1687, 3.754, 2.57562, 24.7535, 14.8652, 19.8629, 18.0745, 18.7497 ], 
          [ 28.8936, 9.64816, 23.3637, 3.23435, 10.2201, 14.5998, 24.4166, 24.3809, 11.971, 25.335, 9.07504, 6.73354, 27.5212, 1.74353, 29.2657, 8.38628, 6.20518, 5.37884, 14.7868, 22.2551, 23.6675, 17.8737, 26.4171, 10.3817, 2.09364, 24.9272, 18.4876, 14.2372, 16.2685, 20.004 ], 
          [ 2.37037, 19.7817, 12.4506, 20.485, 5.06518, 18.5362, 29.1017, 8.77914, 12.4006, 27.118, 10.9038, 1.64759, 13.4415, 8.42573, 5.9713, 23.8941, 10.3676, 24.5504, 26.6747, 6.1604, 24.512, 20.1756, 28.7735, 16.8854, 16.9777, 20.3439, 9.47609, 23.7694, 7.31413, 13.936 ], 
          [ 27.9895, 25.6344, 25.6278, 24.8281, 12.0356, 28.4297, 3.16531, 22.2961, 15.4255, 25.1085, 28.3171, 26.5857, 12.9877, 26.1754, 8.70036, 25.1069, 16.356, 13.4359, 17.3206, 13.4282, 10.2889, 2.57166, 22.9171, 4.8158, 25.5451, 10.9762, 8.03928, 12.7976, 13.8834, 27.308 ], 
          [ 27.0874, 17.5971, 16.3334, 14.1453, 16.8424, 14.1455, 13.9379, 28.6495, 6.07815, 20.8741, 20.2404, 12.2628, 20.367, 14.5856, 29.8823, 12.1054, 29.4518, 16.3281, 13.2413, 14.5351, 13.2201, 1.92207, 5.97732, 8.92792, 2.35218, 24.9286, 23.1188, 4.25307, 5.32962, 21.2699 ], 
          [ 18.3163, 7.82165, 11.1002, 20.6799, 14.6947, 2.92769, 16.3824, 1.6884, 17.0477, 1.63099, 23.1263, 22.216, 6.96683, 2.02305, 14.823, 7.58498, 10.3009, 20.4554, 13.0365, 11.5838, 26.7768, 4.01394, 28.5735, 23.5864, 9.47227, 7.10654, 29.8869, 14.2071, 1.21667, 9.435 ], 
          [ 24.7014, 29.623, 14.8984, 21.3951, 20.1654, 4.48475, 29.0961, 6.70838, 8.93429, 1.96515, 12.8846, 2.02894, 22.4231, 21.3618, 19.6719, 21.8213, 28.6578, 8.16459, 29.3898, 2.86937, 25.6154, 19.9345, 26.0467, 27.7813, 19.657, 11.6488, 2.61075, 3.41765, 6.43651, 5.07732 ], 
          [ 23.3824, 25.6554, 5.17657, 12.8009, 25.3261, 9.73139, 24.426, 21.4616, 24.2222, 26.9404, 27.3493, 28.0079, 11.173, 16.9735, 29.8186, 14.9715, 5.60645, 28.0961, 24.3551, 6.2915, 6.52332, 8.58986, 10.646, 22.6674, 25.6558, 28.0699, 7.51361, 26.1262, 3.03391, 29.8622 ], 
          [ 23.6173, 19.4347, 13.6609, 10.5018, 26.9607, 21.5844, 16.9208, 1.66563, 16.8426, 17.7216, 21.3897, 25.1171, 7.0182, 22.3345, 18.4784, 3.94748, 14.0201, 20.9343, 28.2458, 28.7492, 27.4797, 19.2735, 9.84577, 19.7516, 28.6567, 14.4549, 22.0109, 22.3862, 11.0256, 20.047 ], 
          [ 12.9425, 22.6021, 25.8591, 23.4234, 3.54485, 14.1646, 17.9067, 22.2776, 27.6607, 4.91259, 7.52751, 11.0236, 29.029, 13.2966, 7.2801, 21.0294, 19.01, 14.4843, 19.5886, 1.63151, 16.1062, 21.7789, 22.0504, 25.9216, 26.2742, 2.27057, 29.0338, 9.74694, 21.6057, 2.61935 ], 
          [ 3.42966, 20.5511, 27.4634, 14.5076, 13.0912, 14.0767, 25.8752, 26.0139, 15.2293, 24.5178, 6.66246, 27.0923, 3.49995, 6.68257, 21.2846, 16.6039, 25.8881, 26.8819, 5.82587, 3.71684, 29.7538, 9.53624, 12.8133, 27.6951, 5.98843, 28.9882, 26.324, 9.76993, 20.1809, 14.5506 ], 
          [ 2.0657, 18.661, 11.4485, 9.87112, 27.079, 12.2566, 13.965, 2.9614, 3.62357, 8.65472, 13.8587, 15.6503, 17.415, 18.7735, 25.3639, 10.7708, 12.6787, 29.0783, 12.4207, 27.372, 16.4227, 20.2768, 18.3159, 14.8554, 23.4161, 17.4877, 15.3047, 3.75066, 6.89023, 16.7767 ], 
          [ 27.7026, 14.5487, 11.2628, 4.84168, 9.31401, 16.2052, 20.7042, 24.4025, 6.0864, 14.6818, 5.74368, 16.5965, 28.4887, 17.6795, 13.5751, 13.469, 12.8627, 17.1482, 23.3524, 27.0613, 9.24492, 2.38092, 27.1749, 7.67331, 7.87089, 25.2822, 17.6137, 1.99759, 13.1607, 22.3032 ], 
          [ 5.19911, 4.05404, 24.0947, 21.9517, 15.3831, 18.4557, 29.5065, 3.76308, 6.49783, 15.6254, 19.9097, 29.7644, 23.9236, 5.69191, 12.883, 12.1044, 2.71986, 9.90183, 27.5352, 26.0207, 24.8458, 15.3348, 4.47034, 15.6982, 27.8476, 16.1524, 1.50653, 7.75935, 23.9443, 29.6094 ], 
          [ 20.1768, 21.7457, 10.1722, 2.8019, 9.38476, 4.06519, 23.4137, 16.2585, 27.0514, 28.6578, 19.387, 13.6671, 11.1543, 18.9305, 11.5978, 11.6225, 1.64272, 23.724, 4.77574, 21.4822, 4.44554, 29.5189, 25.5434, 19.4958, 22.1604, 15.409, 28.9413, 8.30658, 11.5746, 10.294 ], 
          [ 2.27436, 3.92294, 21.3475, 2.08486, 3.10793, 18.523, 9.59862, 16.6075, 28.087, 20.7766, 21.8688, 1.47297, 28.5993, 8.08271, 16.9546, 9.69624, 27.4953, 17.7632, 9.25013, 18.691, 26.3995, 4.46626, 18.5998, 9.08759, 18.635, 23.0448, 12.0852, 23.1816, 5.96198, 14.8953 ], 
          [ 16.2745, 3.55099, 10.4644, 12.5637, 28.0344, 15.5648, 17.7788, 24.515, 3.70565, 14.5368, 6.45398, 14.8843, 12.4334, 17.3675, 11.9898, 17.762, 16.5854, 13.5384, 28.79, 17.1176, 11.8444, 11.8652, 9.36635, 5.83824, 14.164, 1.66184, 16.9041, 11.1245, 19.3813, 3.98885 ], 
          [ 2.93628, 13.1595, 3.04154, 23.5406, 10.1077, 26.1002, 6.09388, 22.1235, 18.8807, 29.9443, 29.0104, 15.6256, 3.85227, 9.26379, 10.8473, 4.3758, 2.63015, 24.5819, 3.48915, 8.49861, 23.448, 21.3475, 20.3069, 12.2537, 25.3802, 10.522, 21.1122, 2.74713, 20.3831, 19.208 ], 
          [ 5.85416, 2.34503, 15.6338, 13.2059, 12.427, 19.3266, 13.8469, 27.0915, 27.3485, 19.2687, 6.29597, 7.16991, 1.15295, 3.97245, 5.64977, 10.4251, 26.054, 17.9514, 21.6994, 12.4419, 3.70492, 1.72535, 1.33585, 5.18702, 15.1158, 19.1552, 16.5491, 1.58793, 12.9333, 1.5735 ], 
          [ 8.5253, 24.341, 10.6524, 7.98901, 14.7921, 27.1252, 12.0297, 2.7744, 21.048, 18.1978, 8.319, 24.1527, 22.2908, 11.0635, 14.2419, 7.12071, 16.4291, 12.3405, 16.3804, 18.9392, 28.5756, 17.8701, 12.9821, 20.3308, 23.8745, 9.34743, 15.7046, 15.9215, 4.44453, 4.9895 ], 
          [ 24.2498, 3.9632, 11.2181, 27.5972, 23.3084, 6.70467, 24.6262, 5.36446, 27.8589, 26.45, 5.02913, 17.06, 16.0052, 5.32031, 20.4291, 7.58436, 27.501, 14.7023, 13.784, 23.3786, 29.1441, 16.0361, 20.0544, 24.8292, 6.35943, 27.4906, 21.2712, 7.397, 24.5513, 21.0519 ], 
          [ 2.76006, 24.5151, 15.4961, 18.3423, 6.84812, 26.9464, 3.93745, 14.1748, 21.1259, 13.0039, 12.2674, 2.80616, 23.468, 25.0494, 22.5461, 17.4197, 17.85, 29.9814, 29.4016, 1.94488, 19.5558, 11.8809, 23.2633, 19.4412, 25.7084, 29.4617, 29.0902, 24.964, 15.5312, 16.1148 ], 
          [ 11.6525, 29.8827, 16.0264, 2.63413, 29.5271, 17.4361, 22.323, 6.06692, 26.5598, 2.41591, 27.8665, 23.4387, 27.3648, 15.5282, 28.6141, 26.2081, 23.375, 17.6686, 11.6427, 27.1628, 8.23833, 22.735, 7.90628, 17.7607, 25.3067, 5.30233, 23.6285, 17.3015, 15.2197, 3.74026 ], 
          [ 18.7751, 4.04603, 22.5192, 6.3854, 6.80908, 28.6674, 2.00779, 17.1209, 27.1616, 20.622, 12.4596, 5.66253, 12.8307, 15.3212, 25.2239, 24.2513, 21.0543, 25.1278, 21.1164, 23.5841, 2.30668, 21.7161, 25.9504, 1.68143, 4.43021, 19.2754, 15.3436, 22.8724, 10.045, 27.9583 ], 
          [ 5.72754, 15.6589, 27.9137, 1.2457, 25.9892, 6.40829, 6.33759, 25.1035, 5.29694, 26.8167, 9.91279, 23.6564, 10.4673, 29.2068, 16.9802, 20.7704, 1.3922, 4.02804, 29.2864, 9.88806, 8.8744, 15.8461, 5.37221, 18.2353, 19.7615, 2.01292, 21.1163, 21.4477, 22.0054, 19.5244 ], 
          [ 21.2334, 27.4072, 9.68398, 29.6295, 6.98664, 27.7633, 8.68121, 19.5713, 2.12725, 4.38399, 26.0583, 13.5659, 14.0226, 12.7137, 11.3965, 17.2865, 4.38316, 13.8174, 10.7347, 15.8543, 16.7623, 28.3122, 12.091, 26.7466, 22.3989, 3.95858, 23.0802, 13.8404, 12.3733, 15.1154 ], 
          [ 15.1979, 25.0518, 5.60943, 9.51984, 7.33335, 7.87089, 2.34923, 8.241, 2.19171, 5.14712, 19.6982, 23.2175, 7.13696, 22.6565, 29.0956, 19.4127, 17.7807, 22.9516, 28.753, 4.33463, 28.3302, 2.22944, 15.8114, 9.52501, 11.6408, 3.91731, 24.9111, 5.83408, 19.3543, 7.54337 ], 
          [ 25.0104, 4.18086, 9.44833, 13.989, 7.72326, 26.0512, 20.3497, 7.5691, 2.16971, 21.1444, 11.0486, 28.6607, 28.7683, 6.17789, 20.2798, 28.1346, 4.40426, 24.3003, 20.4748, 4.23373, 12.2528, 13.6537, 25.9851, 13.2252, 16.8524, 20.0841, 10.8499, 22.1308, 3.21968, 6.44962 ], 
          [ 20.0717, 2.86112, 15.1233, 23.9561, 13.9292, 27.1969, 9.22685, 7.40548, 29.0192, 2.21182, 14.9707, 27.3848, 27.2122, 4.15665, 22.9955, 4.80214, 6.14236, 2.08327, 18.943, 1.31295, 10.1181, 14.765, 12.8477, 3.56104, 3.44618, 8.20638, 16.825, 13.1116, 13.5162, 25.0456 ], 
          [ 22.4615, 7.28123, 9.98652, 9.63445, 18.4691, 6.1602, 7.77932, 6.67906, 19.9321, 8.44148, 1.77321, 21.8016, 8.24804, 4.42779, 19.7452, 10.3536, 29.2126, 4.47582, 3.00039, 17.101, 21.7552, 7.90697, 25.0902, 9.54948, 6.03243, 29.7076, 11.9503, 19.0853, 3.27761, 23.7316 ], 
          [ 26.7538, 25.7818, 25.0381, 28.4947, 13.748, 27.768, 3.72716, 11.4752, 4.41412, 16.9263, 24.962, 3.75199, 21.1264, 13.6891, 17.1021, 3.30537, 12.1412, 23.9464, 26.3661, 14.0521, 13.7723, 9.33223, 4.4569, 6.43678, 11.6907, 11.688, 14.8773, 16.073, 2.28773, 24.9665 ], 
          [ 27.6436, 24.8225, 28, 27.6264, 21.2714, 8.92663, 13.2507, 28.9352, 6.89216, 26.2089, 12.1895, 1.09656, 25.9987, 1.00802, 18.2521, 27.7165, 14.0702, 17.1018, 24.5843, 22.1231, 13.0954, 1.86595, 15.8615, 13.0603, 18.6007, 9.28965, 28.973, 6.20255, 24.682, 24.1707 ], 
          [ 4.72476, 8.44282, 12.759, 24.9014, 5.24971, 7.28132, 4.02929, 4.23353, 12.3506, 14.1737, 1.78265, 25.4628, 15.8347, 28.7019, 7.1895, 16.3791, 5.71546, 15.6143, 6.72204, 8.21083, 15.4613, 5.23725, 1.03782, 10.4388, 22.9166, 11.5284, 8.84806, 7.67793, 11.4486, 13.5126 ], 
          [ 16.7759, 8.89945, 12.887, 6.28082, 24.065, 9.511, 17.7498, 5.25387, 10.4106, 24.1016, 19.1656, 12.5801, 20.7906, 12.7562, 25.839, 13.7052, 25.4584, 29.2817, 3.05086, 28.5788, 16.3585, 5.89479, 3.3984, 10.7635, 13.6855, 8.2128, 28.8488, 8.35387, 28.0203, 22.3712 ]
        ]
      ];
r = [
        [59874.2,74525.7,56008.5,81156.1,71166.8,50649.3,80988,68963.4,60685.5,59107.8,50547.4,65969.3,58369.5,55727.7,76380.2,52897.3,74840.8,72777.5,73295,80021.3,70669.1,60443.7,73400.7,77711.6,62387.9,60709.3,74684.5,70923.6,59163.4,79427.7 ], 
        [80209,65256.8,53681.6,52717.6,67321.2,61063.9,51610.8,78189.3,66217.9,63770.4,51404,58909.4,64083.6,56733.2,81407.8,68142.7,62433.5,63180.6,53801.8,70150.6,56380.3,64578,81694,56968.7,81829.8,65752,65700.1,61606.5,56378.2,57789.6 ]
     ];
d = [
        [32460.1,76310.8,16555.7,38075.5,85028.5,52221.2,89994.2,85933.7,41185.7,15281.7,20875,78886.7,32358.2,50266.4,73663.5,57715.7,79137,64702,13111.2,71895.3,42209.5,82286.8,28421.7,59467.3,59331.9,24405.8,40152.1,86190.1,53297,12686.9,40877.6,59315.4,72448.4,38015.7,29327.2,60414.5,85433.9,20595,73544.8,19219.4,19052.7,40357,39276.8,63773.2,33574.9,70752.7,11342.3,33957.6,88723.4,44990.7,27155.7,49525.4,48002.7,57670.6,77139.8,82485.1,11551.5,12607.8,29508.4,77412.9,42823.4,56908.3,82841.7,69149.6,39749.4,43214.6,20457.7,62036.6,10656.6,23297.6 ], 
        [67767.6,24624.1,78952.7,46932.9,62026.8,4824.98,22321.6,19201.3,11533.1,73074.1,32983.6,86034,28848.2,47963.5,53706.8,62544.3,30109.2,34980.6,27055.4,57299.9,64760.3,1526.73,63221.5,75487.9,35724.9,74206,73077.2,48275.8,16786.7,57222.2,67927.7,9840.58,15544.9,64799.2,8803.3,57466,42055.2,69727.2,25159.2,71924.9,33582.1,80154.3,34767.7,2777.7,37279.6,41115.4,77103.2,43232.9,76998.7,38094.5,78851.3,42735.1,55752.4,26231.5,60256.9,40140,13467.4,26130.4,41348.5,62419.9,58684.2,14738.1,80854.3,16058.7,52699.3,41429.8,7948.26,32121.8,67475,49652 ]
     ];
