/***************************************
* STOCHASTIC OPTIMITZATION
* OPL S2FVPP Data Generator
* by Jordi Mateo Fornes
* Model = S2FVPP; Stochastic (2S) MIP 0-1;
* Representation = Compact Representation;
****************************************/
I = 100;
P = 30;
C = 70;
G = 2;
p = [ 0.01, 0.01 ];
pc = 0.02;
ORCHARDS = { 1, 2, 3, 4, 5, 6, 7, 8, 9, 10, 11, 12, 13, 14, 15, 16, 17, 18, 19, 20, 21, 22, 23, 24, 25, 26, 27, 28, 29, 30 };
CUSTOMERS = { c1, c2, c3, c4, c5, c6, c7, c8, c9, c10, c11, c12, c13, c14, c15, c16, c17, c18, c19, c20, c21, c22, c23, c24, c25, c26, c27, c28, c29, c30, c31, c32, c33, c34, c35, c36, c37, c38, c39, c40, c41, c42, c43, c44, c45, c46, c47, c48, c49, c50, c51, c52, c53, c54, c55, c56, c57, c58, c59, c60, c61, c62, c63, c64, c65, c66, c67, c68, c69, c70 };
CGV = [ 12.3627, 25.4853, 10.2329, 20.683, 21.6957, 11.0756, 12.6637, 23.7192, 29.747, 24.3349, 1.6333, 4.32544, 17.4201, 25.5003, 10.542, 10.3069, 6.75382, 6.70016, 11.987, 21.4619, 7.0354, 11.8772, 18.5623, 13.2509, 13.4674, 27.7698, 8.32329, 29.4574, 27.4332, 21.3173 ]; 
s = [ 2.84972, 2.63639, 2.93451, 0.881518, 0.485698, 0.306994, 0.525129, 0.687612, 1.28742, 1.62071, 1.89602, 2.57658, 2.98629, 1.68668, 1.96442, 1.15665, 2.91276, 1.99352, 2.48752, 0.680003, 0.552075, 2.98777, 0.270194, 1.38969, 0.820449, 1.419, 0.795921, 2.74378, 2.73897, 28.9432 ]; 
CSV = [
        [
          [ 6.6406, 4.45835, 10.4775, 4.74217, 8.75183, 22.686, 29.0002, 14.4821, 24.8085, 1.63728, 8.52498, 3.60861, 4.54477, 22.8127, 7.13375, 26.6119, 4.61837, 26.7515, 8.30092, 9.72149, 4.41289, 9.72883, 28.6868, 6.05486, 20.2866, 6.00423, 23.2779, 18.4509, 18.8156, 5.39779 ], 
          [ 7.5304, 16.1521, 26.6146, 27.5071, 28.141, 24.1779, 27.7956, 14.2949, 26.352, 10.6286, 15.8423, 18.0522, 4.67094, 23.2202, 1.27784, 12.7738, 8.7462, 22.7425, 7.5827, 12.5933, 24.8339, 6.77669, 12.4572, 12.6431, 7.30477, 11.191, 2.00647, 26.4274, 17.6776, 6.68736 ], 
          [ 13.3914, 2.86931, 2.14901, 11.1762, 23.2979, 21.4933, 12.8053, 11.2341, 23.5979, 12.4049, 15.4616, 8.53953, 26.9119, 11.0513, 9.764, 25.3199, 4.45787, 22.7781, 23.1069, 1.33928, 3.37079, 6.34813, 24.3586, 11.836, 11.9921, 2.40827, 23.9236, 21.8021, 21.0312, 1.2021 ], 
          [ 8.85328, 12.781, 7.44726, 7.52512, 8.44451, 4.17404, 28.5352, 2.46294, 23.2414, 21.1717, 26.5428, 10.4821, 17.9947, 28.7502, 26.3256, 10.2111, 14.758, 18.4522, 1.35114, 2.52076, 9.78616, 24.4079, 13.707, 4.02728, 1.45882, 15.4555, 19.8173, 1.49032, 29.7102, 29.7607 ], 
          [ 19.0811, 9.58644, 27.7508, 29.03, 17.8604, 13.1834, 25.3713, 16.0769, 1.10057, 8.041, 12.0985, 17.473, 4.95824, 27.5135, 24.6297, 27.1852, 10.6948, 24.6895, 15.7498, 13.8151, 21.5027, 3.56673, 15.1302, 3.23558, 24.4371, 1.42096, 1.15435, 24.9198, 20.3879, 22.8439 ], 
          [ 8.94469, 7.299, 20.0623, 14.7458, 25.1966, 3.82764, 27.8345, 13.5389, 22.7978, 10.6829, 10.6839, 23.0039, 19.959, 1.19388, 19.6358, 16.8534, 29.4458, 21.0752, 22.6781, 5.19584, 29.774, 9.65869, 11.2557, 20.1672, 11.0258, 7.27072, 6.35713, 12.9326, 16.9556, 7.02994 ], 
          [ 12.6523, 4.84072, 13.2903, 20.2948, 24.3586, 24.4945, 23.3799, 26.8119, 28.4986, 22.3227, 17.7055, 24.9162, 5.2538, 20.5298, 20.2925, 9.78519, 10.1276, 17.5083, 11.6582, 9.15489, 3.65027, 6.48885, 29.4599, 7.49673, 10.1601, 24.7431, 24.8596, 3.76005, 5.8959, 23.5427 ], 
          [ 25.4693, 11.3393, 27.1018, 3.42647, 8.67848, 19.0821, 10.7248, 14.3699, 17.7232, 2.04218, 18.9479, 16.5932, 13.4727, 14.2581, 1.11948, 18.7544, 26.4134, 5.50378, 1.25938, 24.8221, 11.0676, 9.35459, 4.74703, 21.5737, 3.14011, 29.389, 25.9631, 12.1906, 20.2384, 10.5921 ], 
          [ 25.1445, 5.70108, 29.2306, 6.72757, 23.0561, 27.3405, 17.4464, 29.2144, 6.59269, 18.8184, 5.74096, 24.3915, 29.3112, 6.73097, 3.18019, 7.60605, 23.9588, 29.9244, 17.9043, 13.45, 3.90826, 28.1291, 16.1596, 17.9669, 11.7597, 29.666, 14.5303, 6.18231, 3.26495, 2.00009 ], 
          [ 26.6683, 26.1801, 21.9221, 25.0027, 8.98654, 17.1373, 11.3315, 6.66672, 25.01, 16.9297, 21.2761, 28.8759, 25.6096, 17.8962, 11.8554, 7.25066, 6.89338, 9.15349, 27.0067, 3.52171, 4.14734, 22.2454, 27.2053, 7.23568, 17.4676, 10.984, 25.2032, 18.1376, 6.95953, 14.2469 ], 
          [ 9.02223, 2.52757, 20.8886, 14.5292, 22.3044, 27.6204, 4.39013, 29.0248, 23.0672, 19.8984, 21.7338, 23.1925, 27.9335, 21.5031, 14.3858, 12.6208, 3.05229, 10.0394, 4.73897, 11.0744, 10.7768, 22.8879, 24.9233, 1.71493, 22.5835, 22.4639, 22.2312, 23.7726, 11.0532, 18.26 ], 
          [ 4.52561, 14.4704, 7.92915, 14.4979, 17.8182, 11.0338, 12.0412, 16.3298, 18.4633, 5.21052, 14.2093, 24.1159, 3.5544, 22.1884, 5.64493, 6.54243, 3.44816, 20.9943, 24.7246, 11.1692, 25.3191, 15.4466, 21.0287, 11.4184, 29.675, 21.3508, 28.7514, 18.5921, 23.0946, 13.7389 ], 
          [ 21.3266, 21.336, 11.115, 8.5761, 24.1648, 25.8479, 26.6344, 26.1823, 28.3529, 8.05977, 8.68382, 15.7333, 18.107, 20.3802, 12.3958, 6.05651, 12.206, 16.0936, 6.03826, 4.92215, 24.798, 2.74418, 4.94009, 5.28242, 26.3049, 22.8637, 5.61964, 18.9122, 2.87335, 8.59019 ], 
          [ 7.26614, 23.6459, 20.6449, 19.5466, 19.2428, 27.8738, 15.6998, 22.1409, 27.8059, 28.5342, 13.8216, 5.41742, 16.5226, 15.4626, 24.255, 7.63485, 22.7325, 9.45475, 21.5533, 6.88016, 14.5736, 20.9676, 15.3506, 11.3178, 3.23897, 17.1488, 12.6167, 2.12475, 10.5136, 21.1738 ], 
          [ 13.544, 9.29317, 28.8641, 23.3645, 22.4395, 4.19095, 25.3676, 3.63062, 29.2834, 20.4478, 3.45018, 4.4792, 29.1164, 24.9758, 24.2661, 2.77189, 2.57178, 27.1536, 5.10344, 18.149, 21.1915, 28.1355, 23.4825, 24.821, 9.04923, 1.44689, 2.7662, 28.1166, 24.9431, 10.1158 ], 
          [ 11.3433, 2.30048, 5.02874, 19.9163, 27.4798, 12.1225, 12.2234, 14.5538, 29.1205, 14.5757, 9.91455, 16.9402, 24.6234, 1.33363, 20.1471, 29.1345, 16.2266, 28.6699, 15.4909, 12.694, 1.45259, 2.64354, 24.7028, 29.85, 8.23528, 8.91573, 12.1601, 14.735, 19.232, 6.63539 ], 
          [ 13.2529, 5.65559, 24.9196, 6.09911, 6.78291, 19.5097, 5.26429, 24.9657, 13.3716, 13.2901, 17.7519, 9.12174, 12.5532, 2.38925, 4.68011, 9.33313, 29.7383, 18.2875, 1.58019, 18.5608, 15.691, 13.3638, 6.03323, 9.23003, 3.82827, 22.0881, 13.0334, 16.8339, 10.4949, 25.5802 ], 
          [ 19.9711, 26.1209, 24.0188, 19.2875, 7.4307, 21.0645, 24.8907, 1.45599, 10.533, 9.80564, 21.5398, 13.3407, 26.1345, 11.7063, 2.92587, 29.6854, 23.6665, 7.16667, 22.2165, 4.12961, 29.6397, 20.6825, 4.00852, 24.7929, 11.4318, 1.34562, 12.7348, 4.74218, 9.46215, 16.7156 ], 
          [ 19.8073, 18.4847, 13.1708, 7.08522, 29.9531, 26.6159, 9.90108, 6.34884, 24.5424, 25.6689, 8.29478, 1.66034, 27.8805, 20.9737, 27.4839, 17.0914, 20.8879, 16.0036, 17.7935, 26.0076, 28.0172, 3.00926, 29.6121, 6.53241, 27.8811, 24.5339, 14.9933, 2.17863, 13.1709, 26.5148 ], 
          [ 14.1991, 15.4438, 13.8828, 17.0104, 15.2761, 2.4452, 12.2431, 22.658, 26.1712, 7.7383, 5.43851, 14.6246, 24.4328, 20.243, 26.6061, 13.5512, 21.6959, 29.0883, 8.89044, 9.09006, 10.6866, 18.6008, 2.86429, 6.4315, 26.3164, 3.40312, 15.7864, 27.2789, 2.42135, 24.6829 ], 
          [ 15.4536, 22.892, 26.6373, 2.94046, 27.6717, 7.39754, 3.31062, 2.25266, 9.93444, 25.4509, 27.6096, 4.24582, 2.94461, 16.6765, 11.4553, 21.5179, 13.0109, 25.3377, 21.2511, 28.5139, 21.4308, 18.723, 16.5115, 21.8732, 25.9251, 22.7436, 29.1884, 18.2997, 19.8451, 21.7258 ], 
          [ 21.9699, 17.0689, 20.8508, 3.18078, 15.9242, 26.4352, 21.2804, 1.91482, 26.8881, 1.24769, 7.95279, 6.76699, 23.382, 22.7177, 23.0154, 18.4574, 6.35355, 11.5455, 17.6506, 22.7489, 16.0994, 11.6689, 21.2028, 15.1073, 23.5757, 7.45747, 1.33158, 25.9695, 10.8111, 18.9207 ], 
          [ 20.7191, 22.42, 13.615, 12.7656, 19.7601, 7.27882, 16.0799, 15.435, 6.66774, 2.21208, 8.47742, 10.8395, 27.731, 2.2765, 26.4647, 26.139, 16.6864, 11.7104, 23.6067, 25.2288, 15.5854, 17.4988, 20.757, 13.5161, 15.7345, 20.8203, 12.2663, 28.6792, 29.2614, 4.63287 ], 
          [ 11.6121, 6.08983, 4.50067, 12.4547, 8.05457, 24.5986, 17.4313, 3.47315, 10.7543, 19.1069, 8.25717, 23.4415, 23.0153, 28.6674, 6.67961, 12.5791, 26.9802, 18.4034, 1.20779, 5.78781, 3.68869, 8.17101, 21.4335, 6.25629, 20.2308, 4.00307, 9.53854, 10.8583, 17.9671, 14.6654 ], 
          [ 3.44331, 10.1274, 16.3016, 21.1442, 23.9908, 4.46501, 24.7612, 6.39098, 2.41453, 20.2372, 28.3379, 9.67941, 13.6147, 4.99373, 14.9619, 4.9505, 21.9793, 23.0887, 19.9503, 8.2177, 19.7047, 4.819, 16.1476, 3.93309, 10.6699, 15.2206, 28.3313, 2.27376, 12.5967, 17.4804 ], 
          [ 6.72736, 13.2523, 29.2549, 6.23169, 8.68752, 22.1833, 8.75439, 8.72497, 19.749, 3.70157, 28.6354, 8.08128, 15.4132, 13.4865, 16.2789, 3.80019, 24.3445, 4.06819, 1.41565, 8.99267, 20.1392, 25.5616, 27.5154, 29.3757, 19.7489, 17.7262, 13.2623, 15.4646, 15.4299, 7.24717 ], 
          [ 16.4503, 27.9217, 22.1917, 26.3551, 1.21195, 27.7079, 8.02113, 18.8762, 16.2065, 12.6478, 10.1006, 11.348, 12.6094, 5.7623, 22.5662, 20.6065, 17.2086, 19.0596, 7.94167, 14.1899, 9.00328, 16.0778, 13.4567, 23.3111, 5.11288, 6.13366, 17.628, 18.9134, 13.6132, 5.76094 ], 
          [ 9.07122, 8.82616, 29.6253, 11.8149, 1.69065, 29.9383, 27.3721, 20.876, 4.56349, 17.7206, 14.9808, 3.40913, 15.3882, 15.1149, 17.86, 29.9636, 5.49893, 15.1143, 28.584, 15.8889, 5.88294, 7.02978, 28.4113, 6.4597, 17.0795, 26.5911, 16.294, 9.39069, 16.4823, 22.6039 ], 
          [ 5.49662, 21.5443, 15.4487, 9.69811, 2.39023, 10.9684, 20.3897, 25.7519, 11.0886, 21.4258, 27.9378, 29.5039, 5.6915, 6.05454, 8.97233, 29.3105, 16.8416, 11.0097, 25.1739, 20.2362, 15.9426, 18.6405, 27.4704, 7.02434, 21.94, 6.35435, 26.5433, 4.26389, 29.3086, 12.8614 ], 
          [ 11.882, 4.39073, 23.1025, 12.5039, 22.877, 19.6907, 20.4023, 1.89053, 18.4203, 20.4642, 25.2463, 20.0256, 27.1133, 27.3479, 21.8001, 17.7176, 6.70886, 10.7834, 21.505, 27.2607, 24.6156, 4.36665, 19.6614, 4.7478, 3.45471, 15.5309, 13.1546, 23.0551, 6.65107, 22.3437 ], 
          [ 1.27027, 29.1376, 26.1904, 8.17387, 25.4236, 11.0268, 1.80309, 4.75075, 26.7183, 18.1672, 1.96553, 18.0203, 4.69648, 11.9764, 29.0703, 4.66208, 24.1532, 16.0019, 12.9198, 26.4075, 1.98582, 28.5625, 20.079, 17.8992, 3.89189, 25.4505, 12.0987, 16.6195, 22.841, 12.2019 ], 
          [ 2.49849, 25.8721, 18.0258, 16.0202, 2.22384, 14.4464, 15.462, 2.33131, 21.0645, 28.8967, 5.86583, 13.4448, 5.6025, 11.4649, 22.6166, 14.3783, 19.133, 23.0846, 3.12933, 13.5427, 24.8427, 20.0651, 29.6816, 17.2128, 16.4792, 26.7145, 11.8133, 13.6657, 11.8599, 1.83475 ], 
          [ 22.4554, 6.24964, 6.83882, 4.65409, 27.5108, 11.874, 4.86545, 26.3287, 28.6714, 14.8598, 10.2874, 27.6979, 12.6708, 19.8819, 12.919, 17.2192, 19.0596, 28.6529, 8.33867, 25.9739, 29.3014, 23.0379, 2.74257, 13.9424, 4.00915, 11.382, 8.59573, 25.7092, 6.82693, 3.40311 ], 
          [ 19.5003, 24.6059, 22.6231, 22.0424, 20.6775, 29.9485, 22.2018, 18.7772, 19.9927, 6.51016, 18.6202, 17.8599, 12.2967, 17.5889, 14.2815, 25.7721, 23.3797, 21.2655, 9.96439, 9.98677, 3.35802, 14.9228, 13.4797, 24.8091, 28.0451, 28.4845, 7.85816, 14.7685, 17.1792, 6.71708 ], 
          [ 14.5236, 25.7165, 29.6157, 14.0111, 26.1173, 22.4412, 13.4597, 23.3942, 23.2749, 6.32898, 8.16032, 19.1919, 4.64355, 4.77852, 29.1516, 15.4005, 13.1267, 3.17796, 17.3055, 14.7275, 28.7931, 17.5326, 26.4444, 13.7072, 11.5179, 24.5992, 7.61445, 29.8989, 27.5098, 29.0131 ], 
          [ 26.7984, 10.9339, 3.84951, 21.5137, 23.1289, 15.4452, 29.1068, 18.5703, 27.4949, 23.2603, 7.48167, 13.232, 22.422, 3.54988, 19.0027, 26.885, 8.43183, 13.4382, 3.42209, 28.9682, 18.3331, 23.2906, 8.32031, 5.51892, 6.49615, 27.672, 24.8751, 1.97928, 20.0674, 13.8535 ], 
          [ 24.6118, 24.3983, 22.0809, 17.8939, 14.038, 26.4027, 6.55789, 10.0269, 21.4746, 28.0104, 16.7793, 10.8433, 2.60018, 19.1996, 26.4756, 5.53667, 14.8891, 15.1576, 23.4807, 24.8405, 2.53259, 14.9986, 4.847, 9.98665, 9.04853, 6.13091, 18.1267, 3.15837, 17.4184, 29.4842 ], 
          [ 20.9076, 14.2207, 12.7035, 11.8558, 19.1583, 25.0053, 17.9376, 8.99498, 23.082, 22.5432, 21.7392, 27.1945, 8.71341, 11.3943, 16.5037, 11.4204, 9.41068, 23.6868, 7.38355, 24.834, 14.1728, 2.42241, 16.2308, 20.6412, 19.9447, 22.7099, 2.47593, 24.027, 21.2995, 6.44881 ], 
          [ 24.5906, 4.58888, 29.6482, 28.9949, 4.98556, 28.5558, 7.62497, 22.0038, 21.0128, 5.79729, 23.6307, 6.75108, 25.0925, 8.97975, 8.63479, 5.02593, 28.065, 17.5902, 5.9022, 13.2848, 5.92216, 14.2462, 19.0168, 13.332, 17.8038, 14.2242, 12.3079, 20.1474, 5.976, 28.2974 ], 
          [ 5.06649, 9.36584, 1.28846, 23.8347, 29.1421, 13.8165, 15.395, 7.4972, 4.17862, 14.7335, 25.2399, 29.3173, 5.86295, 4.70309, 26.6638, 21.2009, 26.7238, 27.888, 11.2973, 4.14773, 9.05384, 20.127, 28.8198, 13.0889, 13.8291, 1.47066, 18.1634, 5.20207, 11.1521, 19.1764 ], 
          [ 26.2239, 16.7784, 5.70813, 9.82377, 6.52207, 24.1693, 8.36321, 14.1869, 23.0655, 22.1941, 16.2612, 18.2141, 8.36774, 8.88165, 8.44018, 10.1725, 28.9664, 6.17392, 3.53794, 27.5834, 21.6088, 4.03688, 19.1421, 24.9104, 3.05493, 6.33206, 14.2089, 27.4212, 22.0783, 19.0966 ], 
          [ 9.51385, 23.4381, 8.70141, 5.60928, 2.91018, 19.0678, 25.8062, 5.41595, 8.08311, 23.9446, 26.421, 12.2643, 13.2968, 6.75865, 6.35007, 5.34517, 3.97229, 7.75788, 11.3826, 7.65641, 27.7783, 4.99594, 14.7967, 11.6208, 22.5033, 20.26, 9.84206, 28.8775, 4.18563, 15.4583 ], 
          [ 18.6437, 27.9445, 21.0707, 26.3804, 9.9055, 13.5469, 19.5109, 24.2684, 19.6839, 13.774, 4.31968, 15.5025, 21.9604, 14.6278, 11.9618, 14.0312, 24.703, 6.79923, 3.665, 23.844, 28.8181, 25.2571, 14.0321, 24.1086, 3.59873, 18.5655, 9.4923, 27.2662, 17.7634, 15.6222 ], 
          [ 14.6938, 24.3886, 15.5256, 17.5411, 21.5141, 18.1308, 25.4567, 19.3426, 29.3497, 8.06397, 19.4922, 5.60112, 11.4095, 25.7112, 13.9514, 11.1572, 16.7627, 21.6059, 11.5868, 27.6218, 15.5719, 7.85991, 20.5947, 16.6979, 11.5949, 25.6831, 9.5865, 3.91525, 20.9325, 4.87879 ], 
          [ 21.1844, 18.1558, 12.43, 23.4265, 3.84384, 2.73943, 28.0962, 27.8467, 21.407, 19.1539, 23.3301, 17.7858, 6.10594, 19.9864, 14.2035, 1.08051, 28.9302, 28.554, 6.80265, 14.3811, 17.6003, 4.03844, 17.9912, 5.99689, 9.24856, 13.5934, 17.4155, 6.25061, 24.7877, 10.6122 ], 
          [ 20.3746, 24.6463, 7.92623, 10.1105, 5.36471, 27.6395, 1.69232, 7.8086, 15.5308, 11.8209, 10.091, 28.2936, 12.1576, 5.1535, 12.0548, 12.951, 19.7374, 1.12642, 9.60833, 12.314, 28.1278, 19.2121, 11.3728, 5.03265, 22.3378, 7.28111, 26.6672, 20.0696, 19.0958, 13.6598 ], 
          [ 25.7866, 5.83642, 10.974, 4.27381, 24.8012, 15.357, 13.8673, 14.0748, 2.66512, 18.4154, 13.3012, 2.3115, 16.4682, 12.599, 27.645, 10.7889, 13.6196, 17.3012, 6.12166, 15.058, 23.4037, 27.6856, 12.7141, 16.3716, 19.9475, 8.38345, 22.9256, 10.1708, 24.3785, 1.85799 ], 
          [ 20.6398, 25.9917, 21.1606, 17.216, 3.38321, 3.39575, 28.7467, 21.9841, 24.2163, 27.9465, 19.3966, 23.6151, 8.82109, 2.55006, 20.0286, 26.8397, 11.7682, 6.91654, 15.7036, 15.8563, 28.3955, 19.7592, 4.19927, 11.3085, 28.2694, 7.84184, 3.3213, 9.11529, 21.2253, 20.2444 ], 
          [ 1.64217, 21.9764, 14.796, 19.0608, 8.05961, 6.88661, 28.2549, 11.9456, 27.7378, 27.6495, 7.14194, 8.31628, 28.9695, 12.706, 9.95906, 24.2904, 10.474, 18.9193, 23.6119, 29.4057, 18.1416, 10.7101, 22.3861, 26.9607, 2.72367, 7.78924, 1.75351, 6.48096, 2.32989, 5.89212 ], 
          [ 26.703, 10.931, 24.1032, 28.9487, 28.9011, 1.7162, 28.8584, 25.3368, 26.2843, 19.536, 26.237, 4.81848, 19.3531, 20.0693, 18.2365, 29.635, 18.7739, 21.5251, 21.8612, 12.8276, 26.9349, 20.2784, 3.68559, 20.7119, 23.5167, 12.2984, 13.801, 8.6511, 22.3841, 11.376 ], 
          [ 21.6869, 11.4036, 4.95822, 23.17, 25.5695, 21.8562, 10.5694, 7.09477, 25.6514, 12.9905, 26.2156, 22.0536, 25.015, 12.6164, 15.0334, 8.76157, 24.8071, 26.1576, 20.263, 21.1729, 24.2069, 22.9046, 13.1058, 7.66337, 26.5535, 24.5811, 3.83053, 9.38508, 18.9673, 17.5706 ], 
          [ 17.5097, 24.7242, 8.5635, 10.5959, 22.7498, 13.6753, 2.71494, 25.3197, 22.8576, 11.1541, 14.6349, 11.8639, 16.4203, 19.0277, 6.38512, 1.29426, 14.8219, 26.4876, 13.156, 18.8624, 22.2576, 2.81931, 9.73913, 1.55974, 18.2196, 2.38196, 29.547, 4.86892, 14.58, 1.19551 ], 
          [ 22.0419, 24.3004, 19.4453, 12.0588, 5.88366, 18.6673, 6.98552, 26.546, 27.9382, 18.8116, 24.4549, 13.4862, 27.4394, 2.17733, 19.6806, 14.8936, 1.9365, 2.38328, 18.1795, 28.1355, 2.23233, 4.07411, 17.3653, 26.2396, 8.75115, 22.8497, 21.6565, 25.3307, 11.4303, 19.2954 ], 
          [ 11.9761, 4.37183, 12.4997, 26.0016, 25.7284, 27.2626, 9.92107, 16.2594, 7.3241, 3.92042, 3.13352, 11.6073, 26.4001, 8.32028, 11.3646, 28.4982, 17.1017, 9.11536, 25.7194, 7.47239, 16.79, 10.1566, 23.9994, 10.1667, 16.4976, 7.61749, 26.0159, 1.61711, 16.2331, 5.71564 ], 
          [ 26.0685, 14.8047, 10.8277, 5.71798, 14.3371, 1.7486, 3.07265, 8.66337, 9.27963, 26.6031, 16.6623, 13.354, 29.043, 12.9517, 22.063, 22.4731, 8.87307, 8.99244, 15.5461, 20.5323, 19.8326, 26.614, 8.52161, 4.62296, 1.56145, 19.5816, 21.189, 4.47943, 1.48457, 29.0825 ], 
          [ 20.7898, 4.43057, 23.2826, 8.0348, 13.5217, 8.18576, 20.925, 28.3829, 10.8259, 7.24426, 15.3886, 3.36473, 7.10461, 10.4368, 5.08946, 7.0039, 23.3523, 20.1287, 22.794, 26.5971, 25.2947, 16.5492, 26.9993, 10.884, 9.95197, 14.4206, 13.6479, 11.6005, 18.4065, 22.0965 ], 
          [ 22.2737, 9.42576, 8.67218, 19.559, 13.3176, 20.0671, 7.46229, 18.5177, 13.7476, 22.8037, 26.4911, 9.01567, 9.72448, 6.86449, 2.24249, 14.379, 23.4689, 15.8688, 8.19896, 7.81031, 25.5752, 15.1222, 20.7177, 7.32379, 19.0915, 19.5468, 13.819, 21.8585, 12.5243, 28.4289 ], 
          [ 26.056, 7.75103, 20.82, 15.2524, 20.0578, 10.6076, 17.5181, 26.8705, 1.11181, 21.6297, 12.3751, 5.91461, 28.9772, 20.029, 14.3122, 26.5657, 2.79421, 5.56339, 26.6663, 9.50315, 20.224, 12.4925, 1.84217, 28.2551, 4.70215, 27.8079, 18.4245, 17.0774, 18.642, 15.6576 ], 
          [ 23.2817, 26.6436, 11.1214, 1.26935, 23.9625, 15.0589, 5.55978, 9.93553, 9.0721, 29.9001, 5.11845, 26.4963, 26.1114, 26.0626, 28.374, 25.5015, 11.3511, 15.9419, 4.1508, 18.3527, 22.1689, 9.65237, 13.3101, 10.7857, 5.73308, 18.6522, 24.7824, 20.0426, 29.0848, 27.528 ], 
          [ 4.62173, 11.1945, 8.32294, 8.13081, 24.3212, 7.98651, 13.4186, 4.50296, 24.6949, 23.7986, 1.94611, 1.04893, 18.5364, 4.06524, 12.0752, 5.95609, 27.1138, 9.76035, 2.70897, 19.8822, 24.8584, 11.02, 6.65936, 21.0238, 29.5931, 8.77953, 14.8756, 19.3511, 3.25005, 13.037 ], 
          [ 18.4269, 26.3739, 15.1212, 21.0154, 18.8152, 17.517, 17.6249, 16.9117, 12.7351, 6.98128, 7.60493, 18.5994, 24.0689, 13.1118, 22.3076, 10.18, 26.4248, 14.8226, 27.3871, 19.231, 6.74255, 18.2215, 4.32569, 21.761, 12.8019, 25.4512, 27.813, 9.06114, 17.7848, 9.54873 ], 
          [ 24.6903, 14.9149, 2.89804, 12.977, 22.251, 18.4618, 1.53271, 8.69827, 10.7078, 13.8743, 5.00861, 25.2758, 20.9127, 28.6176, 27.4246, 10.8348, 11.6625, 28.0497, 11.8353, 13.7179, 2.03894, 18.2777, 26.8117, 8.50648, 16.761, 8.53877, 23.8968, 3.93877, 25.9671, 20.6029 ], 
          [ 11.997, 23.615, 12.5766, 16.4046, 23.7801, 16.1271, 12.6317, 29.183, 20.9835, 6.00083, 15.6153, 29.1858, 9.66067, 29.7478, 2.15376, 25.6217, 21.9314, 27.4056, 26.6929, 9.96345, 26.1171, 12.3798, 28.4338, 18.6355, 24.7832, 3.81242, 17.6754, 24.6755, 10.0114, 13.7674 ], 
          [ 17.5537, 14.5894, 24.6654, 25.0525, 23.3694, 7.12769, 23.0549, 27.1526, 28.8784, 5.82373, 23.9067, 17.9202, 22.8013, 1.91704, 7.24168, 24.3057, 2.36488, 26.4832, 13.0274, 15.6337, 26.3695, 14.8566, 26.084, 21.8062, 11.8811, 21.0645, 14.3486, 4.69202, 7.85267, 17.8568 ], 
          [ 7.4029, 25.8122, 2.79609, 9.69511, 27.5479, 7.91176, 9.2857, 2.96904, 20.6177, 15.7358, 13.4542, 26.3164, 15.2797, 10.1007, 5.12323, 8.42941, 1.36575, 13.0695, 2.55735, 4.7712, 22.8268, 2.22859, 29.3356, 22.9324, 26.5793, 25.3175, 28.365, 4.61641, 14.8, 3.29478 ], 
          [ 27.8578, 3.74035, 26.6502, 7.57681, 1.4154, 5.43279, 7.32488, 2.40516, 4.70313, 26.4769, 14.7181, 5.12551, 11.6144, 4.23639, 24.3327, 4.08637, 8.71037, 25.7133, 24.9741, 10.9622, 7.40541, 20.6197, 26.5479, 12.059, 7.73535, 20.9659, 11.7814, 2.75184, 25.1692, 25.1249 ], 
          [ 12.7937, 16.1783, 16.9461, 6.2616, 9.55037, 19.0789, 15.3298, 15.3034, 19.6576, 16.4191, 5.97916, 18.8953, 13.3971, 8.03266, 14.8753, 24.5244, 18.71, 17.0521, 5.62946, 10.0622, 19.895, 2.05312, 20.698, 10.0429, 29.4626, 10.2339, 23.2627, 4.6378, 16.6579, 29.8146 ], 
          [ 18.5281, 10.4698, 25.9447, 4.45936, 20.066, 10.8052, 20.834, 25.1176, 6.16673, 13.0848, 16.7108, 17.0332, 11.1777, 5.6494, 27.5873, 3.81336, 13.3063, 26.5292, 8.49867, 21.9104, 22.6769, 21.2335, 3.79306, 28.2118, 27.4124, 22.7338, 23.2028, 6.64765, 13.0436, 10.947 ], 
          [ 2.56771, 23.6253, 8.17572, 7.78169, 3.61467, 10.3189, 1.87612, 12.8784, 6.04287, 27.6989, 1.39659, 1.04231, 1.40513, 14.4992, 28.6071, 24.8122, 11.7104, 21.3643, 1.74111, 26.4752, 26.7448, 15.4134, 3.36099, 8.28923, 15.6036, 1.21472, 2.73416, 2.10664, 12.2279, 16.1729 ], 
          [ 16.2798, 25.217, 21.7006, 21.9371, 22.8742, 12.9738, 9.36602, 26.1293, 19.4984, 25.9915, 18.3455, 18.5738, 18.2001, 5.05863, 9.80435, 15.1996, 28.2227, 21.9062, 17.961, 14.883, 20.9234, 28.6674, 20.3297, 28.6543, 23.3604, 10.9999, 14.4174, 24.3246, 16.7876, 24.4988 ]
        ], 
        [
          [ 17.2961, 20.4581, 15.1441, 22.9533, 21.5442, 22.0463, 13.2573, 24.1767, 20.1392, 28.1316, 4.81474, 16.1688, 4.28585, 27.7941, 11.4398, 11.8557, 1.52309, 12.784, 24.9205, 16.5657, 3.267, 2.33549, 10.7542, 5.09399, 4.64149, 14.4055, 12.2902, 19.7103, 14.3175, 14.2678 ], 
          [ 11.4894, 3.40801, 25.2871, 4.46278, 9.46664, 1.5695, 4.1951, 15.6623, 2.25739, 28.7543, 14.2472, 20.86, 24.7682, 25.5337, 9.69929, 26.2475, 9.41493, 12.4386, 9.12723, 24.4611, 6.80243, 13.4765, 17.0079, 6.3187, 27.7888, 2.91571, 10.1992, 24.8256, 26.0665, 4.55227 ], 
          [ 18.0849, 5.28732, 24.5986, 25.8216, 9.88452, 5.73838, 3.084, 15.9873, 16.0212, 20.7116, 18.0027, 12.0392, 6.08733, 8.5592, 9.51401, 6.01624, 13.1342, 3.16646, 13.8985, 6.43314, 20.7958, 7.95309, 9.60572, 16.7417, 24.5263, 27.4065, 14.6193, 20.1316, 6.99535, 1.62117 ], 
          [ 12.5405, 9.14964, 27.099, 17.0272, 13.148, 7.62661, 29.3884, 27.4658, 16.0235, 10.2148, 29.1094, 19.1066, 4.63738, 26.5946, 29.454, 29.5824, 11.1091, 21.7471, 17.5693, 3.85241, 14.7649, 12.814, 26.0047, 11.0866, 20.6069, 16.6601, 13.3178, 19.425, 11.1316, 9.23648 ], 
          [ 17.817, 1.20025, 13.6353, 5.85763, 2.23156, 19.1695, 6.99956, 3.61106, 26.2114, 23.6369, 3.3422, 13.2461, 29.6402, 20.1032, 7.16417, 25.2672, 1.86395, 24.3138, 14.0688, 7.49294, 20.1486, 9.64181, 20.1021, 29.1964, 11.2835, 26.0523, 5.01951, 12.1258, 22.0732, 27.9002 ], 
          [ 2.94452, 22.5431, 12.7211, 17.2224, 22.2152, 3.39748, 16.2611, 21.8082, 8.62955, 1.27356, 24.2542, 1.05279, 6.42064, 8.11778, 22.5686, 11.4751, 16.9682, 12.3001, 27.0604, 1.03625, 10.4358, 9.96371, 25.192, 7.21872, 15.37, 1.93991, 16.9947, 17.5329, 15.3855, 15.8902 ], 
          [ 28.1365, 10.9744, 24.4049, 8.5194, 6.9953, 13.65, 22.195, 19.426, 28.9081, 5.17693, 26.7805, 26.0806, 17.3385, 17.0224, 8.8662, 8.16531, 7.996, 13.1437, 3.55112, 21.1962, 2.26421, 4.6636, 4.87728, 3.87647, 20.2471, 12.11, 4.24091, 19.345, 18.4339, 18.6376 ], 
          [ 21.6561, 23.7129, 1.35453, 20.4179, 7.68107, 19.0285, 8.61371, 6.70714, 6.09575, 14.8014, 26.021, 4.56929, 6.46541, 17.8386, 13.6384, 28.1017, 24.5316, 6.34552, 17.5239, 5.60216, 21.965, 28.1579, 13.578, 20.6831, 4.96964, 13.073, 21.33, 10.3284, 26.7712, 17.5744 ], 
          [ 19.6898, 12.2227, 2.87547, 18.605, 7.74622, 11.0009, 24.5094, 23.257, 17.6103, 22.5684, 16.8734, 1.09339, 5.23694, 6.97221, 5.7084, 9.21618, 1.3339, 4.05431, 3.90518, 17.1774, 3.00813, 14.2149, 10.3686, 5.95539, 11.9538, 24.9681, 16.983, 16.7738, 19.233, 19.0152 ], 
          [ 23.2406, 15.2954, 19.6343, 24.9885, 5.17647, 7.94934, 19.7703, 11.6981, 10.8264, 25.698, 8.69342, 16.6514, 24.7904, 19.1543, 23.5381, 7.22741, 24.9099, 1.69473, 12.1965, 8.87538, 1.09105, 25.8421, 24.6315, 16.7198, 22.7951, 19.6418, 26.2116, 25.9322, 14.4775, 7.3776 ], 
          [ 25.2114, 18.0731, 9.7089, 14.9862, 18.2761, 20.1174, 1.40551, 16.8736, 4.86635, 2.01027, 29.7722, 4.4675, 11.6828, 1.18704, 24.3415, 15.9587, 22.5018, 23.6326, 14.9795, 5.51913, 20.7142, 5.27549, 13.3644, 13.3227, 4.11773, 14.6218, 14.9853, 2.90097, 20.4987, 2.49204 ], 
          [ 2.60133, 1.20244, 8.79911, 1.65606, 28.7435, 22.4325, 3.57234, 17.1502, 20.9218, 29.1126, 29.8398, 6.61735, 29.9326, 4.18895, 15.5379, 11.4608, 11.9135, 25.1106, 15.9424, 28.9175, 8.21399, 1.84634, 7.99781, 23.7262, 19.8643, 9.72967, 26.405, 29.6023, 23.1015, 28.0101 ], 
          [ 28.3779, 19.8447, 15.5015, 27.6811, 18.5482, 16.7563, 1.94832, 5.1165, 25.4543, 19.036, 5.49879, 26.6151, 8.0653, 23.9927, 2.12686, 29.1201, 2.01305, 26.1793, 12.7901, 26.069, 1.32473, 25.7066, 22.7491, 25.4842, 9.22154, 27.514, 26.1959, 8.89474, 21.2883, 26.5111 ], 
          [ 11.5084, 9.69097, 7.44672, 12.9078, 7.82338, 29.6756, 6.72149, 25.3901, 1.44436, 28.7099, 16.8686, 29.4864, 27.3338, 12.6515, 8.437, 21.6157, 12.1757, 24.321, 23.0498, 17.473, 26.183, 26.3703, 6.07503, 17.5924, 7.632, 7.95367, 17.405, 16.2975, 21.6373, 12.5242 ], 
          [ 2.51409, 6.2359, 10.632, 19.2867, 3.53471, 8.07709, 1.99949, 12.5906, 21.2105, 18.5867, 21.6979, 14.9871, 4.2014, 28.1007, 13.4064, 15.1981, 3.17492, 27.5831, 14.0592, 10.4502, 24.3849, 13.4291, 8.79274, 14.2326, 21.4484, 10.3517, 14.8118, 3.82173, 29.96, 17.3101 ], 
          [ 9.38146, 11.2265, 18.7679, 22.0947, 1.45674, 13.4827, 5.67313, 5.16148, 20.0757, 16.7364, 17.6659, 4.2845, 4.38204, 20.0024, 2.75561, 16.2592, 20.0088, 21.7845, 5.58246, 4.85552, 19.4276, 20.0019, 8.79781, 23.8877, 15.84, 5.37302, 22.7164, 2.50084, 16.131, 10.7296 ], 
          [ 4.60167, 10.6676, 5.81255, 19.4531, 9.22715, 9.31709, 15.3503, 6.4126, 25.4492, 17.2876, 19.3267, 18.3057, 9.59064, 27.5236, 12.1033, 24.4762, 12.4728, 13.3245, 15.4168, 7.7633, 20.9028, 27.6267, 9.41605, 26.5711, 3.61205, 17.3619, 21.1415, 27.573, 28.7174, 8.83422 ], 
          [ 20.8348, 11.675, 27.6419, 29.6328, 29.4204, 13.9999, 27.8061, 27.4593, 5.07911, 8.34131, 15.6452, 11.4946, 29.9726, 27.8192, 25.1896, 2.54322, 28.5688, 4.92339, 20.6424, 21.252, 23.0017, 16.8431, 9.60836, 15.705, 27.2694, 16.6946, 3.78541, 19.2904, 26.7698, 25.1735 ], 
          [ 13.2762, 5.73414, 19.0739, 5.57314, 20.3517, 12.6816, 11.3139, 18.9888, 2.71317, 13.4519, 25.6016, 16.3207, 25.2891, 27.6766, 17.1051, 10.6547, 11.3645, 24.1855, 9.14393, 14.7954, 3.10346, 25.1427, 27.0968, 23.3248, 8.35006, 7.47205, 22.1855, 7.82807, 6.58563, 8.98848 ], 
          [ 27.2699, 7.00924, 8.28758, 4.20305, 7.51307, 13.8619, 9.18023, 5.99919, 20.0827, 8.74331, 21.8467, 10.2447, 12.8296, 29.2253, 5.39539, 21.9633, 13.584, 18.32, 8.93571, 13.4136, 5.91253, 1.02793, 3.85981, 27.8463, 2.37902, 23.5221, 20.3572, 13.7707, 21.9315, 18.8993 ], 
          [ 23.2564, 23.3267, 16.5577, 8.63492, 27.6451, 8.50479, 2.6044, 15.6413, 23.4398, 14.0749, 27.0387, 10.5249, 4.18961, 10.4211, 12.6885, 20.0768, 27.6885, 14.2094, 8.92655, 19.6361, 4.12162, 25.8417, 5.30604, 15.7926, 7.34164, 24.48, 19.1487, 15.2234, 18.4898, 11.6988 ], 
          [ 5.96091, 2.06727, 12.8238, 29.6118, 7.54822, 8.1773, 19.0117, 14.4711, 8.90398, 14.6567, 10.6078, 15.5252, 9.35193, 14.3554, 4.51214, 29.6641, 18.7643, 3.40821, 15.4083, 15.9884, 13.2733, 28.986, 2.59382, 10.9695, 7.27037, 20.1076, 12.2866, 8.55312, 23.4832, 11.1317 ], 
          [ 11.0091, 25.9917, 22.9295, 25.3506, 17.9553, 1.14794, 22.5155, 28.5072, 17.3761, 27.4916, 7.54398, 21.8694, 14.7035, 5.25039, 22.6835, 23.7105, 6.99887, 19.1692, 5.77373, 3.00575, 28.3856, 7.23385, 29.1531, 26.5814, 7.37549, 3.89887, 10.2319, 9.1595, 9.27907, 27.098 ], 
          [ 21.1703, 29.0427, 23.411, 24.6631, 5.92964, 22.3683, 19.6671, 3.2844, 19.6918, 18.6968, 29.6325, 24.4653, 6.01637, 4.27407, 10.442, 22.5335, 14.4174, 19.8197, 4.13471, 7.81017, 14.6974, 21.8803, 9.23343, 18.7926, 26.1432, 8.20498, 9.07495, 7.35941, 29.2144, 8.71365 ], 
          [ 18.0684, 2.42811, 25.8538, 29.4529, 1.27462, 14.8296, 11.6442, 15.1586, 4.38669, 1.87644, 7.56358, 29.6678, 21.7925, 3.81149, 24.2615, 24.4195, 19.3956, 11.5781, 20.6963, 25.0978, 22.3516, 15.8072, 1.59956, 14.419, 15.393, 27.5185, 11.3673, 22.2554, 11.4148, 27.8352 ], 
          [ 14.9565, 18.2072, 25.0015, 1.6676, 25.6244, 21.2114, 16.5354, 12.1232, 7.49402, 11.6258, 5.37178, 16.2093, 5.5777, 28.7727, 21.8016, 26.3885, 7.69094, 24.1161, 6.16719, 4.29664, 21.7253, 14.3512, 12.1971, 18.7611, 8.75436, 1.47404, 19.739, 9.16227, 10.6446, 10.749 ], 
          [ 17.3149, 3.69001, 18.0383, 26.3958, 9.08807, 24.062, 19.2089, 16.5421, 25.4544, 9.22419, 26.442, 24.2103, 12.2099, 15.1087, 5.64674, 16.4799, 7.97683, 18.8959, 13.8448, 20.6046, 2.29892, 27.3237, 16.3903, 26.0516, 23.0315, 29.9624, 25.5825, 11.8983, 10.9855, 12.0243 ], 
          [ 3.15582, 28.6834, 23.5722, 19.5082, 18.7291, 6.2316, 5.78092, 5.81979, 16.3507, 23.7326, 6.44058, 17.7062, 20.7511, 21.8139, 10.7331, 26.71, 15.9601, 11.7984, 10.775, 5.92539, 2.63616, 24.0023, 12.0549, 3.10932, 5.16432, 13.5191, 11.1166, 21.5942, 24.2471, 22.6668 ], 
          [ 25.3851, 10.1419, 7.95416, 29.0551, 18.4692, 7.87752, 16.5477, 3.9672, 15.2108, 12.6254, 29.2862, 10.6109, 26.5015, 1.80717, 2.53949, 15.8303, 26.0234, 21.339, 14.1662, 25.3067, 9.78189, 14.3914, 23.7514, 4.01831, 5.24026, 2.68298, 6.57525, 6.61741, 20.4484, 7.94377 ], 
          [ 10.816, 9.38846, 7.75379, 16.6528, 21.2481, 15.7578, 24.4159, 14.4261, 22.0225, 13.3707, 2.0225, 23.1031, 25.0748, 20.2785, 5.96175, 21.7559, 4.98647, 19.6518, 19.3094, 18.6, 23.9207, 1.50674, 16.9635, 26.8129, 11.8993, 11.5741, 4.62023, 15.5949, 7.46289, 26.5284 ], 
          [ 28.0899, 25.9451, 8.80944, 5.62005, 4.642, 16.0125, 25.941, 17.047, 4.19404, 10.2367, 29.5706, 26.9798, 21.2498, 29.8436, 7.8558, 13.9375, 21.1952, 1.25283, 11.4946, 9.37748, 1.69558, 28.8717, 14.902, 15.0023, 4.70103, 24.2473, 27.22, 12.0593, 27.8881, 26.534 ], 
          [ 6.50115, 2.37161, 12.0382, 13.4953, 14.7317, 26.3942, 15.5757, 15.8957, 12.934, 5.17365, 14.3898, 28.3649, 16.1172, 23.2814, 11.3986, 24.1017, 25.8306, 29.252, 27.2964, 26.126, 4.91067, 21.3557, 18.7211, 10.9699, 29.3572, 18.4431, 11.0952, 22.3616, 3.43301, 14.2307 ], 
          [ 19.6291, 28.8291, 9.65239, 21.3322, 2.44415, 16.291, 20.7914, 27.5779, 2.39462, 29.2074, 20.3653, 11.8083, 21.2285, 27.3291, 17.5402, 5.28804, 19.1535, 1.65144, 23.5583, 10.6601, 1.19759, 14.9695, 8.40986, 25.4241, 21.1501, 1.72918, 22.4583, 7.69967, 11.8263, 13.6357 ], 
          [ 17.3579, 29.8218, 21.3975, 26.8412, 8.88463, 27.1834, 19.1046, 24.5842, 24.2857, 28.873, 11.1029, 9.2518, 8.8415, 28.3543, 1.65452, 7.31893, 21.3012, 9.45828, 27.2946, 1.67042, 5.72448, 3.06432, 15.4915, 8.3084, 4.97369, 7.88892, 27.2472, 28.7991, 1.29726, 3.12372 ], 
          [ 10.0966, 20.8847, 4.00497, 29.5482, 25.8379, 22.1681, 16.6958, 4.7697, 21.3968, 18.4178, 5.80806, 16.7155, 23.9303, 4.50588, 4.54192, 3.3375, 11.3221, 8.1055, 11.667, 5.30525, 18.7239, 9.20499, 16.2608, 20.9997, 10.3848, 14.7381, 9.54322, 6.09569, 29.9799, 13.5143 ], 
          [ 21.0954, 29.8501, 29.7005, 15.4892, 17.0316, 1.10616, 11.2856, 13.1088, 3.23689, 18.4363, 4.12403, 2.92786, 26.3277, 18.6892, 1.15375, 3.54036, 29.6282, 4.49184, 18.0487, 21.8117, 23.0225, 18.4555, 11.0902, 17.0546, 21.7279, 28.5022, 29.6861, 3.50275, 27.9775, 11.0109 ], 
          [ 12.1598, 15.192, 7.25248, 16.9316, 29.656, 11.0564, 14.9695, 6.4649, 7.23171, 15.5205, 2.12191, 11.0031, 7.16626, 9.42162, 26.3441, 13.1843, 28.9635, 11.9703, 13.9343, 9.17737, 2.9163, 27.6633, 15.3106, 22.9207, 11.4335, 12.5839, 8.2575, 14.4482, 25.0421, 17.532 ], 
          [ 7.08068, 21.5975, 28.741, 24.0017, 15.6286, 4.9985, 26.1571, 9.77139, 6.49388, 22.0731, 2.08526, 14.5121, 14.7656, 29.6423, 2.95768, 25.2365, 28.1399, 23.172, 3.83918, 19.5655, 16.8804, 28.4404, 26.0366, 12.175, 16.362, 8.07373, 2.61561, 17.3381, 19.3507, 19.1676 ], 
          [ 12.7949, 23.2251, 25.0537, 23.1399, 22.3352, 6.15518, 8.14652, 21.5446, 7.53937, 18.7199, 25.2586, 18.9192, 2.89233, 21.5906, 19.0501, 23.6872, 9.71793, 11.7382, 1.43433, 7.30237, 23.5529, 1.38208, 16.1164, 21.3711, 19.5448, 22.5833, 24.6274, 22.595, 29.8162, 8.31655 ], 
          [ 9.47034, 7.28378, 7.92287, 2.96132, 20.8078, 11.9592, 3.2259, 18.7881, 28.8331, 28.9634, 14.5964, 4.22616, 17.2182, 7.76287, 12.0741, 6.89592, 5.93593, 17.4672, 25.7177, 15.5784, 28.5907, 8.63497, 22.3283, 1.26213, 12.154, 11.8392, 19.1883, 1.70521, 23.9241, 4.90577 ], 
          [ 14.8784, 10.5121, 13.7875, 8.91844, 5.45377, 5.53384, 10.148, 13.4162, 6.3581, 3.03533, 25.7802, 9.03646, 19.7926, 26.0028, 27.7514, 19.7966, 15.8657, 27.5526, 28.2792, 8.59138, 29.027, 2.14616, 29.4387, 11.3867, 5.12223, 18.7049, 19.1329, 29.2233, 16.8005, 11.4891 ], 
          [ 11.3935, 23.9354, 12.3105, 13.9163, 10.3003, 16.3647, 12.5952, 4.90419, 17.3093, 12.1559, 13.1234, 3.15281, 10.3084, 29.3931, 8.3166, 11.4552, 14.8312, 3.4891, 15.7504, 8.04421, 12.6934, 13.1707, 5.01503, 16.4831, 21.4061, 7.03911, 29.3628, 16.0043, 17.2823, 26.8621 ], 
          [ 10.0173, 1.51347, 19.3391, 29.4586, 19.902, 21.7347, 25.5809, 19.7666, 1.52336, 26.427, 15.6108, 18.5623, 24.408, 15.4996, 6.87947, 3.65639, 19.2618, 19.8055, 15.0071, 22.3262, 7.23599, 24.5844, 21.1589, 3.16554, 24.6721, 18.8572, 24.9197, 25.125, 29.5472, 8.93856 ], 
          [ 3.06244, 10.6695, 8.07463, 25.2263, 6.91556, 7.29895, 19.1759, 10.6585, 14.332, 26.97, 21.7856, 14.0807, 21.1248, 28.9291, 18.3014, 7.86377, 28.0055, 20.9303, 18.9072, 14.5483, 13.6556, 12.802, 17.3122, 25.5432, 10.044, 15.1902, 15.3094, 12.1246, 1.2702, 18.5311 ], 
          [ 2.76759, 2.1249, 10.3658, 19.4599, 14.0757, 2.32831, 2.15524, 21.7457, 23.9246, 4.02348, 14.5262, 26.7354, 20.3638, 28.811, 18.7637, 19.8826, 5.57434, 20.4243, 17.8107, 10.8585, 8.96547, 3.02583, 10.187, 7.72914, 22.233, 16.114, 8.12935, 16.2745, 10.5252, 13.4429 ], 
          [ 29.8974, 21.8425, 2.32838, 13.8603, 19.6286, 14.6752, 26.0127, 16.2807, 15.7388, 2.05811, 28.8472, 10.4527, 4.22615, 20.0604, 26.4675, 1.10907, 26.7794, 12.8144, 3.26352, 25.518, 8.29388, 12.2271, 10.1442, 23.0311, 7.29132, 13.0813, 18.6693, 29.3022, 4.67213, 24.6181 ], 
          [ 5.70481, 8.55484, 6.10975, 16.0849, 14.6096, 15.5004, 16.5712, 8.45202, 7.91181, 27.184, 29.3432, 7.94919, 7.83923, 2.56365, 5.34751, 7.12645, 19.526, 11.6368, 2.67599, 25.4524, 7.47729, 23.5494, 13.6097, 28.1578, 18.4974, 20.2428, 22.598, 7.2738, 5.24005, 27.0745 ], 
          [ 20.4946, 22.4301, 14.4319, 22.584, 26.5102, 19.6912, 7.5519, 18.5026, 20.5788, 5.37717, 16.09, 27.5088, 20.906, 6.41338, 5.67743, 18.5689, 9.17286, 14.2278, 6.29712, 2.31478, 22.0561, 3.76773, 27.6264, 23.7407, 28.2521, 13.8957, 20.1445, 24.0779, 16.3798, 3.14243 ], 
          [ 16.6651, 23.6333, 6.65235, 2.28924, 26.4164, 6.13195, 28.8183, 26.3078, 18.166, 27.6834, 22.0198, 28.4973, 24.1514, 12.3737, 4.90747, 16.7394, 8.56223, 2.49674, 12.336, 28.6091, 21.7629, 8.45347, 29.3726, 17.6302, 6.23664, 26.0234, 13.5429, 4.7593, 29.4771, 4.22505 ], 
          [ 28.0089, 28.4106, 15.3158, 6.06874, 19.8682, 24.8758, 13.4254, 7.53263, 8.37767, 1.36074, 24.7997, 7.02907, 5.74816, 3.92968, 15.0407, 20.2363, 4.41642, 17.2691, 9.12794, 25.9802, 2.77193, 10.7498, 5.19225, 26.2506, 1.05234, 24.783, 18.8973, 14.5798, 20.4371, 11.5239 ], 
          [ 3.79266, 4.80951, 12.6178, 3.42283, 12.5529, 27.6134, 21.453, 5.18253, 20.8891, 21.9211, 2.33841, 18.1752, 27.3611, 2.63287, 20.7476, 19.5089, 2.65203, 23.7486, 3.16707, 10.8836, 25.8196, 12.9846, 23.7754, 15.553, 27.6986, 1.41538, 7.4385, 23.136, 4.24628, 13.4562 ], 
          [ 26.0331, 23.0573, 5.42807, 28.4952, 3.83584, 7.4324, 6.10496, 20.763, 10.2604, 3.81451, 12.7194, 23.4088, 8.71354, 6.48486, 28.7829, 27.5262, 25.7553, 4.72209, 12.4377, 25.7457, 16.301, 3.54942, 11.0157, 7.26027, 21.916, 8.17389, 13.0373, 12.0443, 8.64128, 6.52225 ], 
          [ 23.0083, 9.11185, 10.6606, 28.2421, 4.04727, 21.1703, 9.86906, 27.9329, 6.76588, 1.16664, 9.95563, 23.3452, 21.8333, 1.36066, 9.67824, 17.1146, 7.27643, 4.7277, 1.95072, 4.7981, 3.19827, 19.3213, 2.99596, 9.61088, 19.7039, 26.5974, 15.2636, 12.7347, 27.3739, 13.4994 ], 
          [ 25.8838, 22.7111, 8.87232, 22.1375, 17.7756, 20.5038, 15.9763, 6.75881, 11.2715, 6.7724, 6.14465, 8.17568, 22.7634, 1.78649, 29.5125, 27.4417, 23.7341, 6.27842, 17.0264, 17.5707, 7.00676, 3.72904, 28.0132, 27.9558, 17.965, 4.34307, 14.8291, 5.55764, 10.7449, 29.6001 ], 
          [ 23.2014, 10.0947, 27.6787, 24.6915, 23.7506, 13.8177, 24.8957, 24.8789, 16.1974, 15.473, 26.3693, 12.1023, 25.0607, 3.83455, 22.6898, 19.2231, 15.3699, 6.59633, 2.40161, 11.847, 9.9122, 1.50585, 28.0592, 23.8361, 12.9359, 29.8198, 20.0987, 17.4117, 20.5835, 22.3328 ], 
          [ 7.99034, 20.8094, 14.0578, 22.5388, 20.5729, 18.1246, 24.3353, 25.646, 10.762, 9.19665, 21.6983, 9.48552, 21.3436, 29.5959, 28.5477, 2.3564, 17.3743, 27.5119, 14.6136, 3.22777, 20.6573, 11.5496, 28.7936, 20.8133, 1.46847, 11.2383, 27.5282, 1.64184, 2.61471, 24.5538 ], 
          [ 20.828, 13.6791, 13.3715, 9.7385, 18.6038, 26.0862, 21.5403, 2.57756, 6.44037, 18.1923, 1.70166, 20.506, 25.8996, 18.5176, 20.406, 23.9817, 15.4891, 27.3323, 5.56733, 22.7331, 5.22059, 26.8283, 18.751, 9.04601, 6.9545, 2.42458, 14.2268, 23.3055, 1.75756, 6.31078 ], 
          [ 11.9819, 1.56226, 21.1752, 26.6561, 9.85556, 23.3233, 20.3896, 16.0525, 29.0169, 3.5164, 14.7017, 27.3057, 25.0272, 24.6628, 25.817, 8.22094, 15.5978, 27.5423, 2.1833, 21.485, 7.86219, 16.5487, 14.2361, 8.78721, 1.31223, 4.08404, 23.3038, 23.1516, 2.23246, 19.9912 ], 
          [ 7.23201, 25.162, 2.02862, 14.0516, 21.3466, 17.4187, 27.5912, 5.77668, 16.8059, 14.0405, 26.5978, 18.01, 3.78684, 25.1553, 27.3623, 3.25059, 6.27364, 20.3438, 9.19481, 13.1115, 26.1447, 29.9171, 3.66276, 9.21986, 28.6712, 27.9082, 29.2781, 10.6092, 27.9208, 4.08598 ], 
          [ 20.4305, 29.9523, 1.29836, 8.73533, 4.67993, 18.4508, 9.40296, 3.19642, 29.5607, 8.64413, 28.9303, 12.6598, 27.0672, 6.2776, 26.5037, 23.6269, 3.29011, 12.2774, 12.3317, 24.2569, 16.5391, 6.04621, 22.8301, 1.724, 7.987, 12.481, 4.74445, 16.4771, 13.9383, 13.9249 ], 
          [ 13.9555, 18.3486, 25.2374, 2.69759, 27.9227, 27.5066, 29.2293, 12.1042, 16.8323, 12.21, 5.98187, 27.7295, 23.6434, 2.32389, 1.29642, 29.8098, 27.7612, 19.9673, 25.6182, 26.9335, 3.32709, 10.5185, 6.47081, 25.8774, 18.9306, 2.91375, 28.9559, 1.33527, 4.56337, 21.4861 ], 
          [ 11.674, 11.8948, 15.2211, 9.92357, 3.92665, 29.8786, 2.62728, 27.2032, 14.1566, 2.60418, 27.3797, 24.1839, 6.25429, 9.15653, 4.83173, 1.61192, 9.37106, 13.4211, 22.218, 6.92938, 15.7297, 5.34689, 19.6302, 10.0109, 28.1337, 6.76219, 8.4229, 19.376, 23.6284, 27.3862 ], 
          [ 20.2681, 5.1936, 24.85, 5.16972, 28.6228, 23.5224, 24.1539, 5.26162, 3.35697, 23.7124, 2.94256, 1.17347, 7.30106, 27.6186, 21.3254, 13.4474, 1.90141, 3.73357, 7.54032, 22.2621, 19.9581, 8.08214, 9.30143, 13.6819, 7.23938, 2.86424, 28.206, 19.1964, 19.1025, 11.5958 ], 
          [ 27.0245, 26.3258, 16.5178, 28.5157, 16.2659, 14.4285, 28.603, 29.0092, 14.732, 5.8809, 28.0298, 12.9949, 28.8733, 28.6403, 20.953, 26.0611, 8.54603, 22.4872, 18.9088, 6.94662, 8.31055, 28.8708, 18.4945, 23.2877, 18.4248, 10.2467, 7.44627, 13.7592, 17.0731, 2.44317 ], 
          [ 22.6358, 28.2326, 16.7293, 29.3683, 12.8045, 14.6598, 20.0781, 13.9986, 6.27822, 27.5955, 5.39715, 13.5389, 17.2242, 1.08622, 23.4962, 16.1101, 22.0295, 1.40784, 20.1085, 8.9308, 7.94428, 26.0285, 7.13319, 7.57027, 26.1078, 11.8873, 8.77726, 13.2728, 18.1324, 13.9606 ], 
          [ 21.9866, 1.19549, 21.1956, 9.56813, 27.5173, 19.3829, 4.61603, 19.4099, 12.8528, 14.7275, 19.0321, 24.2559, 15.5169, 16.4522, 25.7895, 14.1246, 27.2372, 29.4681, 19.7832, 7.16308, 3.67144, 7.99638, 5.03674, 9.66518, 20.9255, 8.52293, 19.7309, 6.09624, 11.1478, 16.4217 ], 
          [ 3.70327, 12.8495, 12.8989, 12.7579, 6.18315, 5.81561, 21.0121, 14.8548, 15.5677, 1.32429, 20.3295, 27.7788, 15.6981, 1.67597, 22.9783, 7.65021, 3.13423, 18.5485, 1.21238, 15.1559, 14.5148, 1.32177, 25.1392, 21.809, 20.2101, 11.269, 26.2861, 16.7289, 28.8691, 29.8663 ], 
          [ 9.95226, 14.8054, 26.7335, 18.2686, 5.843, 4.20526, 17.0834, 20.919, 10.3931, 15.6253, 27.625, 17.8749, 14.0735, 10.012, 23.274, 14.0391, 4.2544, 23.5164, 23.1859, 15.1865, 4.93869, 22.99, 19.6572, 5.45398, 4.94706, 13.2236, 28.5761, 26.8641, 18.3456, 13.3277 ], 
          [ 20.415, 15.5539, 25.6936, 21.9944, 16.459, 11.3246, 19.915, 16.8668, 8.40183, 3.61169, 11.3744, 5.52918, 16.3212, 6.62382, 13.3892, 11.843, 17.8368, 13.7332, 15.6689, 13.9928, 16.9538, 24.1983, 4.71132, 21.7868, 23.1632, 22.5598, 3.85096, 13.4756, 5.33208, 7.5619 ], 
          [ 11.3791, 15.6213, 4.05579, 2.47301, 16.606, 28.0323, 8.45743, 18.2485, 26.3702, 17.7065, 19.5639, 16.0863, 29.1616, 14.2133, 5.30633, 1.70015, 28.711, 26.5016, 9.5308, 4.31634, 17.1011, 4.14281, 5.81698, 22.8919, 19.3011, 26.0078, 23.4889, 28.3339, 16.2287, 25.3504 ]
        ]
      ];
r = [
        [58903.6,61366.5,78535.4,74485.1,50001.6,58946.1,76571.2,77792.8,64070.5,72017.4,50304.5,66533.7,62148.6,81213.4,70186.4,69184.5,70262.6,60919.3,74812.7,52838.2,74701.6,72650.3,55572.3,76212.6,64390,79986,76642.2,66464.6,62574.3,62684.4 ], 
        [64268.9,67589.3,75771,68723.7,76551.6,57449.6,58546.1,53800.4,73467.9,79830.9,70933.2,62833.5,70599.9,71763.3,61134.6,70267.3,66311.3,62890.7,55218.2,52290.7,57844.3,66261.8,72599.7,81007.1,55282.3,72748,71059.3,65778.5,81096.7,59403.7 ]
     ];
d = [
        [54776,53106.7,20902.2,82039.5,73849.4,83988.5,28244.9,77186.4,17009.5,70580.2,8646.58,16554.7,87527.5,9817.69,68560.5,67362.8,38658.6,71661.9,60870.9,86378,25744.9,43173,53450.1,1845.82,81978.8,47880.9,36792,12752.6,12912,65362.3,85212.1,33933.8,80122,12309.3,88282.7,2058.62,5240.62,67058,83460.5,75234.5,60557.2,82051.7,63076.1,72604.1,85527.1,79211.5,3576.94,59304.4,35484.7,11905.3,85159.7,29077.4,61206.6,36491,40176.7,50058.2,68109.2,21376.9,47941,51662.9,69748.6,70129.3,86297.1,17704.1,24093.5,57213.8,60487.9,16727.1,43443.1,72788.1 ], 
        [8700.14,48848.6,30116.6,47533.9,79379,75067.9,51270.7,9044.12,47694,25159.7,3997.68,4793.9,15098.3,34844.6,72860.4,20902,53817.6,17986.9,83470.1,63237.1,50218,21208.8,33135.3,53047.6,73091.1,38071.9,42246.2,83556.5,2430.13,69495.7,47789.3,29116.1,66336.5,38086.9,39685.2,27026.6,22168.4,48940.4,43358,28064.5,80205.8,11039.7,58229,85631.3,26622.7,19059.4,28777.7,22488.7,52236.1,79145.1,30049.8,11379.5,54568.4,63135,36144.8,1008.38,3058.23,88995.5,34273.8,9898.16,29840.3,79219.7,55402.4,37843.9,84152.9,85774.3,40187.1,3937.44,24472.8,13362.4 ]
     ];
