/***************************************
* STOCHASTIC OPTIMITZATION
* OPL S2FVPP Data Generator
* by Jordi Mateo Fornes
* Model = S2FVPP; Stochastic (2S) MIP 0-1;
* Representation = Compact Representation;
****************************************/
I = 100;
P = 30;
C = 70;
G = 2;
p = [ 0.01, 0.01 ];
pc = 0.02;
ORCHARDS = { 1, 2, 3, 4, 5, 6, 7, 8, 9, 10, 11, 12, 13, 14, 15, 16, 17, 18, 19, 20, 21, 22, 23, 24, 25, 26, 27, 28, 29, 30 };
CUSTOMERS = { c1, c2, c3, c4, c5, c6, c7, c8, c9, c10, c11, c12, c13, c14, c15, c16, c17, c18, c19, c20, c21, c22, c23, c24, c25, c26, c27, c28, c29, c30, c31, c32, c33, c34, c35, c36, c37, c38, c39, c40, c41, c42, c43, c44, c45, c46, c47, c48, c49, c50, c51, c52, c53, c54, c55, c56, c57, c58, c59, c60, c61, c62, c63, c64, c65, c66, c67, c68, c69, c70 };
CGV = [ 12.3627, 25.4853, 10.2329, 20.683, 21.6957, 11.0756, 12.6637, 23.7192, 29.747, 24.3349, 1.6333, 4.32544, 17.4201, 25.5003, 10.542, 10.3069, 6.75382, 6.70016, 11.987, 21.4619, 7.0354, 11.8772, 18.5623, 13.2509, 13.4674, 27.7698, 8.32329, 29.4574, 27.4332, 21.3173 ]; 
s = [ 2.84972, 2.63639, 2.93451, 0.881518, 0.485698, 0.306994, 0.525129, 0.687612, 1.28742, 1.62071, 1.89602, 2.57658, 2.98629, 1.68668, 1.96442, 1.15665, 2.91276, 1.99352, 2.48752, 0.680003, 0.552075, 2.98777, 0.270194, 1.38969, 0.820449, 1.419, 0.795921, 2.74378, 2.73897, 28.9432 ]; 
CSV = [
        [
          [ 18.1165, 16.7942, 20.0125, 13.9485, 24.6226, 14.1158, 5.83607, 16.4502, 23.2416, 13.0673, 15.4156, 29.6312, 6.8727, 1.10483, 6.55833, 20.7453, 2.9914, 12.679, 9.054, 21.2792, 4.51376, 28.6184, 29.4509, 28.7137, 4.83354, 25.8353, 14.507, 19.4072, 3.28289, 17.5616 ], 
          [ 23.6951, 20.032, 24.7913, 8.95034, 28.8147, 17.8258, 5.23113, 1.45226, 17.2404, 9.7891, 13.3755, 17.3644, 8.66273, 17.586, 21.5692, 4.68523, 16.5335, 1.2694, 21.3617, 17.6571, 7.75758, 18.8891, 21.7391, 2.31751, 23.7346, 2.7654, 12.756, 21.7894, 19.9003, 25.4527 ], 
          [ 6.33996, 19.0156, 26.7089, 10.3884, 6.57017, 3.14547, 13.7092, 4.7692, 20.4802, 4.11903, 18.8102, 9.75069, 28.4331, 6.27223, 13.1281, 16.4145, 28.5593, 11.9603, 25.1999, 10.2473, 8.27047, 25.7504, 29.0438, 18.8797, 28.3378, 25.2507, 24.1648, 19.3781, 1.11159, 23.3958 ], 
          [ 5.05593, 10.1361, 16.6394, 19.8979, 21.4468, 10.6271, 26.063, 17.3042, 2.25945, 26.429, 16.8987, 2.56681, 11.1684, 5.93172, 28.6193, 21.6264, 4.76697, 2.46965, 18.4568, 27.9425, 21.4202, 14.4341, 11.56, 21.0299, 21.3926, 4.40984, 7.90765, 22.4926, 2.2965, 9.5116 ], 
          [ 18.222, 26.1296, 11.2662, 7.82792, 18.4947, 21.5778, 9.73648, 27.2729, 11.0937, 17.2332, 3.34646, 5.00603, 19.3075, 24.0887, 10.9868, 8.94096, 18.6474, 24.4013, 24.391, 20.4924, 26.839, 4.43423, 9.04751, 11.0097, 20.9411, 19.9886, 1.49587, 22.3882, 25.7031, 17.7327 ], 
          [ 21.1886, 17.5757, 19.8015, 22.1207, 24.5501, 17.8905, 17.411, 14.9323, 13.0896, 11.4184, 29.7004, 14.2408, 9.9901, 3.39231, 20.1724, 6.74165, 22.958, 3.6387, 10.8933, 11.6237, 29.8335, 9.39207, 26.4195, 23.4374, 12.4675, 12.1937, 17.2716, 24.303, 8.43166, 22.1123 ], 
          [ 3.25002, 24.5415, 26.9483, 12.6349, 25.3283, 3.43461, 13.8101, 18.4227, 6.29809, 13.0073, 29.7917, 1.32186, 29.6986, 20.282, 6.53322, 26.4312, 8.34857, 1.03826, 17.4787, 11.8352, 19.9681, 28.1089, 3.91297, 21.1086, 23.6335, 22.2012, 6.40305, 11.9126, 17.5715, 15.0856 ], 
          [ 15.7702, 12.6804, 18.3462, 10.3282, 20.8528, 13.2472, 15.7706, 2.0742, 27.6184, 24.21, 4.2658, 29.2928, 19.4181, 5.48741, 16.273, 1.56138, 20.7917, 8.04796, 5.86987, 16.1621, 21.5267, 15.8771, 13.8632, 21.9504, 27.2849, 8.16097, 12.6038, 3.032, 10.8503, 25.1239 ], 
          [ 13.7872, 25.2343, 26.4809, 8.96071, 22.302, 8.20542, 25.3061, 29.8541, 4.85928, 27.7364, 9.33285, 25.322, 7.90211, 10.7615, 21.5273, 17.5793, 16.2754, 4.66476, 17.7798, 16.8248, 2.2891, 19.6806, 9.00254, 21.3669, 22.2467, 28.0481, 19.427, 7.22418, 10.236, 6.55001 ], 
          [ 6.12189, 7.32553, 27.0694, 9.41805, 26.3931, 11.9898, 2.80113, 26.6773, 29.6196, 28.1884, 18.5816, 19.2139, 12.8954, 23.8462, 11.8232, 2.4971, 26.7238, 4.4715, 3.7328, 25.0696, 26.4931, 12.0018, 21.4061, 7.25134, 28.7355, 18.8413, 18.3561, 2.00085, 11.8351, 8.11237 ], 
          [ 13.0584, 3.34355, 11.0645, 1.27037, 3.19029, 17.0954, 6.43264, 9.63464, 2.18575, 3.40809, 8.9747, 8.78062, 22.2662, 4.90777, 20.1224, 26.7326, 8.78907, 29.4201, 18.3922, 10.7788, 10.7217, 26.5878, 21.621, 14.3651, 7.5712, 1.27504, 23.6938, 8.10371, 4.61156, 8.83631 ], 
          [ 28.7939, 24.1501, 18.4851, 1.01704, 5.84815, 11.0274, 20.0229, 5.83289, 5.08655, 5.94212, 27.7953, 5.04162, 6.87576, 1.47457, 4.59075, 2.88036, 28.2518, 17.4715, 23.9013, 29.6147, 18.8491, 25.9904, 23.5282, 9.48229, 16.0878, 5.86507, 1.21306, 1.02381, 21.2242, 4.33754 ], 
          [ 29.8102, 13.7332, 9.99547, 2.00846, 11.4245, 27.8499, 9.32879, 6.99886, 19.2853, 2.79887, 23.6584, 24.9679, 3.24853, 8.36216, 10.0159, 11.219, 15.7104, 10.9593, 9.18118, 1.14118, 25.532, 27.188, 4.73326, 29.6605, 15.6391, 16.0711, 27.5642, 28.1928, 3.59778, 1.78056 ], 
          [ 18.2393, 19.2792, 9.90454, 24.608, 25.3915, 7.13872, 17.4571, 4.6585, 13.3381, 4.44422, 16.1645, 19.0919, 7.99718, 21.4252, 6.8214, 23.897, 10.6537, 14.8327, 21.7795, 20.0941, 1.41311, 13.2281, 11.8425, 11.3874, 21.7791, 28.2264, 17.1891, 23.7374, 19.3839, 22.398 ], 
          [ 13.5629, 22.5866, 3.31711, 2.92257, 13.823, 5.51285, 2.78306, 5.82612, 16.4127, 18.7379, 4.45672, 18.9509, 17.7095, 23.8498, 27.9797, 29.6012, 27.3615, 25.5162, 3.62159, 15.5748, 14.4091, 6.23951, 12.5226, 11.461, 5.55631, 29.268, 17.5821, 15.7106, 24.5885, 16.9927 ], 
          [ 20.2465, 22.1645, 28.0779, 15.6651, 23.4017, 1.31297, 28.9843, 22.1091, 13.5302, 6.63192, 28.0251, 2.10635, 27.6003, 6.53386, 19.7877, 7.33071, 11.669, 26.0144, 2.30816, 2.67237, 7.87527, 21.314, 12.2974, 13.5598, 22.5443, 17.0963, 18.4705, 11.3456, 5.44465, 4.95809 ], 
          [ 15.4364, 11.9539, 15.8513, 21.9046, 28.6715, 24.1256, 24.3611, 3.00583, 17.087, 15.2865, 19.1521, 20.8658, 24.4787, 10.3147, 2.47617, 29.1843, 16.817, 28.0836, 3.13616, 26.3279, 3.58972, 7.78433, 28.0809, 28.7341, 6.76317, 23.5949, 17.8746, 27.6325, 18.2571, 18.3094 ], 
          [ 25.3826, 10.9147, 6.47201, 19.6461, 25.7559, 14.9952, 15.9453, 27.4655, 10.4642, 22.388, 1.68873, 13.1236, 6.79883, 13.6316, 29.9997, 25.0748, 28.5327, 20.6705, 15.6191, 29.2903, 14.4767, 18.0796, 14.5916, 24.4449, 3.3165, 28.4522, 16.8625, 5.03295, 18.4091, 27.8227 ], 
          [ 13.2088, 10.0171, 23.4457, 25.7717, 20.3604, 4.22173, 13.1345, 14.9044, 4.75148, 21.7367, 26.5114, 14.4432, 5.39833, 20.4397, 21.7903, 12.1094, 8.06229, 25.3357, 28.2365, 11.3093, 12.1952, 11.8126, 11.058, 24.2691, 24.594, 8.88508, 28.0755, 25.0995, 27.15, 21.3234 ], 
          [ 22.7215, 9.33837, 29.1218, 1.14801, 2.54989, 4.11689, 6.18546, 13.6162, 6.34833, 4.68888, 23.5686, 19.6688, 29.9334, 25.7581, 28.2341, 3.76176, 29.173, 11.5587, 21.1858, 10.2737, 10.0133, 26.1325, 24.8803, 29.5863, 13.067, 27.0342, 4.31015, 29.2423, 1.67725, 15.5215 ], 
          [ 17.5653, 8.32072, 16.6056, 2.76588, 25.7668, 27.9877, 17.3498, 3.20863, 20.8459, 24.0853, 16.7483, 24.4996, 20.1443, 15.7655, 15.811, 3.48756, 23.8347, 26.9949, 8.0902, 11.6626, 17.3616, 11.53, 5.18253, 10.8714, 26.2902, 23.6735, 17.8284, 18.9548, 4.74193, 14.9575 ], 
          [ 16.7747, 20.7351, 6.76102, 21.3962, 21.4789, 16.5753, 12.0402, 17.8721, 7.95618, 23.1928, 18.4376, 15.2467, 11.3166, 21.2569, 14.089, 22.7722, 13.2343, 15.5585, 19.6871, 11.592, 21.5578, 26.6996, 18.0286, 6.38469, 28.2229, 13.0706, 4.54036, 7.95011, 9.83477, 29.34 ], 
          [ 16.5095, 27.4026, 15.9326, 16.921, 18.9272, 16.0985, 25.5422, 10.2718, 1.81025, 9.5959, 23.3846, 17.7458, 1.80629, 5.77918, 19.414, 2.82545, 28.7551, 21.5904, 16.9816, 8.38962, 27.1213, 16.6224, 15.3065, 13.7734, 17.3415, 24.3219, 6.89572, 13.7337, 25.0465, 15.1605 ], 
          [ 28.8814, 5.83145, 18.9849, 13.2061, 4.80612, 6.39123, 12.2683, 19.5166, 5.22336, 24.9335, 25.7506, 8.05867, 14.1531, 15.5122, 26.9345, 26.9148, 8.31849, 15.6976, 14.5255, 21.78, 8.68514, 14.3482, 3.27563, 29.7246, 20.2756, 18.7631, 26.2332, 14.9231, 1.27685, 6.96447 ], 
          [ 11.2552, 2.03729, 29.4926, 13.5098, 26.4913, 19.6105, 23.1361, 14.5661, 28.0087, 21.1423, 3.38692, 21.4809, 21.4057, 25.9403, 8.74048, 11.7288, 17.2281, 5.85172, 27.3453, 2.71969, 17.8302, 28.6047, 15.814, 5.11275, 25.2936, 1.22738, 24.9193, 22.8677, 5.89932, 20.1997 ], 
          [ 14.4561, 19.01, 28.3466, 6.03659, 29.8486, 9.77645, 10.1273, 13.405, 16.6194, 7.3213, 1.01811, 5.39811, 13.1958, 18.1653, 11.9537, 19.5269, 28.0489, 23.5498, 16.0494, 15.6621, 24.8708, 7.28653, 7.56029, 10.419, 18.1235, 5.90916, 4.29476, 7.20296, 18.4595, 17.7337 ], 
          [ 29.6785, 20.1787, 18.1821, 17.6208, 20.529, 15.2172, 1.04137, 25.855, 20.4748, 7.15657, 23.2538, 8.36847, 18.1053, 25.0952, 25.0549, 7.05234, 18.1223, 21.9314, 26.2626, 20.2515, 2.36148, 17.1677, 12.6529, 12.5593, 20.5497, 11.726, 8.23956, 7.39769, 16.0781, 14.2806 ], 
          [ 2.60717, 26.1528, 24.0994, 15.7177, 24.5567, 15.2131, 11.553, 23.6055, 22.9953, 21.8511, 2.3304, 16.1361, 8.28053, 24.2549, 19.5031, 3.38057, 5.17811, 24.762, 9.47595, 5.39845, 8.17317, 19.8731, 17.7574, 20.3792, 6.96936, 19.7835, 13.625, 19.2231, 19.5928, 24.0052 ], 
          [ 12.1142, 26.5538, 17.7342, 26.9973, 5.17559, 5.63088, 23.8085, 6.81692, 14.6034, 9.32517, 29.7848, 22.7282, 4.91656, 23.433, 8.68121, 24.6306, 22.4296, 1.29048, 22.8955, 28.7102, 16.9713, 18.3279, 27.0259, 12.1961, 28.7899, 7.00623, 25.6247, 12.4358, 16.1474, 4.59517 ], 
          [ 1.67813, 4.97017, 16.3527, 11.7679, 11.0529, 9.9085, 28.188, 21.6855, 5.79, 8.50737, 12.0598, 13.9546, 20.7373, 29.4626, 12.6079, 24.8269, 19.9051, 7.24888, 5.30539, 8.0949, 8.34595, 10.3237, 2.23177, 15.6399, 4.3966, 14.5878, 4.50627, 10.1865, 26.0869, 19.3863 ], 
          [ 4.16137, 28.2552, 26.0721, 16.6199, 8.91828, 2.83015, 27.0006, 21.5269, 20.1889, 8.23471, 19.4637, 17.0277, 24.0615, 9.29241, 17.7762, 9.81344, 7.60731, 27.7344, 6.95552, 7.10992, 15.3677, 20.0704, 17.1161, 27.1289, 16.0458, 7.82512, 23.7205, 29.6872, 8.80142, 7.21416 ], 
          [ 19.592, 23.1564, 20.8193, 1.15102, 20.3706, 19.6466, 8.15923, 26.6516, 10.1823, 9.94261, 12.1845, 7.74677, 1.90434, 27.8036, 6.55381, 13.0645, 23.4173, 2.61396, 26.9908, 28.0745, 24.647, 26.2567, 10.0052, 3.61523, 19.2875, 14.3496, 24.6366, 17.7832, 7.82755, 18.3828 ], 
          [ 5.48384, 2.11685, 21.056, 21.2247, 3.04704, 25.35, 26.5937, 21.552, 12.1851, 14.306, 8.08491, 9.32168, 3.35755, 26.6792, 7.03378, 12.9129, 25.0369, 12.2113, 13.4968, 23.9776, 14.2894, 15.4012, 19.7603, 18.8561, 6.9264, 16.1856, 13.783, 23.1483, 10.4624, 12.2891 ], 
          [ 12.5674, 3.8624, 15.2052, 23.2131, 8.20769, 9.86171, 4.05725, 2.70907, 8.19539, 23.4805, 7.12452, 27.0149, 16.3017, 11.181, 14.1801, 24.4347, 7.97787, 10.4692, 11.9224, 27.896, 12.1716, 23.9369, 5.74833, 12.585, 8.47241, 23.0787, 23.2846, 21.7644, 24.915, 12.5491 ], 
          [ 26.0221, 3.74641, 9.25466, 27.591, 20.0851, 23.8493, 22.013, 22.2526, 22.3847, 28.3866, 20.4963, 14.1881, 10.9286, 22.9847, 10.5081, 15.6904, 18.086, 12.5763, 9.59519, 1.73927, 26.3795, 7.78929, 5.1191, 12.7325, 18.5737, 13.5046, 14.8829, 22.3603, 11.3642, 4.25499 ], 
          [ 14.7873, 27.6468, 15.1029, 7.35775, 4.34435, 22.6207, 27.8373, 7.5965, 8.86004, 23.2339, 1.15773, 21.5269, 8.18084, 6.84397, 15.4623, 11.1826, 19.2315, 3.26491, 18.68, 23.5172, 1.00016, 25.5487, 18.5809, 15.1393, 7.09162, 19.4776, 9.48355, 9.2007, 4.48081, 21.1219 ], 
          [ 25.5741, 13.4767, 12.1892, 22.7329, 25.3085, 2.04248, 19.1713, 16.0861, 8.78119, 28.2212, 2.24509, 26.7519, 5.57066, 7.11078, 22.9975, 25.0623, 11.6773, 5.44466, 27.4828, 20.701, 8.39697, 28.8451, 14.7937, 29.2247, 15.9288, 1.36582, 14.2125, 8.99875, 12.3732, 2.77619 ], 
          [ 1.95548, 16.2101, 21.0182, 10.6366, 20.8903, 9.64271, 13.2139, 10.5308, 14.455, 19.2587, 23.2304, 6.59799, 8.07261, 9.57174, 1.00744, 6.77429, 6.56248, 11.7304, 29.9703, 22.4887, 14.7651, 10.1607, 15.6503, 28.1938, 23.214, 15.3132, 13.7205, 3.60304, 18.4227, 13.9019 ], 
          [ 17.719, 3.2527, 26.8958, 28.833, 28.4054, 6.90696, 16.8511, 9.01669, 1.86747, 22.6428, 24.2564, 21.7449, 10.7811, 2.46744, 3.18218, 17.7986, 3.66907, 1.95018, 2.37013, 25.7052, 11.2952, 5.2438, 9.45217, 24.368, 10.5242, 18.7852, 7.22609, 8.47666, 26.8621, 24.3939 ], 
          [ 6.25582, 8.83747, 4.18546, 20.0356, 9.92664, 10.192, 22.1068, 26.8628, 2.43123, 12.4157, 26.8574, 11.8271, 29.9833, 11.5729, 17.0501, 6.47336, 21.7327, 2.36249, 27.5019, 17.4743, 1.42134, 22.3295, 26.2779, 27.0932, 16.9946, 14.7678, 17.9371, 25.3778, 24.5267, 19.7586 ], 
          [ 10.6214, 14.701, 6.87416, 20.5599, 10.1934, 24.7976, 12.3126, 18.8265, 2.91051, 16.1062, 13.7315, 8.50192, 5.12501, 10.3349, 2.39722, 24.679, 7.9929, 17.4658, 24.6544, 19.348, 24.8761, 5.50986, 4.75566, 4.66904, 12.7292, 2.68598, 2.46086, 29.2607, 21.1697, 26.5694 ], 
          [ 29.3504, 25.9301, 2.2864, 8.24113, 16.7281, 25.3097, 26.943, 21.6716, 26.3954, 11.6514, 14.8675, 17.4943, 6.02589, 23.2935, 15.6198, 3.54843, 12.0645, 15.7225, 26.8918, 27.3095, 4.70263, 1.57417, 4.15422, 24.3272, 24.5957, 9.91506, 21.4446, 27.3852, 12.1464, 17.3436 ], 
          [ 10.8957, 20.5075, 8.57856, 7.42327, 9.09705, 19.837, 23.1447, 11.4485, 29.9619, 17.747, 23.0275, 2.09509, 27.6879, 28.8088, 5.77153, 22.5814, 24.87, 11.8761, 18.7456, 25.8896, 13.8536, 8.01178, 6.25955, 27.134, 11.6309, 1.02226, 20.6515, 2.68398, 28.7515, 14.6107 ], 
          [ 26.9885, 24.2591, 6.45682, 4.05956, 1.83725, 20.8761, 11.3546, 14.2563, 17.8733, 23.9067, 13.4198, 23.7746, 18.1922, 22.4791, 10.486, 10.852, 4.59623, 27.2753, 18.6213, 5.57786, 23.1321, 2.78731, 16.4123, 24.069, 4.4693, 27.1684, 22.4224, 28.1922, 27.1725, 3.78886 ], 
          [ 7.39564, 24.7525, 26.5006, 28.0705, 19.631, 2.85223, 24.2352, 1.30502, 3.02895, 2.63461, 16.4908, 12.1517, 28.6897, 7.57935, 5.77169, 23.0886, 17.7794, 7.77381, 28.3468, 8.6294, 17.2793, 16.3885, 25.8452, 5.26332, 28.7859, 2.08096, 6.3553, 8.07971, 25.6193, 16.2735 ], 
          [ 5.16949, 7.62741, 3.26198, 15.6632, 26.9291, 4.54929, 28.4777, 17.0579, 1.10172, 25.3831, 26.4547, 16.0284, 17.1456, 28.9939, 10.3588, 25.987, 5.26814, 24.0469, 8.81138, 21.8297, 2.78577, 22.5616, 7.66603, 27.9707, 7.59845, 17.2591, 15.5058, 3.17932, 27.3134, 25.0186 ], 
          [ 7.7096, 27.8733, 10.3136, 28.9181, 10.0923, 14.3162, 10.7698, 16.0761, 17.2147, 22.4252, 23.2984, 15.501, 6.37069, 10.0736, 5.73663, 22.9975, 10.8172, 14.0113, 13.1034, 23.593, 19.7146, 28.6167, 5.66486, 20.6159, 19.6061, 9.55347, 28.9974, 7.26625, 5.52911, 12.0993 ], 
          [ 2.80121, 29.4832, 1.00928, 5.44399, 10.2463, 10.6401, 19.8843, 26.2923, 27.5659, 28.2748, 10.6745, 29.1835, 13.3592, 25.7205, 26.8102, 6.11864, 5.81899, 5.39436, 17.258, 17.7656, 12.0868, 1.48627, 4.70491, 16.2483, 5.49497, 16.3468, 4.07701, 22.1409, 19.1235, 15.04 ], 
          [ 7.12738, 23.0029, 24.0913, 20.6636, 4.8795, 26.7095, 18.5351, 12.6151, 7.40774, 13.7008, 14.2789, 9.20722, 14.9716, 2.3199, 15.9685, 20.1778, 21.1696, 3.47672, 4.55751, 8.37777, 28.5456, 15.5113, 4.94341, 27.2318, 29.7634, 7.90977, 6.08736, 20.9147, 17.3939, 17.169 ], 
          [ 4.85323, 29.6114, 22.5487, 12.7453, 1.93623, 29.7838, 4.60875, 16.1132, 11.2821, 15.7631, 13.0705, 23.0399, 27.7137, 19.7043, 29.3191, 27.012, 26.0841, 2.30958, 18.2176, 9.44812, 4.63879, 1.31317, 8.9063, 29.7336, 17.844, 10.1373, 20.1437, 27.1099, 5.21707, 10.0713 ], 
          [ 11.8437, 11.6768, 10.9072, 5.57179, 26.0758, 12.9469, 3.33471, 22.3981, 22.8432, 4.1253, 16.323, 6.72042, 16.931, 18.9439, 12.3383, 27.8779, 10.7725, 1.41221, 14.0139, 6.15198, 22.049, 12.2406, 21.5974, 18.8956, 9.38859, 20.8641, 21.5437, 17.1083, 13.4975, 28.7625 ], 
          [ 14.1228, 10.5768, 26.1026, 29.5149, 5.61731, 20.9633, 14.949, 11.0975, 8.30245, 18.9666, 7.72191, 12.7477, 28.6783, 16.5478, 29.0348, 6.71237, 21.0098, 5.27067, 25.6319, 17.2201, 15.1948, 7.96223, 21.3731, 4.62807, 23.2645, 4.719, 10.1484, 2.41094, 9.77492, 21.4819 ], 
          [ 20.8458, 13.8824, 12.8072, 17.8497, 11.2701, 20.1564, 24.1142, 23.9052, 14.0564, 24.3938, 21.7173, 5.1611, 24.4941, 6.18535, 7.9736, 14.4665, 10.1687, 4.72967, 1.55126, 15.5506, 6.87299, 17.1109, 2.38771, 7.46844, 29.3049, 11.9596, 8.94127, 21.9951, 8.84295, 15.7105 ], 
          [ 13.2309, 25.5989, 7.6472, 15.0493, 18.9384, 29.2844, 19.9233, 25.121, 23.5188, 1.58284, 10.041, 24.3738, 24.8073, 13.0439, 19.0272, 9.08627, 10.9749, 7.84146, 12.3908, 14.7587, 5.0766, 3.2439, 12.8572, 28.224, 14.092, 9.5481, 8.18406, 22.5611, 14.6607, 6.51773 ], 
          [ 11.2762, 8.56037, 6.97667, 15.491, 6.94904, 24.4244, 28.362, 4.79012, 27.992, 28.8368, 11.4173, 26.1399, 23.0363, 4.97206, 12.6385, 2.04881, 18.9611, 27.6861, 4.55546, 23.1193, 2.3929, 12.1687, 19.408, 3.37968, 27.2994, 16.741, 21.465, 19.1402, 14.3088, 5.65044 ], 
          [ 5.13691, 1.85026, 10.021, 11.2583, 6.78046, 4.10154, 15.1764, 25.5134, 23.8336, 6.48231, 7.63144, 29.5826, 16.6347, 3.01761, 23.6303, 22.2359, 12.4386, 25.9831, 2.36771, 1.68003, 18.9582, 28.2726, 6.48172, 26.9879, 27.8083, 29.0422, 11.6203, 17.1625, 14.6047, 11.8354 ], 
          [ 20.5506, 15.1022, 4.7201, 10.2372, 2.17755, 11.6307, 18.5864, 19.7201, 3.8247, 3.01875, 15.767, 26.2154, 7.87548, 7.76664, 14.0636, 16.8717, 29.4924, 24.2396, 14.3242, 11.6957, 6.2316, 2.19311, 17.3567, 21.5358, 4.50095, 20.1766, 11.659, 3.25621, 16.8046, 26.0929 ], 
          [ 4.47082, 10.926, 20.1107, 21.1165, 8.86826, 4.74146, 7.18736, 10.1489, 12.0199, 20.4066, 19.9082, 20.7706, 24.7562, 27.64, 23.274, 15.1023, 2.98568, 22.2452, 5.77169, 5.35101, 20.4117, 5.99535, 5.84374, 5.07397, 3.05592, 26.7901, 28.8475, 10.8667, 10.2417, 15.1243 ], 
          [ 12.6673, 27.6246, 6.98507, 7.12521, 9.24968, 17.9804, 28.6748, 22.7284, 16.1264, 13.1128, 21.8122, 24.781, 4.86026, 15.0524, 27.859, 4.73463, 11.5955, 3.95888, 21.5954, 2.81741, 18.3212, 11.4721, 10.6557, 5.33181, 18.5047, 12.171, 7.35001, 21.0982, 18.6679, 29.7764 ], 
          [ 7.11236, 19.977, 11.0403, 17.1507, 21.6262, 15.0386, 14.0008, 12.5084, 21.2911, 29.6048, 29.3528, 4.66447, 20.7913, 1.09338, 22.8739, 17.366, 21.3387, 9.39166, 12.0072, 10.2712, 17.0654, 14.6504, 18.5025, 29.9332, 21.7184, 17.268, 8.49025, 16.7767, 21.4687, 12.1161 ], 
          [ 27.9387, 17.6725, 21.7487, 3.97218, 1.92387, 28.3918, 16.5741, 3.82956, 24.0594, 6.20104, 5.49452, 19.3147, 27.9505, 16.6319, 18.664, 4.26601, 2.55814, 24.0371, 14.4165, 9.2079, 17.6954, 15.9358, 13.8618, 1.33052, 24.3584, 22.4251, 23.4961, 18.4087, 29.5097, 11.7657 ], 
          [ 2.172, 17.6173, 11.5073, 20.098, 3.29028, 26.2188, 21.9036, 6.5406, 3.69986, 8.52789, 21.5816, 6.41465, 28.2185, 15.9702, 12.9128, 25.8887, 25.1561, 6.1952, 9.36272, 24.7443, 22.061, 26.2544, 28.0096, 23.8727, 3.4967, 7.88207, 26.6115, 12.3579, 19.4708, 20.952 ], 
          [ 25.4979, 8.84011, 20.2868, 24.9295, 1.06829, 21.7317, 23.2862, 27.2194, 23.2269, 22.6502, 16.2537, 17.782, 2.93794, 27.8404, 26.0722, 19.0131, 20.5737, 1.75917, 5.80945, 18.4792, 2.35149, 23.2934, 1.12416, 15.3271, 20.5629, 5.32334, 7.8437, 2.51989, 27.5585, 19.1142 ], 
          [ 19.5967, 24.9344, 9.81252, 3.73214, 23.0108, 19.3392, 14.2085, 9.36491, 7.45641, 7.63189, 1.42931, 6.06209, 14.8764, 14.7769, 2.11597, 3.07089, 25.9515, 27.4038, 13.359, 8.08067, 29.9626, 9.13771, 24.5535, 29.8213, 11.6524, 24.5068, 9.33743, 9.5854, 24.3255, 15.9419 ], 
          [ 17.1567, 7.22968, 24.7239, 29.1013, 6.44561, 10.0827, 7.66311, 9.89696, 18.7547, 25.7052, 13.3417, 23.9963, 27.0365, 21.176, 10.2907, 20.3297, 16.1565, 11.9791, 1.14919, 8.44278, 9.35803, 13.921, 3.03306, 4.32325, 24.8263, 7.00127, 28.8232, 20.5809, 20.2489, 20.3385 ], 
          [ 13.6675, 2.07942, 15.0746, 26.9761, 6.91383, 10.2405, 10.0741, 22.1184, 4.65987, 25.2809, 21.089, 24.9765, 18.4944, 9.37633, 15.3692, 13.1654, 22.9219, 22.1135, 25.7221, 10.6577, 23.3558, 12.3507, 23.9992, 21.7183, 10.759, 7.19861, 20.8602, 17.863, 4.84041, 28.6981 ], 
          [ 15.3846, 13.8393, 1.95381, 4.37137, 16.6922, 4.19909, 1.30781, 11.8623, 28.2947, 13.9754, 23.6997, 9.54606, 23.6259, 7.59926, 26.3911, 14.4395, 10.8411, 18.7441, 13.601, 17.8921, 14.6617, 28.7293, 23.9983, 1.07337, 18.6376, 2.1549, 16.4231, 14.7744, 21.8719, 19.5441 ], 
          [ 5.68431, 9.21685, 7.49945, 2.59191, 19.7584, 18.343, 14.6103, 23.6009, 21.4624, 25.2007, 27.1393, 27.2961, 17.4624, 26.8126, 7.39232, 26.0536, 3.38763, 6.77918, 10.4144, 14.2337, 15.9184, 12.954, 9.77279, 17.1413, 16.9363, 28.8632, 9.16408, 4.95089, 20.6951, 1.42728 ], 
          [ 1.38777, 16.3566, 5.49778, 8.10746, 9.83148, 17.9472, 6.27994, 24.7348, 6.79535, 7.75876, 28.1331, 7.76684, 17.599, 21.3823, 10.2168, 8.12472, 15.5743, 16.7283, 18.2884, 9.22459, 20.0178, 18.9501, 20.0612, 25.1737, 29.3039, 23.4135, 8.87862, 2.72368, 27.3811, 13.1784 ], 
          [ 3.47508, 12.6581, 21.9659, 26.2535, 21.1309, 15.8517, 15.4858, 21.6238, 3.74715, 27.1353, 6.85026, 2.42304, 28.5496, 29.3149, 13.4423, 9.80793, 25.6519, 23.2399, 6.0056, 7.14789, 13.1242, 25.2354, 27.7128, 15.1687, 2.75971, 14.2594, 23.9073, 6.671, 22.1566, 9.71101 ]
        ], 
        [
          [ 19.8511, 23.3187, 29.152, 25.6507, 6.50287, 14.0789, 9.28773, 22.7756, 5.47712, 25.0274, 21.0833, 22.0202, 24.527, 28.1654, 15.3654, 2.92704, 25.4499, 5.46419, 16.3551, 7.41349, 6.87068, 22.0795, 27.2519, 3.92023, 29.7521, 9.96311, 25.8184, 18.8031, 28.2159, 25.145 ], 
          [ 27.8533, 9.81123, 5.71148, 5.84663, 9.14931, 13.749, 18.006, 19.6681, 17.7961, 25.3546, 26.5645, 11.228, 3.87077, 13.7584, 29.0859, 23.6562, 16.5461, 29.8454, 15.5217, 2.04844, 12.5908, 29.8558, 29.1796, 19.8061, 23.3099, 14.7514, 22.0875, 5.3402, 2.46443, 29.3024 ], 
          [ 26.4994, 5.14572, 26.4255, 9.18154, 27.4817, 3.37892, 17.7183, 10.758, 23.6972, 15.6348, 15.8002, 20.8341, 4.60684, 1.37951, 29.6038, 15.2693, 26.7872, 25.7547, 6.6085, 12.0748, 5.65281, 19.9109, 5.57865, 20.3822, 9.19418, 16.4594, 16.7824, 7.18166, 3.33273, 17.1841 ], 
          [ 13.1389, 23.3262, 27.4577, 4.61795, 19.0866, 2.27532, 20.1182, 29.2223, 14.8811, 21.3828, 1.94754, 16.0598, 7.13736, 16.6405, 27.9434, 1.62673, 22.8654, 27.3247, 17.115, 10.3502, 7.59152, 26.4152, 12.4439, 14.2894, 19.9061, 3.41327, 6.54475, 9.52516, 14.7634, 19.6936 ], 
          [ 27.3089, 5.86332, 26.1304, 16.7497, 20.6797, 6.13005, 13.6311, 23.954, 23.6024, 11.4893, 1.05027, 18.3605, 20.5066, 26.0035, 24.6403, 7.83547, 25.8702, 9.8835, 26.1024, 25.9396, 11.7517, 21.3023, 17.882, 5.06629, 3.06911, 28.3696, 1.75507, 26.6102, 10.6796, 17.9722 ], 
          [ 11.8081, 18.9886, 15.6001, 18.8499, 26.1534, 29.0973, 28.5101, 19.3759, 26.5022, 21.7797, 17.1188, 6.45957, 4.4227, 13.3758, 14.5035, 12.5619, 6.82006, 11.9387, 12.9577, 29.5162, 19.1223, 15.5824, 7.26649, 28.8877, 8.49878, 25.0184, 12.9882, 14.9333, 4.44065, 27.2845 ], 
          [ 29.4208, 12.4943, 8.51933, 27.1323, 5.47182, 20.4794, 17.3203, 5.03218, 1.96991, 15.8864, 18.7599, 9.28598, 5.18816, 24.083, 8.15126, 25.6249, 4.05292, 9.81607, 23.9254, 16.6273, 4.8979, 8.55953, 5.44385, 7.64266, 26.7844, 11.7315, 25.1559, 17.3332, 1.30363, 20.1922 ], 
          [ 29.1762, 23.5973, 27.7861, 29.38, 29.0442, 17.2272, 20.9234, 22.2621, 21.4657, 29.2364, 23.1724, 19.5061, 22.572, 7.57323, 13.6792, 6.78925, 16.2306, 2.32184, 20.1701, 16.9309, 23.7173, 8.35658, 10.6512, 5.75468, 7.47165, 15.1502, 3.53574, 2.10968, 7.56378, 15.793 ], 
          [ 11.7471, 9.44041, 8.42664, 26.8384, 27.227, 22.9824, 11.6067, 27.8475, 12.7469, 5.8999, 1.57892, 3.14999, 7.64831, 8.5467, 26.9446, 6.93057, 4.43926, 20.8698, 5.80519, 29.1631, 10.1196, 9.71426, 3.71067, 22.7613, 29.9476, 23.5573, 1.78733, 16.3766, 23.4648, 2.69015 ], 
          [ 16.8071, 6.39771, 14.6164, 27.4048, 18.4434, 15.077, 22.1628, 12.8436, 27.5713, 15.518, 29.4817, 3.188, 18.36, 16.8086, 19.6189, 15.819, 19.133, 11.5955, 4.65921, 3.78625, 17.8904, 11.7783, 5.88918, 23.3035, 3.12492, 5.52821, 21.6582, 14.74, 28.253, 14.6675 ], 
          [ 19.1832, 21.9581, 26.4698, 23.8306, 12.6686, 25.6307, 27.6842, 8.6172, 10.3275, 1.63595, 9.26511, 6.65544, 4.56856, 8.91235, 7.92385, 29.3404, 22.5324, 18.7437, 13.1571, 5.36023, 5.39532, 10.8932, 15.6469, 13.4671, 11.4217, 4.21723, 7.35335, 7.9551, 9.60906, 4.38968 ], 
          [ 1.79345, 27.5067, 14.5397, 21.0152, 9.34883, 14.0818, 8.82733, 29.7133, 26.9953, 6.73979, 23.1698, 1.81726, 17.8137, 22.6874, 27.9517, 9.71491, 10.7634, 9.97243, 24.4721, 5.45366, 14.8675, 18.2254, 8.31927, 20.3755, 15.5863, 4.23051, 25.1175, 27.5084, 22.5531, 15.6153 ], 
          [ 7.89573, 28.5587, 19.1273, 13.7646, 26.8255, 16.4637, 16.5788, 13.9724, 26.574, 22.5276, 7.31166, 29.6597, 4.57665, 24.41, 22.9707, 7.53646, 11.2635, 27.2626, 5.955, 1.20458, 23.3488, 21.3054, 17.9896, 2.53215, 16.6965, 28.8289, 3.6823, 17.6387, 10.2409, 3.66903 ], 
          [ 26.9496, 25.1728, 23.5637, 8.20764, 24.5059, 7.57866, 19.4856, 29.4325, 6.66665, 26.5376, 3.76152, 15.6154, 26.791, 28.8328, 8.20561, 15.5988, 8.81118, 24.7597, 10.1718, 11.66, 29.2416, 10.8862, 9.2125, 18.7639, 24.4857, 22.4424, 3.84123, 2.11785, 16.0311, 14.8689 ], 
          [ 9.36176, 13.0539, 26.8391, 1.14682, 12.3336, 10.0259, 2.94611, 21.5128, 4.45895, 19.0324, 14.8951, 16.3769, 17.6973, 19.2257, 13.6375, 11.7749, 9.58047, 25.3921, 28.412, 23.0304, 7.09213, 18.1971, 16.8621, 26.7954, 26.5828, 25.2439, 21.2558, 17.3467, 19.1659, 14.9607 ], 
          [ 8.84855, 16.5313, 11.4832, 1.42477, 6.80703, 17.4425, 14.6688, 28.3755, 8.6195, 24.4673, 19.0048, 1.53523, 12.9892, 17.1186, 24.1535, 12.3953, 18.0605, 9.86165, 22.0071, 28.4495, 12.8108, 18.0574, 14.8187, 14.0561, 12.4989, 1.89789, 11.4617, 5.14131, 3.47018, 10.7665 ], 
          [ 18.7062, 22.4396, 4.52757, 6.43175, 9.24116, 29.7388, 23.6883, 20.2681, 15.9724, 29.2906, 24.119, 2.57255, 14.4467, 13.4983, 6.74276, 22.704, 10.5424, 9.56156, 11.6905, 20.851, 11.1095, 20.6889, 7.15937, 29.0182, 19.4861, 15.02, 16.3044, 16.1905, 28.2868, 7.64193 ], 
          [ 22.1664, 23.7032, 13.1103, 6.17359, 9.81522, 15.7159, 11.0959, 19.8801, 22.2052, 9.36254, 4.72588, 10.023, 10.0424, 9.31697, 1.05068, 22.9266, 5.47345, 29.8344, 5.8557, 2.12667, 1.96144, 17.7777, 6.31022, 8.97968, 21.7423, 23.463, 13.5746, 5.2398, 16.349, 13.5929 ], 
          [ 14.3779, 21.7018, 12.1026, 2.18509, 24.7358, 2.86903, 4.86301, 19.1494, 2.40212, 28.032, 2.25311, 18.6371, 8.31777, 5.70294, 6.22202, 19.879, 17.4508, 25.9365, 29.6285, 11.7194, 27.0363, 19.6563, 4.43007, 17.1806, 22.5698, 4.23054, 26.256, 20.3236, 26.1912, 6.72851 ], 
          [ 22.8645, 1.03547, 5.93933, 17.1731, 5.56939, 14.3507, 29.0835, 13.0751, 23.7102, 14.9943, 29.6563, 18.3556, 18.0009, 2.06176, 12.2036, 20.721, 7.21201, 20.7996, 6.95363, 12.7492, 19.6015, 8.32349, 6.85486, 16.326, 29.545, 24.3568, 22.383, 5.7744, 9.94238, 18.5716 ], 
          [ 10.1057, 14.4671, 14.6469, 1.01522, 5.31879, 24.0738, 25.1272, 6.38451, 8.57736, 29.4118, 5.7183, 17.9315, 5.70551, 15.3953, 22.9482, 7.77235, 24.4322, 24.4418, 16.6022, 15.7075, 2.87791, 23.0782, 7.01345, 9.91461, 1.33351, 9.34455, 29.9765, 9.65175, 19.6661, 18.347 ], 
          [ 16.356, 29.5152, 5.36631, 20.5168, 9.91285, 28.1858, 2.42405, 1.3275, 29.5061, 20.9969, 7.30102, 8.73251, 19.3039, 3.29656, 6.73962, 20.264, 28.04, 22.2167, 12.5681, 10.0725, 16.7242, 3.96673, 11.3913, 11.0032, 28.0419, 3.61684, 7.02487, 9.9714, 13.4275, 6.60259 ], 
          [ 6.1983, 12.4431, 5.40495, 25.0739, 13.5612, 11.5334, 16.1046, 21.2016, 6.77056, 20.8991, 9.31555, 5.50555, 7.8866, 22.5056, 17.1665, 7.29886, 4.91627, 16.5275, 13.2928, 23.6986, 13.0958, 27.1025, 21.0358, 18.1186, 24.9848, 12.9516, 20.2903, 14.2985, 16.1438, 26.2771 ], 
          [ 3.44845, 21.6159, 16.4867, 5.1063, 23.7565, 3.34275, 17.6544, 1.05438, 19.7317, 28.8692, 27.9042, 12.5362, 10.0581, 16.1253, 12.8226, 19.0978, 21.629, 21.1005, 1.41373, 21.9037, 3.64686, 14.6289, 2.20893, 28.2247, 9.95138, 5.41203, 11.8194, 9.90567, 22.4843, 8.18672 ], 
          [ 5.08675, 26.444, 9.02511, 29.5259, 29.1156, 29.8168, 10.593, 14.2095, 8.68436, 13.7471, 16.0822, 22.1316, 19.3314, 6.57425, 16.8376, 9.8092, 28.6565, 8.62259, 8.19258, 24.9171, 23.8231, 29.9687, 19.356, 18.651, 27.043, 13.5363, 29.0643, 11.0874, 8.58954, 10.8208 ], 
          [ 15.4437, 28.976, 27.5811, 22.1586, 6.75698, 5.35545, 16.7048, 16.6594, 18.1071, 6.38559, 5.2852, 12.8756, 14.8257, 4.1689, 13.2674, 22.7058, 18.9024, 26.0646, 20.5821, 17.3288, 18.5952, 14.3583, 13.1178, 16.9001, 7.90745, 10.6277, 17.9934, 1.01463, 1.50557, 5.25032 ], 
          [ 21.4597, 24.9728, 22.7171, 8.98305, 1.05529, 22.7251, 14.1318, 8.61964, 17.4161, 23.7701, 14.6789, 2.90754, 14.6924, 27.0591, 11.2998, 14.4966, 7.83941, 22.6727, 21.5206, 4.75242, 21.0008, 4.39569, 27.4524, 9.66408, 25.7952, 13.0848, 28.6335, 12.5013, 5.53558, 21.4216 ], 
          [ 13.6677, 2.03694, 13.9609, 17.6197, 11.1128, 19.1718, 1.85956, 11.3154, 13.6658, 10.1709, 1.41024, 16.7565, 5.86108, 22.6325, 27.5325, 20.4314, 10.1996, 12.671, 11.2432, 17.8199, 7.61878, 5.78999, 1.33175, 6.13369, 24.3247, 11.274, 27.9346, 29.5133, 18.837, 9.88637 ], 
          [ 8.96837, 18.8271, 27.0268, 24.9705, 2.00673, 8.1175, 19.8505, 28.7667, 10.7759, 22.3275, 11.6712, 9.86511, 9.6942, 10.4854, 6.04095, 27.2865, 25.0544, 23.6058, 2.41218, 9.43387, 24.2905, 16.2573, 16.1301, 23.2168, 25.754, 4.92251, 4.30016, 25.2495, 7.54382, 24.4765 ], 
          [ 23.9041, 29.6296, 10.3123, 15.6598, 5.98843, 14.002, 14.5259, 15.6125, 5.77905, 18.9368, 16.4323, 18.0599, 14.6256, 16.0777, 12.3644, 2.64978, 17.9883, 24.7846, 12.0568, 18.0444, 18.7903, 15.3091, 13.0551, 4.64376, 3.36532, 12.1724, 19.1006, 4.04769, 5.11119, 20.196 ], 
          [ 21.2434, 26.7036, 29.0555, 7.42395, 21.9393, 16.0576, 14.8511, 15.2755, 5.43932, 13.5929, 24.1943, 14.3849, 18.4713, 15.8766, 18.3778, 13.747, 28.7769, 22.8344, 26.5145, 10.3679, 3.8104, 14.291, 20.7247, 10.9959, 2.80008, 26.3209, 2.07395, 28.0546, 3.96674, 8.28706 ], 
          [ 20.732, 12.4991, 16.9324, 26.2811, 29.3563, 4.8531, 14.2486, 11.3314, 23.0408, 2.8972, 26.1483, 1.95672, 25.4786, 15.3496, 10.3501, 28.4651, 18.7428, 8.58076, 4.85951, 5.89948, 20.6616, 19.7979, 24.2008, 3.05674, 3.80791, 25.6713, 27.2516, 4.44252, 29.0177, 20.4345 ], 
          [ 11.2035, 26.0629, 11.4694, 5.68239, 9.54015, 18.0769, 26.2012, 9.56822, 27.7178, 8.74444, 9.10564, 2.19208, 3.18794, 8.73593, 28.8207, 6.61886, 11.1103, 12.7391, 16.935, 27.0741, 8.85285, 4.92473, 10.3127, 21.3598, 28.1442, 17.5073, 27.0183, 11.1144, 26.9493, 2.36934 ], 
          [ 19.3999, 21.0149, 10.1125, 5.65018, 10.5316, 14.9355, 24.8007, 6.20703, 22.1237, 10.4887, 25.3604, 11.4131, 23.9024, 5.26383, 1.67498, 10.9759, 10.668, 14.8482, 12.3441, 14.7738, 26.7856, 17.1962, 2.61153, 12.2376, 3.60984, 20.5607, 24.2848, 12.6461, 27.5394, 17.6399 ], 
          [ 9.18416, 14.2355, 1.78355, 1.70866, 7.42374, 3.26167, 13.3688, 29.38, 7.2244, 7.77958, 14.5171, 20.5616, 7.75168, 26.7288, 11.436, 10.1737, 8.68142, 6.44221, 19.8402, 15.7928, 9.5716, 24.3703, 13.105, 12.8126, 14.6007, 21.04, 15.5083, 8.24136, 25.3726, 22.3164 ], 
          [ 28.2447, 26.1212, 12.5163, 12.6337, 5.71373, 17.0744, 11.9421, 12.8451, 17.6382, 9.72256, 10.6395, 9.58035, 2.68227, 14.8371, 27.6022, 14.5709, 9.10533, 22.5031, 3.19988, 13.5339, 22.3531, 1.95873, 24.5294, 3.07898, 8.7707, 20.8525, 15.3262, 23.798, 24.2808, 9.682 ], 
          [ 21.0998, 21.2246, 25.3912, 6.93073, 28.0155, 14.8545, 2.62969, 6.45113, 8.36966, 17.9311, 10.7091, 3.59628, 4.48275, 18.7022, 24.0504, 6.61232, 1.84412, 14.8651, 7.62895, 5.43217, 29.02, 26.4662, 17.4051, 1.32497, 21.718, 1.25814, 12.6208, 22.8963, 10.1921, 23.5067 ], 
          [ 6.65822, 6.77054, 24.4569, 20.2623, 15.118, 24.4819, 26.9336, 15.8132, 11.8886, 17.9741, 13.5604, 20.0937, 26.971, 24.6113, 2.95186, 21.9037, 5.75328, 17.4139, 19.1982, 1.30542, 2.38971, 21.7577, 17.5601, 26.3111, 29.9861, 23.1122, 11.7121, 20.8721, 6.49092, 6.192 ], 
          [ 6.53539, 17.3976, 8.62818, 28.0763, 19.835, 26.6638, 1.01848, 18.3345, 9.89654, 7.51198, 14.0552, 4.65771, 11.1195, 10.8701, 29.6249, 12.3235, 18.0774, 28.5184, 17.2486, 15.8616, 2.62353, 22.4369, 25.7212, 19.1879, 27.7059, 1.5579, 17.5441, 11.887, 28.7961, 6.20185 ], 
          [ 11.2202, 9.05556, 3.62527, 12.3953, 18.8561, 9.81388, 22.4578, 22.525, 19.9228, 2.30928, 5.68861, 3.26918, 21.8483, 19.3583, 9.06225, 6.08696, 5.54988, 4.30904, 13.9205, 28.5972, 27.5052, 13.5126, 14.0999, 17.4137, 10.1754, 6.70698, 11.9277, 24.9247, 3.55932, 22.301 ], 
          [ 17.9312, 20.0502, 11.7538, 13.7001, 2.64588, 15.2593, 27.8491, 9.29732, 8.50613, 26.4147, 28.3478, 2.16848, 12.813, 6.58446, 2.28914, 25.6516, 26.2823, 10.3767, 9.74172, 17.319, 14.8367, 16.1427, 18.922, 22.6206, 19.7163, 27.1367, 5.76723, 6.5133, 25.3383, 17.1775 ], 
          [ 4.79534, 18.8546, 11.7958, 17.0523, 2.75484, 2.08252, 26.2377, 25.9141, 16.6962, 8.83224, 13.4943, 4.50815, 20.3853, 17.5959, 17.989, 14.2095, 16.1267, 4.86606, 7.18357, 16.2322, 8.48263, 27.8854, 13.8753, 29.1152, 25.9964, 24.3846, 16.1585, 26.8172, 27.8413, 2.24186 ], 
          [ 2.93202, 22.4174, 24.538, 27.5769, 11.9798, 18.6225, 26.1803, 14.1398, 27.4746, 25.0483, 7.08903, 8.22329, 25.5194, 12.1286, 17.7046, 1.94813, 26.3484, 20.6962, 23.8648, 25.3614, 23.5978, 13.741, 11.1844, 6.31676, 19.7172, 22.4555, 5.86055, 12.8221, 13.953, 20.7089 ], 
          [ 23.6196, 16.0328, 9.39734, 1.51933, 4.73739, 7.15613, 26.5492, 15.0536, 10.2793, 18.4187, 19.0052, 19.5054, 8.10227, 22.1331, 9.29212, 15.5925, 11.077, 1.16467, 10.9094, 20.2422, 27.3765, 26.8094, 26.8529, 16.2951, 28.1289, 10.594, 18.3414, 15.7621, 27.1007, 12.0754 ], 
          [ 21.8124, 19.3617, 12.4713, 15.8406, 22.9832, 16.7427, 5.21011, 22.231, 12.0792, 23.1815, 25.8568, 29.828, 26.5195, 26.7351, 29.6138, 29.1383, 26.6363, 22.5733, 19.234, 6.07989, 8.62519, 27.7411, 12.9451, 4.69497, 25.2306, 9.13595, 16.8477, 23.3553, 1.3202, 11.722 ], 
          [ 15.8712, 27.956, 24.171, 2.12686, 26.4947, 25.3074, 14.945, 11.8166, 8.08737, 2.74395, 14.7789, 4.40174, 3.56163, 11.2654, 2.43971, 23.4042, 19.3202, 18.3016, 25.7503, 15.3683, 9.91439, 21.719, 18.8541, 13.8773, 7.83848, 15.3812, 24.7653, 9.41495, 21.8867, 16.0574 ], 
          [ 17.4036, 9.65605, 2.18395, 17.6582, 3.65897, 5.97569, 28.8551, 9.06084, 5.8101, 11.0192, 22.1176, 27.1985, 19.6204, 15.3684, 11.4103, 3.86205, 5.37774, 1.40993, 9.36749, 12.2808, 13.4283, 14.6515, 11.7232, 11.9078, 22.159, 6.60127, 22.6704, 26.0464, 5.36607, 24.9236 ], 
          [ 18.3506, 20.1461, 23.3144, 22.3106, 6.42395, 22.9823, 24.2361, 17.3052, 19.7547, 11.7116, 15.6927, 14.4283, 19.5449, 29.6819, 9.29725, 13.7023, 23.0059, 23.1818, 20.552, 7.29171, 25.3472, 10.6955, 17.7784, 15.9529, 26.1677, 12.5282, 10.9872, 24.6133, 19.8664, 15.8646 ], 
          [ 2.33914, 10.4322, 9.29697, 2.75538, 18.4789, 4.36516, 20.0757, 23.1555, 28.4087, 15.5937, 29.0786, 23.7704, 8.79449, 8.83177, 23.0636, 2.98084, 14.82, 11.2703, 4.28589, 10.0964, 3.42715, 29.0138, 21.2018, 14.0098, 10.8978, 5.5075, 5.20472, 20.4153, 12.7945, 1.15279 ], 
          [ 23.1832, 4.02917, 7.90834, 4.90877, 12.2454, 18.8334, 21.3346, 15.6951, 17.8138, 11.7771, 16.4348, 22.6084, 7.97663, 19.9009, 26.7159, 13.5416, 16.3581, 15.6746, 3.07137, 14.4219, 29.6875, 7.79018, 11.5443, 29.078, 12.5149, 27.852, 14.063, 18.5513, 27.9693, 2.0801 ], 
          [ 9.56961, 18.7734, 21.1827, 9.88945, 15.5159, 6.29947, 29.2383, 17.0904, 20.0217, 12.7899, 2.34216, 19.1723, 19.0632, 28.4063, 6.62549, 28.9972, 12.9023, 10.9171, 18.1117, 26.587, 6.37193, 23.6102, 5.04451, 23.1306, 9.98987, 15.9018, 12.5649, 14.9397, 18.2243, 3.40884 ], 
          [ 21.5693, 29.8997, 25.1627, 12.3154, 29.4379, 5.95775, 7.0905, 29.7041, 10.6431, 27.4904, 27.8697, 24.5424, 14.1444, 5.09588, 5.93109, 25.5825, 21.6638, 17.8885, 26.9156, 18.247, 28.1698, 19.4446, 11.1592, 28.8087, 1.78719, 11.0216, 25.0396, 15.9163, 7.56939, 17.2233 ], 
          [ 17.0551, 18.9252, 18.2614, 24.7118, 20.3988, 9.06351, 23.7856, 24.6478, 17.9433, 18.6541, 21.2087, 15.6525, 13.0777, 22.815, 7.6526, 20.8356, 17.9042, 10.2522, 23.0481, 20.8219, 7.60289, 15.3865, 16.5496, 1.19003, 24.3592, 22.8757, 22.5218, 16.1829, 13.399, 3.34591 ], 
          [ 10.5601, 15.1178, 7.68392, 2.19202, 6.79657, 5.46277, 29.9106, 21.8145, 9.69396, 26.3913, 24.7876, 4.73742, 5.44253, 17.8209, 24.9226, 28.9636, 3.56372, 12.8854, 11.8822, 11.8114, 21.3715, 29.5238, 17.1405, 1.09305, 12.1039, 7.48292, 19.3862, 14.6435, 11.9865, 29.3475 ], 
          [ 3.29607, 1.38339, 4.55745, 24.5288, 10.6351, 20.3522, 28.1317, 1.32137, 2.88086, 27.0421, 5.30768, 13.4416, 13.4079, 5.01735, 22.278, 19.9312, 24.0321, 28.6106, 5.7926, 18.5471, 24.5388, 5.67245, 3.99981, 13.4341, 2.3485, 25.901, 28.9128, 26.5414, 28.9861, 24.8855 ], 
          [ 8.5977, 23.6016, 7.0636, 17.7172, 28.6835, 18.3299, 21.7632, 7.38147, 7.08392, 1.90466, 15.4493, 15.9552, 18.6492, 5.04213, 8.21058, 2.72005, 28.6856, 15.4104, 27.4102, 18.9338, 15.0639, 18.955, 8.13037, 2.34042, 23.8374, 1.52845, 5.73134, 17.8145, 7.10845, 11.1256 ], 
          [ 24.0712, 18.756, 3.66496, 17.3542, 8.61775, 13.0023, 27.6443, 9.29433, 25.9539, 4.46001, 27.8644, 25.7748, 21.1384, 6.36214, 27.6324, 6.18455, 19.2598, 18.0124, 10.9607, 24.2121, 13.4197, 18.5756, 6.14714, 17.2945, 11.0125, 22.4735, 15.4448, 9.77046, 21.2182, 10.5007 ], 
          [ 13.68, 11.0444, 16.7184, 1.71167, 13.201, 12.6719, 25.3683, 12.2247, 15.2052, 21.2028, 7.77026, 4.05681, 6.468, 18.3948, 14.4584, 11.9043, 9.59486, 10.5865, 20.8113, 13.0695, 5.49932, 25.8635, 1.20327, 11.5666, 4.6671, 23.7307, 1.73005, 29.8713, 28.6926, 28.5867 ], 
          [ 2.04146, 10.8981, 26.4821, 17.2014, 22.631, 24.163, 16.6407, 10.8129, 28.5561, 6.32618, 3.87731, 22.7524, 14.5545, 1.72036, 2.84155, 12.8677, 6.36127, 20.5468, 26.0033, 29.1823, 23.3897, 22.1448, 15.574, 6.56159, 3.66236, 14.3541, 10.3623, 9.7933, 7.17193, 13.9454 ], 
          [ 25.4984, 7.67113, 11.0642, 1.213, 1.9164, 8.11025, 12.7791, 3.25021, 24.3984, 9.86063, 17.1304, 7.1996, 19.4838, 26.5891, 2.18157, 15.7794, 18.9949, 7.2872, 17.4951, 5.68993, 20.6196, 20.8708, 29.0346, 24.0489, 10.6544, 27.0699, 24.5706, 11.1052, 12.4014, 6.98335 ], 
          [ 24.6447, 7.83792, 20.235, 9.38478, 6.93726, 19.6347, 19.496, 20.5712, 17.3722, 12.584, 26.3726, 24.8213, 19.1743, 28.5454, 14.0869, 16.8442, 9.46042, 7.79511, 12.8561, 2.79825, 25.8723, 7.41672, 9.83865, 5.75508, 16.7694, 8.60781, 6.59014, 15.3792, 12.275, 6.81066 ], 
          [ 7.30961, 24.4011, 20.8911, 20.7106, 3.08741, 15.8947, 27.8206, 20.7801, 5.15074, 2.24364, 23.4823, 4.16762, 26.0655, 28.3372, 17.5984, 12.7366, 24.9288, 19.0857, 8.78075, 27.5659, 3.9267, 11.4551, 19.5338, 19.0497, 26.578, 12.3351, 7.70656, 13.7012, 9.86582, 17.9707 ], 
          [ 25.4343, 13.8472, 19.369, 13.853, 5.73528, 1.52042, 25.7335, 5.80673, 16.9014, 19.3277, 24.3118, 25.4031, 16.5612, 17.0124, 24.566, 12.4307, 29.0931, 23.1383, 4.81591, 22.4599, 1.79622, 5.15827, 14.3309, 25.6012, 10.2887, 6.69547, 22.5245, 21.9935, 25.6704, 16.7742 ], 
          [ 11.5334, 15.6511, 29.5261, 12.7008, 19.9882, 14.6313, 16.474, 11.8713, 1.80168, 15.0006, 18.9003, 4.15156, 3.93768, 20.0479, 8.88553, 26.2162, 16.5249, 22.0948, 10.2598, 8.62833, 7.98378, 1.9945, 22.2798, 5.14223, 2.74968, 27.7021, 8.21994, 29.9601, 13.0157, 26.9288 ], 
          [ 3.76163, 9.4967, 7.79739, 11.3547, 13.7457, 28.619, 11.7827, 17.3263, 1.31832, 13.7481, 9.75195, 11.1554, 9.87792, 7.98219, 11.9439, 22.7127, 26.2955, 3.48513, 12.9415, 3.39863, 1.0607, 6.26883, 3.07697, 29.1203, 24.4391, 17.3377, 7.62904, 22.9522, 28.8024, 24.6373 ], 
          [ 17.1252, 20.5544, 26.7212, 29.8963, 18.5641, 6.36791, 15.8183, 16.7667, 16.3075, 18.6513, 19.053, 1.26174, 17.2528, 17.8015, 15.1006, 13.2534, 7.23717, 16.6804, 22.1971, 11.8592, 18.4007, 1.34274, 17.9061, 27.0315, 9.89256, 13.0934, 15.821, 17.0091, 17.1947, 16.6622 ], 
          [ 5.84172, 13.0527, 17.7113, 12.1443, 17.7048, 8.96059, 20.5094, 5.35323, 23.1086, 26.0479, 4.871, 14.2196, 16.7168, 18.8467, 2.39881, 28.1891, 17.1125, 21.9373, 15.2787, 21.9284, 18.026, 3.35459, 23.4511, 24.6592, 10.4316, 1.76527, 1.97865, 19.646, 7.7578, 15.2335 ], 
          [ 10.2723, 16.9075, 23.9017, 28.355, 5.49144, 20.86, 12.5941, 25.924, 19.3744, 29.0928, 9.8437, 5.20104, 24.4212, 28.4022, 9.03816, 13.8329, 6.34227, 7.1989, 7.73019, 21.9898, 19.4427, 8.33832, 1.75979, 19.9171, 29.9651, 19.8894, 29.2345, 5.95946, 6.66363, 16.699 ], 
          [ 19.5352, 5.26291, 2.71297, 23.0132, 14.1031, 19.5653, 14.635, 18.4989, 26.5758, 11.331, 17.1186, 27.53, 15.0718, 6.84509, 2.89263, 28.5615, 25.6836, 24.7944, 17.0337, 16.7852, 25.4975, 27.0655, 25.7775, 19.0131, 17.484, 7.95296, 27.9647, 2.17633, 29.3111, 20.8762 ], 
          [ 27.4585, 10.6058, 9.39404, 4.45781, 11.6827, 3.27974, 15.2477, 21.0566, 29.0739, 3.79666, 17.1318, 6.43865, 8.17326, 20.2904, 20.1179, 2.66959, 8.66147, 28.0155, 23.849, 17.8843, 5.32384, 10.3125, 11.9542, 22.3278, 4.92121, 19.9658, 13.4756, 5.51351, 15.8321, 3.20702 ]
        ]
      ];
r = [
        [70419.9,77602.8,66521.1,54768.6,56706.3,57602.5,66986.2,58457.8,67986.3,68304.2,59481.7,80109,60359.7,70319.6,57094.9,54308.5,72890.7,52904.9,67217.9,68101.2,81869.3,69947.3,78543.5,81102.8,51502.5,75617.1,61633.3,62346.6,65601.8,52687.6 ], 
        [53658.7,53467.9,60920.8,73677.8,73704.8,69651.3,73120.4,59807,62359.3,63940.7,58336.8,68833.9,70940,65306.1,76581,50316.9,63079.7,60668.7,71824.7,50416.7,57692.4,76147.9,64200.5,76693.2,69160.3,59811.7,56307.8,51651.8,75517.8,69672.6 ]
     ];
d = [
        [29501.9,74637.9,79036.1,66637.9,66455.1,27188.8,16610,12723.8,76168.3,57839.9,25263.3,28832.4,71874.6,82798.8,37543.2,2593.44,82869.5,84867.3,71377.6,58234.6,51639.8,89408.6,88070.3,16237.1,87574.7,59996.9,38429.8,26711.6,2701.51,39827.3,10027.2,7415.99,56919.5,42156,56209.7,29022.1,56459.4,51103.5,67175.2,8940.6,27806.6,72146.9,47320.9,42344.7,77827,77555.6,45179,84377.7,84111.2,19081.6,58940.2,51025.6,36182.4,30893.1,65863.5,41019.5,28693.6,6071,74515.4,25842.8,84601.8,62783.9,84731,74163.4,57921.9,89801.3,18215.2,38607,72240.5,72651.9 ], 
        [18847,78820.1,67355.6,66930.4,48757.6,10046.7,31498.8,81432,18540.3,32833.2,10505.3,2972.87,82488.1,89863.1,30840.6,58209.1,31380.4,77109.9,75635.8,23919.4,22848.4,28779.5,48573.6,85217.2,27537.2,53296.6,46095,50738.5,67523.1,50535.1,2485.91,22446.3,33923.8,8381.02,2131.19,20037.5,75544.2,56358.7,76806.8,62333.5,76391.5,11670.1,81756.2,56185.7,81694.4,9631.14,57574.4,62291.5,58847.9,89920.6,51260.8,84820.8,69101,51987,45953.1,87655,55269.7,80165.7,50912.7,39765.6,16500.3,6250.65,41873.3,43070.5,82868.7,76030.1,82729.6,4368.7,74822.7,11541.8 ]
     ];
