/***************************************
* STOCHASTIC OPTIMITZATION
* OPL S2FVPP Data Generator
* by Jordi Mateo Fornes
* Model = S2FVPP; Stochastic (2S) MIP 0-1;
* Representation = Compact Representation;
****************************************/
I = 100;
P = 30;
C = 70;
G = 2;
p = [ 0.01, 0.01 ];
pc = 0.02;
ORCHARDS = { 1, 2, 3, 4, 5, 6, 7, 8, 9, 10, 11, 12, 13, 14, 15, 16, 17, 18, 19, 20, 21, 22, 23, 24, 25, 26, 27, 28, 29, 30 };
CUSTOMERS = { c1, c2, c3, c4, c5, c6, c7, c8, c9, c10, c11, c12, c13, c14, c15, c16, c17, c18, c19, c20, c21, c22, c23, c24, c25, c26, c27, c28, c29, c30, c31, c32, c33, c34, c35, c36, c37, c38, c39, c40, c41, c42, c43, c44, c45, c46, c47, c48, c49, c50, c51, c52, c53, c54, c55, c56, c57, c58, c59, c60, c61, c62, c63, c64, c65, c66, c67, c68, c69, c70 };
CGV = [ 12.3627, 25.4853, 10.2329, 20.683, 21.6957, 11.0756, 12.6637, 23.7192, 29.747, 24.3349, 1.6333, 4.32544, 17.4201, 25.5003, 10.542, 10.3069, 6.75382, 6.70016, 11.987, 21.4619, 7.0354, 11.8772, 18.5623, 13.2509, 13.4674, 27.7698, 8.32329, 29.4574, 27.4332, 21.3173 ]; 
s = [ 2.84972, 2.63639, 2.93451, 0.881518, 0.485698, 0.306994, 0.525129, 0.687612, 1.28742, 1.62071, 1.89602, 2.57658, 2.98629, 1.68668, 1.96442, 1.15665, 2.91276, 1.99352, 2.48752, 0.680003, 0.552075, 2.98777, 0.270194, 1.38969, 0.820449, 1.419, 0.795921, 2.74378, 2.73897, 28.9432 ]; 
CSV = [
        [
          [ 26.0242, 25.6994, 15.2541, 14.8084, 13.9766, 16.7727, 18.8067, 24.5982, 18.9677, 13.8624, 22.0903, 25.2236, 2.3841, 22.1716, 14.4705, 7.30785, 26.4309, 14.8118, 11.0672, 2.75746, 11.079, 5.66297, 28.3715, 9.46377, 19.5299, 2.36235, 11.847, 28.1742, 29.0066, 24.8531 ], 
          [ 8.94126, 22.2218, 4.68072, 27.2454, 13.6863, 8.44109, 16.663, 27.5569, 29.2903, 15.8674, 28.6225, 11.0034, 29.8137, 27.2053, 2.94754, 17.8136, 1.09607, 12.5144, 8.45663, 17.2645, 27.9588, 16.9894, 8.40012, 20.2594, 2.34032, 5.61705, 19.5552, 21.4873, 24.6373, 22.462 ], 
          [ 22.4746, 26.64, 25.7892, 10.7062, 4.33797, 8.20297, 7.35344, 26.3569, 28.8525, 9.46167, 18.535, 10.0269, 4.60333, 11.0526, 16.3972, 2.10697, 17.203, 18.834, 20.2801, 5.32519, 21.1368, 1.46137, 7.96982, 5.30132, 23.2667, 20.5433, 14.3155, 25.4162, 27.6611, 4.48016 ], 
          [ 27.8108, 14.1595, 22.5529, 9.54448, 17.2284, 21.2074, 13.1777, 27.0407, 16.4139, 3.19469, 25.0545, 10.2108, 19.5185, 16.1778, 27.0397, 5.86742, 28.0005, 4.35544, 7.35722, 29.8278, 24.5064, 10.8439, 13.4584, 21.459, 19.4223, 29.4477, 27.5592, 3.27389, 15.7903, 9.58959 ], 
          [ 25.8772, 18.9885, 14.0788, 14.8168, 29.391, 27.7645, 29.9032, 29.4735, 7.20772, 5.24042, 27.5038, 7.5615, 22.9986, 3.88647, 23.232, 6.9185, 20.9984, 17.8569, 14.8744, 9.86126, 11.2933, 2.55895, 3.10597, 14.6189, 18.1409, 26.5403, 14.3538, 8.57133, 5.11357, 27.5876 ], 
          [ 17.8853, 16.3684, 9.16353, 20.6234, 28.1101, 7.83552, 15.2674, 15.5007, 27.2106, 24.8449, 9.51382, 25.9681, 25.6457, 2.46582, 3.26532, 24.3545, 23.7829, 23.2668, 24.2409, 17.005, 14.3068, 17.8928, 11.1424, 12.6602, 1.63997, 17.3845, 6.74494, 9.07468, 23.034, 9.49702 ], 
          [ 28.6659, 9.16499, 29.043, 24.9506, 25.2012, 18.5471, 8.04581, 15.3063, 21.778, 26.0811, 15.8312, 28.5632, 14.926, 29.8119, 29.2758, 28.8096, 23.9135, 17.821, 7.90901, 8.50435, 4.48369, 18.8934, 8.96332, 17.2294, 29.0224, 26.4799, 20.587, 3.25704, 1.8344, 2.73626 ], 
          [ 26.6795, 25.7205, 13.8542, 18.4355, 26.9348, 9.6727, 22.849, 11.4695, 12.332, 16.1607, 19.0781, 7.31627, 14.5073, 6.1657, 24.0107, 15.4749, 24.5892, 24.1507, 8.05777, 6.80085, 21.1381, 6.3855, 18.6548, 2.87924, 26.8431, 16.6196, 26.5794, 17.8326, 7.13228, 4.15866 ], 
          [ 24.8984, 23.0749, 27.3321, 24.8996, 16.3501, 24.1268, 23.9747, 18.2469, 21.7915, 11.6431, 15.5933, 21.167, 27.2295, 27.1881, 12.0949, 28.4831, 1.06066, 8.93493, 11.7239, 27.0978, 13.4675, 6.52965, 28.4152, 13.5076, 4.77138, 21.2475, 16.0305, 17.7124, 22.5438, 4.77131 ], 
          [ 26.998, 20.2711, 21.7642, 6.16576, 15.8164, 13.7988, 1.13094, 5.11954, 5.9047, 22.8318, 21.9568, 18.7643, 21.0597, 22.2672, 11.3167, 12.8304, 18.3627, 16.0087, 1.03853, 21.376, 19.3, 16.5417, 26.2497, 5.48131, 6.96185, 19.8149, 11.7095, 7.9857, 19.681, 21.4753 ], 
          [ 14.5533, 12.7895, 18.6934, 15.9282, 8.46293, 6.90594, 21.4378, 4.74823, 6.98751, 8.28279, 3.45915, 24.321, 21.6137, 19.3625, 10.0643, 15.1104, 26.2178, 6.49389, 15.7793, 15.6202, 2.7831, 22.3237, 20.4051, 4.9235, 9.64588, 19.2262, 29.4451, 20.1103, 5.35802, 17.1404 ], 
          [ 6.82806, 6.29327, 6.03028, 28.7534, 22.5561, 27.5848, 3.2109, 11.3325, 26.2131, 13.6713, 8.27182, 18.7817, 21.7769, 7.30214, 18.7783, 17.0825, 16.6057, 24.0451, 10.4438, 8.0675, 20.3204, 12.6305, 11.5089, 10.1894, 5.79869, 20.8087, 9.223, 21.5116, 1.72653, 17.0551 ], 
          [ 14.95, 4.95413, 3.80902, 2.11142, 25.4034, 14.9149, 21.3968, 19.1543, 6.31393, 14.5679, 16.6061, 14.3752, 24.9972, 27.4847, 4.31833, 4.4514, 7.61552, 17.4508, 11.1263, 27.8881, 8.61953, 14.4895, 12.729, 12.807, 25.8243, 13.4934, 26.4634, 14.1454, 14.2616, 11.4211 ], 
          [ 25.604, 29.694, 6.6358, 7.89191, 28.1267, 2.49958, 27.7499, 20.6046, 12.9163, 18.1715, 23.9801, 26.5279, 3.97277, 3.49461, 23.7276, 2.13139, 23.4873, 4.57607, 16.4747, 2.71226, 9.30455, 8.47263, 26.4626, 26.0412, 24.8633, 16.8722, 26.7613, 8.04262, 7.10225, 23.1561 ], 
          [ 22.793, 8.57832, 23.4653, 19.5464, 27.4088, 21.2061, 18.5688, 17.2819, 9.98134, 20.1118, 2.27301, 5.45954, 8.93282, 28.3659, 16.1561, 21.8542, 18.5835, 26.479, 25.9784, 26.1933, 15.3327, 18.1242, 11.5105, 12.3442, 9.10416, 14.8413, 18.8241, 20.2263, 6.18405, 10.2151 ], 
          [ 26.8689, 26.4865, 29.0712, 13.0576, 22.5811, 25.8113, 11.6747, 5.12061, 20.713, 20.2037, 16.4984, 16.6335, 27.9245, 17.6263, 11.0815, 27.2834, 28.042, 18.1586, 25.3999, 17.9866, 4.5909, 6.04827, 2.59568, 10.5763, 29.8216, 21.3592, 6.65861, 12.5612, 21.7478, 5.18162 ], 
          [ 10.3926, 18.9207, 5.31012, 10.0489, 7.39692, 3.96239, 6.72705, 4.01905, 4.45614, 6.54596, 18.5269, 23.902, 17.9357, 21.2464, 27.3401, 12.2807, 20.0305, 2.83693, 8.47349, 9.91488, 14.6589, 29.0619, 10.0243, 18.5552, 22.0513, 19.2501, 20.6076, 12.2428, 12.1501, 16.8547 ], 
          [ 3.29345, 6.49141, 17.4692, 9.32787, 15.2478, 12.9775, 10.8367, 4.18444, 19.8099, 4.87112, 10.4087, 3.45599, 19.654, 25.6748, 19.412, 23.4427, 2.12076, 21.8799, 18.3229, 19.1135, 19.4629, 12.2953, 8.1806, 28.2073, 17.7805, 13.1686, 9.93111, 28.3948, 3.76737, 1.13981 ], 
          [ 13.3524, 2.86674, 8.65227, 19.2571, 8.47252, 20.3111, 14.0775, 11.8322, 9.6859, 6.04582, 4.22488, 6.66521, 17.0748, 2.86726, 8.98922, 4.01643, 5.01385, 19.2373, 24.9304, 20.025, 27.0148, 19.4376, 6.14096, 8.53845, 21.5017, 19.4158, 13.4941, 6.57716, 16.574, 6.06832 ], 
          [ 18.5071, 17.154, 11.2853, 6.32937, 16.7124, 13.8911, 1.91803, 18.6998, 25.4773, 15.1672, 19.9946, 5.84482, 28.7661, 16.8698, 29.3222, 24.7864, 24.9271, 16.4129, 16.1409, 7.09488, 28.3059, 11.6262, 25.8457, 21.7903, 29.4035, 25.5932, 8.77854, 2.37425, 14.1258, 1.18723 ], 
          [ 29.0307, 23.3356, 12.3689, 1.88572, 5.33089, 12.231, 26.5795, 20.0343, 27.6787, 6.52562, 27.5975, 28.2082, 15.2819, 23.7171, 5.94519, 2.49071, 19.9706, 15.3181, 21.1656, 21.7819, 28.9562, 16.3081, 8.17776, 23.683, 29.0381, 2.84677, 7.0359, 11.5392, 14.0208, 4.95799 ], 
          [ 3.73668, 12.2835, 25.8711, 21.6246, 7.10427, 13.5245, 26.0281, 29.3047, 4.43818, 23.6984, 18.8271, 21.2518, 12.426, 13.5228, 14.5684, 7.1567, 12.9677, 29.3723, 15.3557, 3.36507, 9.16685, 13.9357, 19.1091, 5.53737, 4.86374, 13.2507, 15.5564, 18.636, 6.26401, 22.0664 ], 
          [ 18.2684, 2.0763, 19.2307, 20.8604, 18.7422, 12.5428, 16.1792, 20.7868, 19.8427, 8.00044, 20.5078, 25.7386, 6.11905, 4.96294, 11.5184, 11.5266, 13.0151, 24.4863, 29.8035, 21.7727, 10.6636, 3.49264, 11.2119, 6.63707, 27.6716, 28.1196, 22.8843, 20.764, 8.57658, 24.4065 ], 
          [ 21.8458, 8.79801, 24.4902, 26.5108, 15.6484, 3.93591, 26.9355, 20.1609, 12.1831, 26.3769, 17.659, 4.03789, 10.9576, 28.877, 27.3858, 19.9149, 25.7968, 25.9976, 28.1157, 19.2083, 22.1224, 27.741, 28.8647, 6.32041, 14.5728, 14.0327, 23.337, 2.05917, 25.6711, 19.9416 ], 
          [ 4.98616, 2.88005, 1.04412, 16.6286, 6.16805, 5.95014, 11.225, 19.1323, 10.3086, 2.73999, 18.8182, 22.8707, 12.8758, 20.0438, 26.3052, 2.11371, 10.3972, 28.7423, 7.81181, 26.2694, 12.0134, 14.1994, 24.7379, 7.30031, 12.9076, 14.5825, 17.8274, 10.8676, 8.03444, 19.1694 ], 
          [ 23.585, 25.2848, 12.4603, 1.51824, 8.65457, 11.7994, 27.6053, 13.7459, 1.33006, 8.75227, 17.0374, 29.0148, 13.3157, 7.85801, 15.5159, 14.1101, 6.1102, 21.6179, 24.9602, 6.87577, 4.88095, 13.7836, 5.86739, 23.9192, 5.86176, 28.5359, 25.5035, 9.77693, 15.5642, 21.4079 ], 
          [ 25.8105, 20.1396, 27.2256, 9.74498, 15.7667, 4.80809, 12.4671, 17.7561, 26.7483, 19.0192, 2.43615, 23.055, 25.8564, 22.5106, 26.9831, 15.2832, 11.2972, 26.9055, 21.955, 25.6819, 9.85139, 22.4365, 23.8051, 19.2305, 19.5413, 2.24313, 13.8833, 5.37467, 3.3734, 9.95789 ], 
          [ 29.6698, 19.704, 14.1395, 22.2374, 21.8206, 5.58103, 3.31408, 23.2179, 8.78556, 23.8348, 9.98208, 1.21718, 9.38913, 27.2428, 4.04025, 3.60507, 19.61, 10.9326, 18.3313, 29.3572, 26.7535, 9.79649, 8.4725, 19.0465, 12.3985, 11.8072, 11.4449, 1.11704, 1.73884, 12.7836 ], 
          [ 2.83903, 16.4427, 5.22874, 10.2363, 10.9916, 9.39731, 8.38286, 8.90317, 4.60753, 16.4842, 14.9897, 5.55412, 13.4591, 23.4663, 27.2099, 9.95704, 8.12693, 13.484, 28.8838, 22.6511, 27.8795, 15.345, 24.6769, 20.4075, 4.489, 19.3647, 27.8589, 1.3599, 7.09136, 8.7875 ], 
          [ 7.31058, 16.1213, 7.0963, 1.66374, 16.0519, 14.7877, 25.7928, 4.74077, 3.07287, 14.99, 17.7148, 4.88515, 21.8306, 27.3268, 4.86643, 21.546, 28.2046, 9.2139, 1.70137, 13.918, 1.48403, 10.5344, 23.3098, 2.57272, 8.85153, 11.0516, 16.4735, 15.9731, 4.86402, 9.16597 ], 
          [ 20.7178, 23.5883, 15.4474, 25.6205, 21.9704, 5.67538, 14.8371, 27.7329, 8.06106, 9.45588, 18.4671, 6.91795, 28.941, 11.6964, 22.4349, 20.0391, 21.3431, 15.1391, 12.4001, 13.054, 17.813, 10.2035, 5.64523, 26.7006, 7.22881, 16.4844, 17.0536, 7.2254, 21.092, 29.7459 ], 
          [ 28.5796, 18.0882, 3.06456, 9.89546, 21.2755, 17.8978, 26.285, 26.1397, 6.39888, 9.23694, 18.1748, 23.2233, 16.4515, 29.7478, 25.4042, 5.96729, 14.6862, 18.6568, 11.0769, 16.1672, 17.3449, 16.7107, 19.9061, 20.9849, 5.69345, 24.9802, 16.9569, 28.5079, 11.3223, 9.85192 ], 
          [ 13.3654, 19.9892, 12.766, 28.7957, 29.1698, 21.6266, 3.90348, 8.51364, 27.411, 24.2658, 26.1618, 28.9649, 8.25565, 29.5201, 26.1548, 22.2231, 25.4184, 25.3695, 13.6879, 1.87726, 17.1592, 3.11581, 28.2582, 6.69849, 1.47354, 16.4338, 25.8344, 28.6815, 13.8116, 9.62352 ], 
          [ 8.69157, 22.8396, 9.46114, 15.8548, 14.806, 3.80374, 28.0448, 7.31849, 4.75254, 15.9907, 29.7009, 28.4101, 3.68107, 13.9483, 10.1325, 24.107, 15.1048, 27.7603, 13.3807, 24.68, 21.6328, 15.5062, 1.35537, 23.4675, 5.93619, 20.9917, 4.80326, 23.762, 27.0573, 20.5106 ], 
          [ 12.5561, 17.5963, 24.5154, 27.42, 2.09175, 17.9434, 16.0625, 22.0594, 25.7779, 28.7037, 4.99825, 8.86563, 3.99921, 13.4708, 1.55465, 14.5562, 4.53384, 29.8103, 9.42336, 17.4915, 18.0391, 27.8986, 10.4201, 19.0242, 29.2655, 8.91229, 5.51077, 23.0075, 14.135, 18.844 ], 
          [ 28.3142, 8.59725, 1.06657, 15.2651, 25.6092, 6.67349, 23.883, 8.03494, 15.1075, 9.87771, 21.056, 23.8246, 15.8627, 26.3456, 13.767, 13.4558, 17.7631, 23.6022, 15.1296, 2.46587, 27.266, 17.0848, 26.2813, 2.70233, 1.76848, 28.8574, 5.50294, 15.1664, 20.4475, 19.1302 ], 
          [ 11.9743, 20.839, 8.78166, 2.0682, 9.27114, 10.6815, 12.7611, 6.35978, 14.5666, 12.972, 27.2592, 8.68295, 6.94957, 10.2487, 16.6763, 10.7121, 5.51815, 26.6508, 8.60868, 28.153, 16.2767, 6.99895, 27.4879, 18.1413, 29.2376, 17.7984, 8.48864, 28.1222, 1.65701, 1.45151 ], 
          [ 26.7522, 6.98791, 27.8251, 17.3853, 17.5752, 6.68544, 15.3222, 7.98868, 28.9707, 25.2647, 16.4583, 6.33832, 17.1338, 20.395, 15.4043, 7.18864, 25.6705, 18.8752, 16.106, 2.86992, 9.8975, 24.9519, 28.9315, 8.01061, 6.54441, 11.3329, 23.9717, 7.46493, 6.89905, 1.37169 ], 
          [ 19.4749, 10.5265, 18.2563, 12.7697, 28.5382, 2.03165, 23.1091, 2.08577, 7.01847, 27.9754, 12.1877, 4.85449, 25.1129, 19.1936, 27.6194, 16.4591, 5.23043, 9.22516, 12.8208, 23.869, 18.2806, 14.3441, 27.6396, 2.08429, 17.2791, 16.5824, 28.7129, 21.2452, 16.5149, 9.18738 ], 
          [ 8.58188, 27.5837, 9.74342, 9.84263, 4.76932, 2.79167, 23.359, 14.8959, 7.10179, 28.1751, 21.0452, 24.6174, 8.64984, 22.297, 9.78187, 13.4444, 22.0453, 25.9422, 19.2368, 8.5332, 28.3113, 7.04653, 9.10527, 20.1354, 13.4345, 24.8436, 28.3445, 2.08427, 6.36962, 18.6518 ], 
          [ 9.41298, 22.3315, 21.8725, 4.43586, 17.7575, 16.7606, 27.4038, 13.9595, 16.8839, 26.6941, 13.1403, 21.5175, 27.4671, 5.09502, 28.6919, 2.13353, 23.5144, 15.9416, 10.3673, 8.86641, 15.4445, 16.3498, 28.2723, 16.4321, 9.5061, 21.7539, 25.19, 19.697, 15.4658, 3.21231 ], 
          [ 15.7415, 5.01746, 24.1614, 26.9185, 7.64364, 15.1989, 4.71774, 18.2701, 27.9579, 4.68856, 21.5363, 22.6862, 1.11621, 29.861, 28.5586, 18.0404, 20.3158, 11.4712, 27.8239, 20.1948, 20.5058, 15.1124, 29.4108, 19.3357, 18.2327, 21.4777, 2.19689, 11.6264, 29.7748, 4.94387 ], 
          [ 4.79272, 5.11643, 12.0411, 10.6373, 25.3876, 16.0196, 29.6431, 7.27187, 25.1706, 1.12806, 17.6026, 25.8228, 14.013, 16.4712, 29.2112, 25.4882, 4.98544, 19.7236, 19.5493, 2.29729, 25.4165, 17.1864, 20.8288, 9.8498, 26.4096, 8.74573, 21.6036, 11.0725, 18.0244, 6.24989 ], 
          [ 13.1955, 19.6056, 19.9953, 19.6787, 29.6742, 9.55263, 21.1707, 12.9529, 13.6355, 6.96448, 19.3579, 14.9921, 16.7303, 16.8857, 5.27838, 24.3686, 10.4267, 21.9603, 22.3594, 23.7099, 6.49217, 7.15092, 15.7518, 27.8068, 4.46256, 5.43779, 16.0283, 10.4643, 17.6845, 1.54185 ], 
          [ 5.48938, 27.6349, 23.1893, 7.4647, 19.1364, 10.3589, 25.431, 28.4463, 21.2159, 6.82679, 14.405, 19.7385, 18.9329, 12.0651, 6.47994, 26.6446, 4.75123, 29.9381, 24.5724, 3.28507, 24.8849, 22.6382, 28.1709, 25.8273, 26.391, 13.3934, 20.3336, 19.133, 13.0161, 21.7184 ], 
          [ 14.4005, 25.8955, 17.503, 16.7851, 8.15983, 20.1396, 16.2408, 17.7305, 20.5573, 26.3669, 22.0203, 27.0008, 3.11717, 19.9742, 11.9726, 27.3937, 10.0329, 18.5818, 3.63086, 21.3342, 11.1145, 7.38192, 28.2482, 6.83781, 20.6138, 24.6874, 6.09787, 29.8755, 17.8035, 17.8308 ], 
          [ 7.16718, 7.69328, 14.9547, 28.4104, 12.3347, 9.2076, 19.3616, 6.22904, 28.7418, 28.5381, 26.7743, 14.5577, 3.20693, 29.8391, 24.5595, 22.8979, 3.55922, 12.7178, 3.88464, 22.7933, 24.1, 7.51657, 1.19072, 17.302, 19.5373, 29.0193, 7.98965, 13.9689, 26.2194, 1.85132 ], 
          [ 10.7503, 9.18318, 24.3042, 18.3905, 15.7959, 13.3024, 15.028, 7.5201, 27.8493, 22.815, 3.91874, 28.8311, 17.2341, 20.8018, 29.9336, 28.1649, 22.7683, 14.5821, 3.49041, 20.7852, 17.5418, 1.15354, 20.6202, 16.9188, 29.5537, 13.8958, 22.0187, 3.81269, 21.0638, 12.0584 ], 
          [ 17.0741, 23.5608, 16.524, 11.0077, 10.295, 19.6027, 6.40035, 8.01158, 18.7637, 21.3141, 19.0586, 3.57925, 11.2344, 5.95759, 5.66615, 12.6048, 21.8717, 5.52208, 3.8161, 21.2533, 19.102, 24.1187, 27.6007, 26.4844, 8.82185, 3.94766, 20.7604, 2.69, 10.661, 21.6465 ], 
          [ 2.35566, 12.9277, 6.91514, 18.6617, 5.08706, 4.09735, 15.6857, 8.68429, 24.1938, 24.0848, 10.4342, 10.6619, 8.01623, 3.76192, 11.0708, 28.4781, 13.1384, 19.8958, 19.8522, 23.0747, 18.8945, 29.0531, 17.1151, 28.0417, 3.80538, 11.6801, 25.1829, 8.44728, 4.52178, 1.02249 ], 
          [ 19.5858, 21.194, 10.6029, 20.4056, 21.5367, 29.7723, 20.1886, 25.8143, 28.5836, 23.673, 1.58351, 13.5813, 17.2057, 29.4262, 13.236, 12.6478, 19.8915, 11.1411, 8.73938, 5.65367, 19.1305, 9.48167, 10.4911, 11.4419, 3.27564, 22.4783, 4.89183, 28.1876, 26.0786, 2.34896 ], 
          [ 17.5763, 8.44166, 22.6634, 12.4618, 26.6268, 29.5965, 11.9127, 12.184, 27.3854, 24.3742, 18.1871, 3.04845, 26.3526, 25.2053, 29.055, 6.16445, 14.7777, 25.8723, 10.8485, 11.9215, 18.9808, 26.2369, 23.0759, 4.22757, 12.8994, 14.5055, 25.1629, 8.23699, 17.398, 8.48703 ], 
          [ 12.8562, 8.87445, 14.7521, 15.5384, 8.49748, 1.66626, 5.58342, 5.23817, 24.4495, 27.181, 12.0859, 27.3214, 23.0109, 19.4391, 16.5962, 27.7064, 25.911, 5.08491, 16.4312, 10.4126, 26.7148, 2.46801, 24.577, 18.6095, 27.5257, 25.1008, 19.9899, 22.9476, 14.5819, 23.6691 ], 
          [ 29.1345, 28.3761, 19.9758, 21.3837, 28.9217, 28.3751, 9.88291, 8.86503, 2.29239, 26.4324, 14.8765, 6.22517, 11.1119, 25.7272, 10.501, 9.69054, 4.96713, 7.04843, 11.5134, 29.45, 16.978, 22.0441, 10.0207, 21.9398, 20.592, 24.1291, 11.2908, 5.27216, 6.1899, 6.87578 ], 
          [ 7.19875, 2.35516, 28.887, 23.2005, 7.00971, 24.6948, 7.75546, 3.21547, 5.73973, 18.1311, 22.9033, 11.3758, 6.79849, 29.1256, 15.5983, 21.0057, 28.938, 15.8407, 6.30791, 4.52014, 5.35382, 7.4406, 3.25911, 2.42654, 18.1762, 2.33074, 11.5317, 25.9351, 9.15558, 25.9206 ], 
          [ 14.9621, 4.64044, 22.0865, 15.4543, 6.63891, 5.09661, 9.26908, 1.88047, 28.18, 27.5524, 10.3427, 20.0347, 16.3722, 4.60706, 26.4063, 18.1641, 7.91047, 14.7168, 11.5653, 4.12182, 16.8347, 24.454, 21.766, 12.2341, 21.2242, 6.7161, 16.0006, 3.96425, 18.4226, 20.2574 ], 
          [ 15.3891, 7.99981, 3.35658, 21.6002, 27.2499, 21.4831, 14.0403, 18.3807, 6.2025, 18.5097, 3.94327, 14.4188, 5.29256, 8.72374, 13.4787, 14.455, 28.5461, 1.15412, 13.9875, 12.3259, 12.7252, 7.85005, 1.86614, 1.32173, 25.5528, 24.1295, 24.3432, 27.998, 16.1892, 5.55967 ], 
          [ 17.3442, 22.6348, 28.6418, 11.6195, 15.4827, 18.6288, 29.0091, 4.76593, 9.61634, 8.6489, 15.1216, 10.0517, 9.75951, 19.5134, 4.61855, 17.397, 20.9597, 8.54355, 23.4315, 13.8581, 13.6314, 28.6162, 10.9169, 26.5046, 15.7571, 20.7758, 19.2066, 28.0621, 23.724, 10.9489 ], 
          [ 26.2959, 20.5581, 7.54223, 25.0078, 23.9231, 14.0428, 10.8305, 23.0277, 7.91742, 29.6675, 21.5437, 11.4286, 18.7144, 25.6562, 21.1921, 10.5779, 10.9077, 12.188, 29.8351, 12.5193, 24.3211, 5.78481, 21.8722, 2.136, 21.9959, 18.6654, 13.9963, 2.23147, 28.9414, 25.7013 ], 
          [ 16.0793, 8.88491, 27.7397, 28.6216, 18.3461, 24.7411, 14.9101, 14.525, 18.7161, 17.6601, 23.6179, 6.17524, 12.5788, 12.4909, 12.9808, 7.28315, 20.9709, 18.2569, 12.7883, 28.7384, 8.81754, 5.92469, 6.73053, 26.9846, 20.9059, 6.00059, 16.9432, 11.2424, 25.3169, 19.7539 ], 
          [ 10.4709, 14.9273, 16.9738, 5.28939, 11.177, 24.0596, 8.69316, 5.95132, 10.7786, 21.3408, 15.6081, 22.8239, 22.5875, 8.37073, 18.8164, 24.0141, 2.70929, 28.5358, 20.1176, 20.2492, 17.7814, 5.66075, 1.37101, 22.1732, 4.75333, 29.9252, 17.5829, 7.24108, 17.8572, 23.997 ], 
          [ 6.84734, 20.0968, 17.8465, 14.5598, 4.63091, 5.54631, 12.4408, 2.00319, 9.20429, 24.4973, 20.0945, 23.2686, 2.09952, 24.1525, 6.90433, 5.12863, 7.91192, 2.02765, 6.57406, 2.69487, 26.2896, 16.0765, 5.80658, 19.9466, 10.1526, 8.25621, 10.688, 29.0622, 4.83099, 8.41775 ], 
          [ 8.56784, 10.9566, 20.0288, 21.8687, 12.8423, 1.00421, 19.0293, 13.3615, 3.63932, 21.6854, 18.0519, 25.7984, 2.44807, 12.8014, 25.3456, 23.5178, 28.0185, 8.1502, 24.2961, 10.9111, 21.3674, 9.50699, 14.4728, 12.4677, 25.0102, 16.9072, 14.8399, 28.9878, 21.8995, 14.7182 ], 
          [ 18.2413, 14.7177, 29.867, 14.7816, 17.6202, 15.8095, 26.6289, 6.04103, 17.4947, 11.6751, 1.6692, 27.6477, 17.4405, 13.4108, 21.8872, 7.06154, 7.67162, 8.10093, 19.9658, 11.3892, 26.406, 8.31119, 22.2173, 5.6379, 29.1842, 16.4151, 6.77435, 26.3503, 27.8905, 27.4902 ], 
          [ 26.7629, 7.41604, 18.3219, 24.3652, 21.6565, 17.5155, 20.9321, 10.804, 18.2014, 25.5278, 24.5631, 20.1166, 29.2755, 14.9208, 27.2941, 20.6278, 27.0947, 20.0366, 6.74686, 19.6409, 15.7097, 24.7193, 16.6789, 6.54205, 25.06, 12.0003, 12.327, 2.16127, 12.0401, 10.1593 ], 
          [ 2.60433, 23.4627, 25.7367, 20.1432, 17.3957, 22.9852, 21.5332, 29.7551, 23.1627, 2.67006, 12.4356, 13.0702, 5.38642, 18.9873, 10.832, 23.5451, 10.1647, 6.28511, 4.22969, 15.5218, 25.0604, 16.0873, 12.7283, 1.68374, 7.54442, 12.6884, 25.6612, 4.71018, 2.93795, 1.2389 ], 
          [ 6.94005, 18.7124, 21.0918, 7.89867, 24.3744, 16.8992, 10.347, 29.6329, 19.381, 25.5191, 17.0597, 27.2755, 17.9239, 9.84082, 18.4098, 19.4202, 15.895, 10.8099, 15.7747, 16.4213, 18.3417, 14.4633, 8.97421, 13.815, 1.56962, 26.4514, 8.56174, 3.61579, 20.3647, 28.6548 ], 
          [ 26.1875, 23.3484, 17.8787, 10.4241, 28.146, 1.46746, 15.9357, 22.0724, 26.6441, 21.1278, 19.5841, 24.2108, 24.5849, 7.77502, 20.392, 23.8876, 5.49567, 11.5168, 14.1751, 12.2441, 27.4295, 17.8209, 10.9534, 14.743, 20.6215, 29.3052, 26.0353, 12.0433, 11.7865, 5.93081 ], 
          [ 11.2392, 19.7827, 29.819, 12.3174, 10.6658, 19.3968, 23.0891, 9.5155, 13.9214, 20.6803, 1.2509, 7.12156, 16.193, 12.0542, 10.9729, 4.87989, 9.01298, 27.8039, 17.5107, 29.4303, 17.9682, 13.6357, 5.07233, 17.8132, 14.3838, 21.9403, 27.0568, 26.1346, 4.23774, 5.33062 ], 
          [ 2.53876, 11.8927, 25.5085, 14.898, 4.37285, 11.3448, 3.35298, 4.83411, 22.0901, 16.1863, 11.3206, 23.0117, 18.2559, 14.6037, 15.2228, 25.8482, 20.3725, 19.1011, 15.3703, 24.4712, 8.75326, 2.48378, 23.4324, 21.0081, 20.4715, 22.0623, 28.6485, 21.7504, 24.594, 6.7179 ]
        ], 
        [
          [ 27.6716, 11.8988, 15.9235, 11.7841, 27.5701, 5.69978, 12.127, 27.2204, 5.38299, 4.90014, 12.6117, 2.31052, 17.1088, 16.9533, 29.258, 5.90481, 24.5691, 25.4026, 25.5208, 8.42938, 14.3417, 24.4301, 19.9099, 21.5838, 5.12632, 23.125, 18.3605, 22.2256, 3.94426, 15.5417 ], 
          [ 10.8604, 20.9124, 23.4057, 17.087, 19.5655, 20.5535, 22.8261, 1.4951, 21.4795, 21.3756, 21.9249, 18.5523, 17.5532, 7.984, 17.3311, 27.0208, 16.8015, 13.1155, 9.83068, 24.8646, 17.8756, 9.95911, 12.3522, 4.95463, 19.0569, 4.58494, 11.1927, 19.7155, 3.05914, 26.9767 ], 
          [ 20.4373, 7.56067, 4.19168, 2.18482, 11.0928, 12.1788, 2.8664, 27.0083, 18.238, 2.90674, 3.69072, 4.01687, 2.91775, 2.98609, 3.60613, 26.9605, 7.13418, 16.267, 29.871, 12.3344, 12.6419, 4.20322, 9.87453, 20.8286, 29.2936, 3.42549, 15.3408, 26.4962, 21.825, 24.5811 ], 
          [ 12.0993, 20.5588, 21.5284, 12.256, 20.038, 1.69235, 10.4639, 27.7527, 8.25764, 13.7008, 28.1112, 18.1389, 28.9863, 22.3538, 22.4809, 4.13186, 27.9623, 21.5723, 15.6977, 27.3038, 1.2329, 2.89862, 29.4686, 18.1398, 27.0012, 8.61032, 11.9697, 13.4113, 2.5216, 10.5833 ], 
          [ 16.3366, 21.8259, 27.9174, 19.2248, 4.46177, 23.4461, 4.82488, 6.81649, 16.7195, 20.2539, 2.57738, 7.88352, 12.6878, 12.204, 3.22129, 5.80223, 23.0276, 26.7953, 18.0227, 20.5736, 3.79112, 28.0969, 27.3656, 28.7778, 15.3565, 24.4707, 18.3487, 7.43273, 24.9124, 3.35581 ], 
          [ 28.2754, 3.95654, 18.668, 15.8871, 29.6019, 16.908, 24.8238, 11.8662, 22.2597, 20.5341, 17.2785, 2.56005, 23.1495, 13.3508, 29.6466, 23.1017, 25.0493, 29.8894, 19.7373, 16.4165, 9.50051, 16.529, 1.25867, 13.3306, 7.03483, 24.1234, 22.107, 7.20385, 10.5888, 21.6331 ], 
          [ 10.8011, 3.03602, 22.2201, 19.0261, 10.6911, 25.2591, 15.6484, 4.511, 13.8487, 6.65369, 2.38551, 26.2631, 22.302, 24.8491, 3.83999, 21.8947, 9.26714, 5.86232, 7.67808, 17.9222, 10.0754, 26.7197, 17.1595, 29.1396, 19.7185, 1.08653, 28.1338, 24.1207, 23.6126, 6.18753 ], 
          [ 20.875, 7.63258, 9.45909, 1.49569, 1.67947, 14.3131, 20.1818, 19.5842, 23.282, 19.3838, 16.554, 18.7333, 26.7701, 26.823, 28.0407, 12.4272, 4.75149, 21.6106, 17.6475, 18.0565, 27.2705, 1.47968, 20.7811, 5.03986, 26.235, 17.655, 22.3631, 1.03377, 17.2757, 28.1089 ], 
          [ 15.9772, 6.4919, 19.8827, 19.3559, 14.5759, 11.348, 3.29199, 21.3223, 29.9743, 13.7169, 3.21927, 4.81642, 28.9447, 27.4792, 7.57352, 6.48027, 9.84063, 29.906, 14.2753, 20.035, 18.2176, 24.1069, 4.62523, 26.7876, 29.5251, 20.6231, 15.4551, 21.7927, 7.09009, 26.418 ], 
          [ 8.40656, 29.189, 19.1501, 9.31252, 11.7418, 27.0797, 15.2779, 3.8763, 13.3353, 4.9229, 5.73195, 13.4288, 10.6296, 16.371, 26.6156, 17.7051, 25.7269, 11.5622, 6.55426, 19.1519, 12.4173, 3.20718, 9.53893, 20.9725, 19.6406, 24.4454, 6.75232, 5.27025, 28.1761, 26.9344 ], 
          [ 29.8185, 9.22822, 26.7507, 18.4278, 12.1885, 24.2918, 13.134, 13.2666, 28.9981, 13.391, 1.12542, 12.2093, 15.912, 11.8751, 17.19, 7.91002, 13.8701, 22.1379, 21.263, 25.6881, 15.5739, 2.13366, 12.2657, 25.1881, 24.0371, 26.8781, 2.27419, 15.7667, 22.6918, 13.3761 ], 
          [ 25.3896, 19.4701, 29.4252, 3.26923, 8.993, 18.649, 16.3262, 3.69292, 4.02309, 6.01953, 19.6038, 13.7963, 20.7808, 7.40641, 27.719, 18.608, 14.0278, 26.8667, 22.056, 5.61283, 14.4311, 11.0288, 9.40482, 27.8979, 5.676, 22.1321, 20.8331, 19.6249, 24.0624, 17.5219 ], 
          [ 17.9851, 4.29949, 15.0526, 11.7064, 24.4727, 13.1414, 2.02442, 27.6476, 14.6908, 26.0137, 7.87936, 6.70642, 19.5883, 23.52, 4.14381, 15.5869, 8.22517, 23.2112, 23.0037, 27.5291, 28.3492, 29.7372, 25.8279, 28.4153, 29.4047, 28.9606, 10.7017, 17.217, 21.0237, 7.63353 ], 
          [ 7.58926, 29.1912, 15.0143, 16.3018, 24.3267, 23.7997, 6.26774, 1.06316, 5.8389, 26.422, 12.7168, 14.1901, 18.0768, 25.4563, 24.396, 18.7445, 13.2693, 25.1493, 3.94575, 15.5809, 13.1283, 19.0282, 24.2538, 24.8472, 7.88175, 14.4254, 28.0419, 10.8678, 7.03488, 4.5107 ], 
          [ 2.41831, 3.93482, 4.29661, 22.2396, 3.64559, 2.47837, 28.8177, 20.5396, 27.3114, 13.6522, 1.4554, 8.2365, 10.389, 10.671, 15.4256, 25.123, 24.7821, 6.28358, 12.3694, 4.87879, 15.8984, 2.01568, 3.9886, 26.1339, 5.85742, 19.7749, 9.9744, 1.86538, 10.9143, 15.048 ], 
          [ 15.2589, 25.6009, 12.902, 27.6948, 15.4807, 6.20458, 22.2361, 16.1708, 19.8152, 9.42453, 12.3842, 21.2144, 5.92035, 18.1411, 23.4198, 29.445, 19.7175, 11.3013, 19.2821, 15.063, 28.7099, 24.8044, 1.63601, 2.44152, 20.8447, 26.0538, 3.15914, 12.7689, 5.2663, 6.03212 ], 
          [ 13.218, 17.9291, 24.0899, 2.41695, 18.9309, 1.43438, 16.1454, 8.05355, 22.6293, 26.1312, 28.3565, 8.15143, 15.2073, 17.9804, 9.90936, 2.35822, 1.59205, 3.36956, 19.1154, 9.88749, 28.523, 21.1547, 29.4899, 25.2754, 26.9949, 25.6011, 13.1924, 7.6052, 4.57764, 25.8958 ], 
          [ 16.079, 3.38092, 10.3192, 25.6421, 28.7996, 5.81624, 2.35056, 29.6074, 17.4628, 22.4695, 12.0272, 11.6554, 1.73308, 25.7969, 11.6909, 19.2447, 4.84892, 5.21375, 14.2245, 19.2742, 13.1546, 3.11949, 17.777, 25.3555, 19.0313, 9.77789, 16.4104, 29.9442, 2.79346, 5.88395 ], 
          [ 19.289, 27.7476, 20.4831, 26.3756, 6.70773, 21.0806, 3.12215, 17.496, 9.69575, 18.8334, 8.83764, 17.9, 4.76974, 9.6755, 25.8974, 12.7464, 16.5985, 23.6142, 22.2953, 14.7636, 11.2962, 24.5126, 16.4957, 12.6979, 8.97406, 5.68854, 22.8973, 22.5882, 28.1318, 18.6092 ], 
          [ 8.613, 12.9079, 11.8631, 11.6417, 1.99299, 8.78647, 20.5343, 8.77957, 28.2036, 21.8272, 2.71762, 4.55968, 7.09943, 6.29081, 22.6357, 24.8016, 28.2326, 12.9492, 7.21002, 24.6209, 15.4453, 17.566, 20.7339, 29.4545, 13.8345, 9.61018, 10.4295, 24.1623, 8.90392, 7.04836 ], 
          [ 21.2698, 9.10047, 23.9418, 1.46297, 10.991, 18.0166, 18.6956, 14.9111, 2.18848, 14.7315, 4.22401, 13.1852, 20.9875, 15.2696, 4.94491, 9.87087, 29.3141, 6.66422, 17.7608, 23.7891, 1.30927, 5.02341, 29.9318, 5.94184, 6.23107, 9.66678, 9.46935, 29.522, 10.5132, 3.40964 ], 
          [ 6.00494, 9.53865, 19.2169, 19.6897, 1.83384, 6.03789, 16.1634, 15.4715, 3.76004, 17.0022, 10.7948, 13.1016, 8.07201, 22.7505, 9.7932, 28.1054, 19.3056, 21.0401, 3.51396, 18.7294, 4.26244, 11.9799, 6.68888, 5.28715, 18.2411, 26.2839, 20.5934, 23.0607, 11.8461, 10.7588 ], 
          [ 22.4342, 5.93225, 23.4434, 23.4078, 10.332, 3.64783, 19.4811, 15.155, 8.11962, 20.4926, 16.4005, 10.0979, 2.86591, 22.4785, 22.5861, 10.8553, 21.6941, 25.1779, 5.63404, 21.446, 29.3711, 1.77915, 14.7021, 19.0971, 1.5812, 12.4374, 5.87506, 5.97691, 15.8057, 28.2879 ], 
          [ 11.1471, 13.9647, 4.28016, 16.4276, 16.3834, 26.1924, 25.4513, 6.9249, 20.2685, 12.9501, 19.597, 1.99352, 19.4687, 12.7361, 10.6688, 21.2596, 16.8108, 25.8237, 16.6245, 4.10201, 13.6092, 24.0216, 1.48855, 22.8561, 7.23947, 1.44733, 11.1868, 15.7394, 25.0604, 24.2 ], 
          [ 8.52182, 22.6556, 21.4658, 14.4208, 23.2195, 15.6359, 17.3159, 20.4587, 14.6538, 3.07156, 9.81916, 16.5145, 15.304, 25.7079, 2.51783, 26.9863, 27.3517, 24.4138, 2.21419, 14.6223, 27.6125, 13.2951, 28.0175, 24.1553, 9.04014, 24.8419, 23.2685, 14.9502, 11.2355, 24.6767 ], 
          [ 18.6865, 24.6806, 14.9194, 18.617, 7.84701, 16.1851, 9.79204, 25.0946, 22.1242, 21.2761, 18.1624, 3.41419, 28.1222, 6.88767, 18.1853, 10.7525, 16.844, 17.8978, 28.9465, 21.1604, 29.4126, 9.42914, 22.6087, 29.6116, 24.7333, 25.068, 5.18547, 21.4819, 15.7512, 17.8512 ], 
          [ 29.9279, 25.6668, 5.10271, 2.40474, 22.2336, 18.9892, 23.4992, 20.7933, 12.6058, 3.6695, 13.8579, 20.4821, 5.48936, 22.2835, 24.8041, 27.8481, 23.8618, 10.5135, 20.263, 1.15283, 13.9965, 13.0793, 15.667, 22.9831, 1.97416, 19.9973, 2.68091, 20.4604, 11.8937, 20.4436 ], 
          [ 19.1871, 20.751, 14.8668, 27.8172, 13.2282, 14.6983, 12.9709, 22.7054, 14.6185, 7.34182, 23.7272, 24.0054, 15.0599, 18.6862, 3.26785, 21.2984, 27.8361, 27.8224, 9.14539, 4.33337, 11.5487, 7.32139, 24.0509, 17.1584, 2.34322, 15.6334, 12.0117, 16.5105, 29.3165, 7.82637 ], 
          [ 25.5965, 5.09352, 12.0844, 15.4156, 9.2674, 19.2131, 20.2855, 8.20866, 3.77905, 26.1826, 11.0654, 6.02273, 13.7487, 7.64874, 27.5193, 23.1701, 14.4623, 21.0178, 26.1305, 6.48894, 5.57363, 13.6192, 5.70108, 5.14381, 23.4885, 14.1075, 24.959, 25.7401, 16.5534, 15.8671 ], 
          [ 9.6528, 1.23168, 3.63249, 20.7167, 20.5866, 16.5185, 4.78407, 14.2912, 17.8763, 9.49249, 16.1881, 9.85511, 19.5791, 12.8512, 19.7175, 1.55028, 8.84413, 8.86966, 13.0004, 4.0214, 12.9616, 16.6993, 27.3978, 14.1962, 15.4552, 28.8959, 5.3862, 21.4891, 19.4325, 28.8124 ], 
          [ 15.6296, 20.5942, 9.81493, 22.6428, 24.6392, 3.96285, 3.90524, 12.687, 15.8202, 6.22422, 7.15144, 15.0809, 13.2411, 26.7163, 9.21473, 15.6305, 3.58747, 8.54462, 3.00129, 24.1712, 20.8852, 21.4799, 16.4582, 24.2329, 14.4679, 29.5693, 22.5447, 6.9691, 12.3083, 29.5359 ], 
          [ 3.56868, 12.7658, 1.11819, 13.0139, 7.51246, 1.20028, 7.64356, 9.31415, 6.94687, 6.71051, 5.40889, 29.5964, 26.9351, 13.2971, 4.32221, 8.99468, 29.2532, 25.4893, 24.3079, 28.0009, 9.70711, 9.43754, 29.3752, 18.2518, 18.3018, 10.0013, 25.5881, 10.8593, 25.9681, 20.8641 ], 
          [ 21.7813, 9.37106, 26.5731, 14.6364, 15.3394, 5.39736, 5.33294, 5.53687, 8.28063, 15.1734, 29.1534, 1.25109, 5.41626, 21.131, 4.04416, 3.45656, 22.1119, 9.68419, 12.6405, 23.8312, 13.1154, 24.6164, 18.3012, 7.54339, 12.5788, 17.6309, 25.5795, 9.86944, 19.0448, 9.39274 ], 
          [ 9.1432, 21.5205, 10.0039, 16.9984, 23.6708, 4.2725, 12.0565, 15.9614, 7.02772, 24.0146, 18.5577, 10.8126, 2.63839, 29.0523, 25.4077, 11.129, 8.93697, 19.351, 14.135, 2.66387, 24.2947, 15.3605, 8.11498, 25.7687, 9.09576, 4.72367, 20.3974, 19.1119, 13.0199, 9.33594 ], 
          [ 4.26017, 5.91743, 9.38477, 19.0161, 1.48304, 24.4431, 17.1076, 4.24845, 19.2174, 18.0018, 18.6907, 17.0764, 18.1187, 5.30675, 11.0179, 16.846, 10.0243, 14.8912, 25.9181, 22.7192, 17.9755, 5.74538, 27.0945, 23.4655, 22.3759, 22.516, 15.0872, 16.2876, 14.9276, 23.9638 ], 
          [ 22.0142, 24.946, 19.5932, 6.20168, 22.6103, 18.7243, 20.8468, 4.76617, 25.1189, 11.6089, 13.1042, 11.7271, 15.6292, 8.36814, 7.14385, 24.1032, 26.5402, 7.19442, 26.2827, 17.7948, 25.252, 14.9191, 26.481, 11.2577, 2.60979, 24.9501, 28.6235, 18.6823, 22.4132, 19.6306 ], 
          [ 1.11748, 3.54805, 13.9684, 27.2785, 25.8475, 11.3911, 8.33507, 17.5273, 21.0954, 11.7795, 22.3087, 15.2573, 8.03624, 12.6392, 1.63754, 22.2033, 28.0277, 21.5142, 10.2994, 11.321, 8.54014, 28.4473, 1.65833, 9.34842, 20.6321, 22.9514, 18.2488, 24.0582, 2.04257, 17.2454 ], 
          [ 7.98502, 15.8133, 16.8317, 12.2514, 18.8143, 20.3485, 17.1006, 19.3509, 25.1315, 4.68961, 17.8513, 12.0933, 12.3653, 24.3333, 29.5371, 15.125, 18.1525, 9.64885, 17.2336, 6.92462, 14.3254, 29.3191, 2.24566, 10.9179, 13.5629, 18.3429, 6.64451, 15.9351, 3.15224, 14.3712 ], 
          [ 27.6866, 9.352, 3.96399, 24.9159, 7.80263, 14.8703, 9.87996, 28.8874, 29.2634, 16.7059, 11.8559, 9.37653, 23.4648, 29.7352, 15.776, 25.0339, 4.46368, 22.0042, 25.1098, 18.0373, 27.8873, 12.8009, 21.5669, 24.8369, 13.5173, 18.211, 5.0298, 12.2807, 11.8833, 15.9008 ], 
          [ 27.3354, 4.52099, 17.3326, 9.70526, 3.91971, 2.57689, 27.3952, 12.7074, 9.3941, 17.7151, 4.70117, 1.80166, 16.0791, 27.6829, 8.38485, 18.7782, 13.3449, 24.5611, 16.2179, 7.03031, 25.624, 6.27021, 17.6098, 17.742, 29.5125, 22.368, 6.9667, 29.674, 20.8075, 23.723 ], 
          [ 25.86, 21.2062, 24.7511, 20.3481, 5.0215, 4.80751, 29.2536, 9.68244, 23.3626, 14.085, 14.9004, 17.2464, 28.8621, 1.98493, 5.18072, 9.85308, 13.9323, 19.7352, 22.1236, 7.73815, 24.3771, 29.5987, 19.6742, 21.7513, 24.0895, 23.0663, 27.1795, 5.45611, 17.8793, 26.4922 ], 
          [ 9.87557, 1.13953, 24.7388, 12.4954, 18.7166, 26.6649, 25.4064, 29.7129, 23.5378, 8.07177, 8.77462, 9.07878, 27.6554, 11.6723, 22.9644, 11.964, 18.8599, 11.4306, 4.0544, 28.6915, 27.0211, 1.22307, 6.18047, 1.06278, 9.2595, 28.3848, 4.47096, 10.7683, 6.558, 16.9141 ], 
          [ 20.358, 13.0873, 12.7683, 16.999, 4.86863, 13.6962, 8.86687, 1.5971, 1.06198, 28.6838, 20.6143, 7.47353, 28.9722, 17.2366, 10.5002, 3.18921, 9.95158, 11.3913, 13.7654, 10.0364, 12.7786, 29.5447, 7.28747, 27.8224, 20.3225, 1.0431, 29.1266, 23.7454, 1.74582, 24.1311 ], 
          [ 14.3031, 23.43, 13.622, 22.0421, 4.16795, 12.2498, 17.7381, 25.8256, 27.3014, 24.5903, 19.7137, 15.9077, 14.6931, 19.6799, 23.3623, 24.0815, 27.5724, 27.7055, 5.77412, 19.4592, 4.09181, 19.4498, 1.79502, 15.9298, 24.8874, 16.1812, 21.2437, 28.1662, 8.33734, 21.5187 ], 
          [ 20.3432, 25.0342, 3.33177, 15.6829, 9.9794, 21.9772, 25.1473, 3.106, 25.0394, 19.6673, 7.79763, 17.011, 17.5064, 6.03055, 26.1301, 18.718, 29.8945, 8.45437, 20.8215, 5.01634, 10.7545, 7.51452, 11.0545, 8.11719, 11.1162, 12.2111, 24.867, 9.96879, 22.0426, 15.6811 ], 
          [ 9.13254, 6.05079, 8.30271, 20.4201, 17.7512, 18.9149, 20.4099, 27.0082, 17.7199, 13.5723, 6.25227, 8.99714, 1.80356, 13.7556, 28.5068, 12.7048, 12.9246, 13.6012, 29.4903, 13.772, 6.75481, 27.0775, 5.32928, 28.2275, 22.9621, 2.9134, 28.3097, 1.26941, 26.1942, 13.1216 ], 
          [ 22.1292, 15.2709, 25.0413, 25.2504, 16.8411, 8.0429, 21.0827, 8.4968, 27.2068, 5.04783, 6.29902, 25.4941, 9.55203, 23.6867, 14.3232, 7.6699, 13.3403, 4.75796, 7.40043, 23.9243, 19.8795, 3.07907, 9.51555, 6.02467, 24.2995, 19.2732, 8.23711, 7.92832, 8.70687, 16.8323 ], 
          [ 6.18376, 18.2958, 14.2786, 19.7119, 5.13923, 5.48338, 6.35473, 15.821, 16.511, 22.5378, 28.6921, 2.9129, 28.8291, 14.0812, 26.315, 17.4167, 6.48921, 28.1357, 25.4802, 1.66097, 19.7002, 5.87145, 6.84775, 21.0396, 9.62148, 8.60293, 29.269, 22.5504, 25.6818, 25.136 ], 
          [ 24.1162, 27.2496, 28.6521, 4.47264, 19.5028, 20.6127, 7.80883, 24.256, 1.124, 17.0724, 4.97999, 3.26995, 28.5419, 19.069, 27.0881, 12.8178, 12.2116, 24.7258, 23.7487, 11.0821, 3.7694, 23.6525, 25.2138, 29.0724, 18.4915, 8.93415, 9.70672, 7.47144, 28.224, 15.4165 ], 
          [ 24.2597, 7.61393, 26.0749, 12.2613, 23.8049, 1.96815, 6.6992, 26.6159, 21.1281, 4.25239, 7.79112, 7.82019, 13.7162, 1.63397, 13.0156, 5.6895, 8.43974, 19.3535, 18.0086, 6.71412, 23.2835, 21.0551, 21.6676, 4.49362, 3.82407, 20.0175, 7.06611, 25.6668, 4.01498, 24.3697 ], 
          [ 10.0728, 26.4763, 2.68607, 5.32211, 29.0566, 22.8664, 5.67069, 28.6904, 4.32223, 19.2692, 27.2381, 29.8916, 27.7464, 1.08537, 24.0144, 11.6405, 5.41293, 3.35906, 1.42692, 8.41616, 1.45996, 1.53518, 16.0082, 1.46723, 1.05268, 9.00686, 9.05463, 11.6729, 3.13981, 25.5977 ], 
          [ 3.68471, 2.53543, 8.13454, 11.0931, 25.7002, 27.319, 7.58195, 21.0874, 10.869, 13.2045, 6.78343, 16.3595, 17.5344, 12.8402, 15.3937, 1.7612, 27.9039, 14.3938, 20.4602, 27.5674, 16.14, 13.3327, 7.97443, 17.0525, 4.90949, 7.88891, 15.2845, 14.9759, 17.0028, 3.16968 ], 
          [ 19.235, 22.4603, 24.8102, 10.5224, 10.7474, 4.32221, 25.4977, 2.45808, 12.4453, 22.2063, 8.46349, 28.8451, 18.0594, 4.08859, 13.8312, 19.5237, 4.93939, 5.42612, 24.2836, 24.244, 29.1506, 19.6796, 20.7241, 20.0833, 1.2534, 6.09657, 28.9474, 28.6896, 18.4306, 17.8422 ], 
          [ 7.59682, 19.1665, 29.6027, 4.30637, 4.81874, 19.5719, 5.93591, 9.58122, 25.7619, 6.14141, 15.1247, 18.7447, 4.78576, 2.84413, 8.12792, 8.20241, 20.1739, 3.22844, 12.4916, 21.9124, 16.8553, 24.1431, 26.9055, 11.0356, 15.9125, 14.8174, 12.9774, 6.21732, 21.6788, 5.08185 ], 
          [ 13.4362, 6.6745, 4.34543, 5.2341, 1.80287, 5.18148, 8.2625, 21.4181, 29.6954, 1.9142, 8.73904, 9.62313, 1.53017, 9.68333, 8.59842, 7.30235, 13.3691, 7.53228, 22.1281, 29.7148, 16.3972, 23.4823, 4.22753, 10.0981, 27.7421, 22.8711, 5.40844, 10.7299, 15.896, 21.6838 ], 
          [ 2.78053, 5.80332, 14.9783, 8.87831, 17.668, 18.9566, 3.85522, 27.4781, 5.01999, 1.01444, 11.3036, 1.42835, 11.9733, 25.3196, 19.3268, 20.2698, 8.87429, 16.8149, 28.9284, 28.3929, 5.60201, 3.91158, 28.9898, 12.4639, 22.6886, 10.4935, 18.6366, 10.5961, 14.8106, 16.1808 ], 
          [ 11.3808, 1.63423, 23.5243, 28.5922, 9.69119, 22.1737, 10.5931, 14.8237, 29.3664, 22.3698, 15.5934, 2.36986, 2.17062, 4.83801, 20.9691, 24.0922, 21.7575, 17.5173, 21.5023, 29.6989, 28.8404, 13.0311, 21.2827, 18.8522, 1.98032, 17.6524, 3.15204, 7.65623, 9.82094, 8.17547 ], 
          [ 24.8669, 18.1177, 7.15119, 19.4324, 22.2726, 23.2354, 13.6686, 28.6998, 9.102, 24.9934, 16.6821, 16.3581, 2.85009, 22.4646, 3.69488, 4.80293, 12.5284, 13.6599, 19.7541, 6.35165, 28.9461, 3.7599, 23.0002, 19.137, 5.96328, 17.1134, 28.9575, 13.2148, 11.8306, 14.6668 ], 
          [ 19.3115, 9.88559, 22.3456, 15.1068, 10.3035, 14.2788, 3.18095, 27.2856, 17.869, 12.0369, 22.9932, 25.3566, 9.02162, 21.6173, 4.92151, 25.4652, 17.2698, 4.52922, 16.5424, 8.37375, 8.34739, 4.57346, 24.4902, 16.5738, 12.3139, 1.95084, 27.8255, 16.7461, 7.69827, 7.75478 ], 
          [ 29.4817, 9.28502, 15.5036, 2.2052, 14.2417, 24.0499, 15.552, 27.5835, 24.1725, 27.5375, 8.35827, 12.865, 8.5065, 4.10251, 26.151, 28.4931, 28.3638, 25.4465, 23.9286, 17.2828, 27.2144, 4.82782, 3.55932, 21.52, 14.444, 28.2974, 17.06, 14.2916, 25.592, 1.29814 ], 
          [ 26.2687, 12.646, 8.5825, 6.16079, 27.0877, 28.3825, 7.26776, 21.6024, 14.8453, 17.2986, 24.0641, 20.4153, 23.664, 9.7284, 23.5465, 18.7611, 26.7696, 9.45953, 24.5297, 1.72113, 20.1979, 19.9938, 22.6838, 4.645, 27.5747, 1.73446, 22.2646, 20.1332, 24.8567, 22.5931 ], 
          [ 25.2717, 18.7006, 3.73517, 5.36617, 22.9724, 17.3595, 16.9395, 27.1248, 6.23899, 5.48357, 7.12868, 22.9232, 13.8802, 16.7762, 28.0552, 15.5552, 28.2537, 13.9541, 3.50371, 5.85539, 5.44573, 3.36413, 26.5772, 5.68771, 9.14959, 12.1889, 12.8992, 20.7066, 5.62531, 25.0081 ], 
          [ 20.8408, 20.3166, 18.3, 5.65109, 13.535, 12.0368, 10.2503, 21.6324, 29.781, 1.84251, 10.0804, 13.9915, 25.2016, 29.6092, 25.0117, 28.969, 14.9636, 10.8029, 27.9743, 6.01188, 19.783, 13.5947, 9.01167, 14.4595, 22.898, 22.6659, 27.7784, 27.9934, 21.8282, 14.7954 ], 
          [ 24.6257, 29.2949, 21.0226, 4.8786, 28.1757, 29.358, 28.8814, 28.2355, 13.5982, 14.0327, 3.3814, 18.5076, 19.2146, 16.6117, 26.7358, 7.49971, 4.5443, 9.03082, 9.28701, 13.1438, 13.7141, 6.78226, 18.9776, 29.356, 24.7051, 24.3725, 21.2892, 22.953, 23.3656, 14.1335 ], 
          [ 12.9199, 28.2754, 27.9219, 6.66947, 3.41267, 13.6918, 3.41239, 21.8732, 6.79595, 1.24674, 5.19159, 15.5547, 25.9718, 11.0025, 1.33276, 7.32193, 12.1376, 23.6379, 6.84367, 5.00432, 3.05992, 9.45739, 28.0451, 20.2511, 1.41321, 27.1802, 17.8394, 24.2119, 23.3584, 20.0826 ], 
          [ 1.74541, 24.1507, 5.28555, 12.9675, 7.24213, 2.32024, 27.3934, 24.6842, 18.4881, 14.7909, 14.0267, 23.3461, 20.2065, 19.5314, 7.85903, 26.6865, 21.8251, 11.1662, 5.52812, 17.8345, 3.18665, 13.9756, 17.308, 22.5609, 7.09941, 2.91981, 18.1717, 7.78744, 27.9109, 15.5821 ], 
          [ 17.3783, 24.9986, 13.804, 23.6396, 2.04793, 29.0489, 25.3843, 2.30441, 17.2158, 6.62069, 27.9159, 6.05981, 16.2518, 23.9655, 2.98245, 20.5772, 28.5039, 1.8313, 9.31079, 25.1092, 17.7166, 8.76554, 18.5707, 29.7685, 12.5456, 27.5317, 8.96615, 12.6431, 5.48505, 17.2764 ], 
          [ 24.957, 1.07482, 29.7532, 14.1587, 16.9687, 9.71879, 14.4449, 6.82655, 6.07802, 22.7047, 10.5801, 19.853, 2.13811, 20.8844, 8.21577, 4.25076, 17.2724, 20.1125, 3.10178, 2.07696, 24.8673, 4.63861, 6.61628, 4.27015, 8.29273, 26.1375, 2.11451, 18.32, 25.4033, 10.8898 ], 
          [ 6.89564, 3.58073, 22.2992, 3.18129, 14.7344, 8.94891, 20.2891, 6.79895, 29.9469, 12.1357, 22.6259, 6.2845, 27.643, 3.93744, 2.85713, 19.0872, 19.3412, 18.334, 27.4479, 8.28805, 29.1112, 16.2895, 24.4307, 17.9082, 9.50773, 1.37316, 26.8058, 15.7457, 26.6546, 19.6635 ], 
          [ 4.84101, 10.6516, 6.40541, 21.1638, 26.4832, 29.7364, 5.41263, 18.5855, 17.2465, 6.06899, 13.355, 13.653, 4.47589, 13.5616, 23.9563, 8.09721, 17.0737, 2.68856, 18.6737, 17.5533, 29.0002, 16.8552, 12.7863, 20.098, 24.2429, 12.6703, 1.10698, 19.6013, 3.82651, 4.17312 ]
        ]
      ];
r = [
        [62129,57116.4,69554.1,52045.2,53888.2,70208.6,62370.5,51434.8,63772.7,73303.7,62456.3,63232,79696.9,81943,78568.1,58687.2,73307.5,61497.3,55440,61246.8,61297.9,51593.2,55088.7,65496.2,56664.1,70335,79929.5,77197.6,58653.3,81450.8 ], 
        [76943.2,59727.4,68270.5,50613.2,70901.4,67506.8,62853.2,69022.4,53008.8,55242.2,52156.8,80884.2,51702,56180.8,80850.2,81683,70433.8,71829.7,74244.3,68508.5,76986,67879.2,81889.1,53962.4,55753.7,81795.5,77475.5,72213.7,66662.6,57579.2 ]
     ];
d = [
        [12041.3,53968.1,22531.2,24353.1,37494.9,85161.6,41829.8,55376.1,67329,51152.5,44804,27135.7,19896.4,25585.6,47848.3,1732.86,77396.4,1465.08,74750.4,24903,88653.5,12085.8,64648.2,67392.2,34967.1,5474.43,67275.5,27085.5,28903.4,9906.05,62508.7,8352.57,32118.6,53499.5,67867.9,2250.21,57957.8,74037.6,24219.8,77811.8,62813.7,79441.8,4621.32,12589.1,10134,60037.8,13797.2,58704.7,59779.9,67674.7,79036.8,19911.2,59601.1,24591.8,80991,50506.9,1091.9,24060.7,6182.42,4651.6,76004.6,76821.9,19949.7,73996.2,67154.1,9603.8,17076.4,16512.4,57182.7,32696.2 ], 
        [61301.3,58454.1,59095.9,60368,43830.1,21197.4,49466.1,62459.5,71212,88682.5,46535.2,46060.3,2325.49,34465.1,6636.45,19477.9,39275.5,14191.4,35383,71564.7,68132.6,47890.5,64508.8,22766.3,48372.2,12302.7,38883.3,40198.4,16758.2,81688.8,56426.5,2856.15,49244,31818.8,66776,75681,45293.5,36192.7,6393.08,60392.8,89103.5,71186.2,53812.2,29876.2,71621.6,4430.09,68477.4,63429.6,31199.6,67035.7,48785,79679.6,60391.6,32917.9,13601.8,31004.8,62201.5,65892.4,84717.4,56558,45744.3,85989.5,60170.8,19645,68134.3,69445.7,46957.7,41574.8,85608.2,5162.41 ]
     ];
