/***************************************
* STOCHASTIC OPTIMITZATION
* OPL S2FVPP Data Generator
* by Jordi Mateo Fornes
* Model = S2FVPP; Stochastic (2S) MIP 0-1;
* Representation = Compact Representation;
****************************************/
I = 100;
P = 30;
C = 70;
G = 2;
p = [ 0.01, 0.01 ];
pc = 0.02;
ORCHARDS = { 1, 2, 3, 4, 5, 6, 7, 8, 9, 10, 11, 12, 13, 14, 15, 16, 17, 18, 19, 20, 21, 22, 23, 24, 25, 26, 27, 28, 29, 30 };
CUSTOMERS = { c1, c2, c3, c4, c5, c6, c7, c8, c9, c10, c11, c12, c13, c14, c15, c16, c17, c18, c19, c20, c21, c22, c23, c24, c25, c26, c27, c28, c29, c30, c31, c32, c33, c34, c35, c36, c37, c38, c39, c40, c41, c42, c43, c44, c45, c46, c47, c48, c49, c50, c51, c52, c53, c54, c55, c56, c57, c58, c59, c60, c61, c62, c63, c64, c65, c66, c67, c68, c69, c70 };
CGV = [ 12.3627, 25.4853, 10.2329, 20.683, 21.6957, 11.0756, 12.6637, 23.7192, 29.747, 24.3349, 1.6333, 4.32544, 17.4201, 25.5003, 10.542, 10.3069, 6.75382, 6.70016, 11.987, 21.4619, 7.0354, 11.8772, 18.5623, 13.2509, 13.4674, 27.7698, 8.32329, 29.4574, 27.4332, 21.3173 ]; 
s = [ 2.84972, 2.63639, 2.93451, 0.881518, 0.485698, 0.306994, 0.525129, 0.687612, 1.28742, 1.62071, 1.89602, 2.57658, 2.98629, 1.68668, 1.96442, 1.15665, 2.91276, 1.99352, 2.48752, 0.680003, 0.552075, 2.98777, 0.270194, 1.38969, 0.820449, 1.419, 0.795921, 2.74378, 2.73897, 28.9432 ]; 
CSV = [
        [
          [ 10.4801, 1.80589, 9.87016, 26.0514, 24.4501, 16.1541, 22.6527, 13.6865, 18.2395, 16.5361, 9.00127, 28.1079, 20.0895, 2.28413, 24.658, 8.12112, 15.7747, 17.2877, 27.7515, 15.8596, 22.741, 2.9732, 15.4274, 9.85426, 5.34789, 4.26012, 25.2126, 29.1005, 29.3362, 24.5376 ], 
          [ 13.0576, 29.0409, 10.4954, 9.72705, 17.8721, 24.6914, 19.4479, 17.6988, 6.30984, 12.8085, 27.813, 18.5799, 5.17254, 3.43686, 18.2351, 14.6686, 4.15424, 2.85023, 8.01101, 6.69622, 16.7819, 21.528, 26.8637, 1.54928, 15.7586, 5.01152, 16.8742, 28.4883, 16.2577, 8.2345 ], 
          [ 15.1174, 2.51368, 8.38192, 28.077, 6.2817, 20.3264, 26.6842, 27.171, 20.0358, 23.3337, 6.79198, 4.64102, 11.876, 5.23707, 28.7296, 19.3647, 25.7978, 15.1424, 9.80911, 12.5979, 28.8407, 7.37886, 21.2572, 10.5287, 29.0667, 13.2021, 16.3439, 28.9717, 4.93155, 13.7052 ], 
          [ 21.583, 18.3621, 29.4895, 28.7459, 1.15146, 12.026, 4.49789, 23.8129, 18.0364, 24.033, 16.341, 11.2255, 27.8994, 19.8343, 13.202, 14.9033, 17.235, 13.849, 13.6091, 27.9677, 21.8658, 26.3631, 26.7636, 27.7006, 5.66151, 7.17286, 19.5841, 11.1441, 9.08914, 9.00856 ], 
          [ 20.7973, 13.6512, 27.3929, 11.6888, 22.3411, 22.8459, 10.5256, 11.9726, 15.3394, 7.48837, 27.0667, 17.0216, 7.10659, 4.47924, 16.2965, 28.9954, 17.5029, 24.7235, 21.0681, 14.6671, 7.05326, 21.6346, 10.1146, 1.22304, 24.0242, 12.6168, 26.9564, 7.9248, 10.0958, 11.4006 ], 
          [ 13.9558, 10.7714, 1.69707, 27.2127, 18.4928, 28.4917, 27.4881, 20.2851, 9.61898, 5.30441, 12.1319, 10.0543, 10.1897, 11.4695, 21.0344, 24.3325, 6.24069, 10.8217, 23.8293, 15.5651, 3.65637, 10.368, 20.5248, 2.28248, 13.711, 6.09502, 20.9723, 25.2721, 16.2071, 8.801 ], 
          [ 11.2198, 20.3068, 6.13751, 18.1453, 12.4637, 9.27158, 2.05474, 2.36829, 15.0374, 18.0594, 7.06678, 24.2385, 9.67966, 13.4961, 25.2099, 3.88948, 25.7489, 10.6773, 6.8659, 4.25292, 12.3155, 5.25953, 4.99733, 19.9214, 11.6673, 24.5708, 6.61853, 25.2535, 6.14984, 6.39072 ], 
          [ 6.29243, 13.9156, 21.319, 21.1315, 15.1092, 6.87629, 17.1252, 12.9598, 20.2621, 6.36287, 28.6625, 5.74971, 7.49054, 9.94034, 16.1852, 22.6411, 14.0051, 17.2834, 27.0878, 15.0728, 1.29673, 8.98991, 7.66735, 25.6584, 14.7385, 28.9956, 29.473, 9.62674, 19.677, 13.5473 ], 
          [ 5.57277, 4.8454, 9.68153, 6.17403, 3.35025, 7.51449, 3.20392, 12.8902, 16.652, 23.0908, 25.9999, 7.22924, 19.8911, 29.9416, 1.14322, 15.2301, 25.7486, 24.5891, 19.8126, 7.21002, 2.24221, 13.722, 26.978, 6.95881, 14.416, 28.891, 14.1466, 29.2197, 12.3745, 4.15787 ], 
          [ 11.745, 9.6801, 11.2539, 5.41729, 5.71011, 4.46579, 12.9461, 17.0857, 2.64329, 20.3165, 25.9809, 2.61909, 14.5185, 24.8844, 25.0472, 1.76869, 7.13663, 13.8568, 1.29491, 4.32845, 7.44004, 2.46402, 12.3654, 23.6013, 13.6575, 21.2364, 14.3129, 13.5376, 11.1761, 23.0511 ], 
          [ 1.97799, 20.8021, 18.6878, 23.8652, 17.7887, 13.6838, 13.2199, 19.5907, 21.0599, 3.37392, 12.9102, 8.29603, 22.7454, 3.4937, 28.1266, 6.79398, 10.2025, 28.0694, 22.1874, 3.46881, 14.0821, 26.2649, 10.0269, 25.8734, 26.477, 17.5494, 27.4052, 28.1086, 9.7013, 12.8368 ], 
          [ 4.07797, 12.788, 23.7587, 21.5302, 26.9606, 8.78617, 13.7903, 26.9839, 9.63123, 14.9668, 9.51271, 18.5122, 28.8439, 14.4182, 20.5877, 3.13331, 27.5332, 10.8243, 24.2395, 12.8437, 10.6039, 25.2125, 17.9152, 18.9602, 24.8387, 22.8343, 19.259, 25.7317, 5.30733, 7.46408 ], 
          [ 9.63439, 27.4998, 10.7298, 18.4315, 7.84057, 29.4074, 27.8677, 29.4522, 14.2574, 18.8802, 3.44945, 4.95581, 8.1193, 24.8095, 5.28938, 17.4509, 15.8472, 10.9539, 6.30228, 3.12518, 4.77456, 12.9286, 17.7699, 24.5762, 10.8074, 12.5161, 17.6393, 24.7822, 12.153, 29.089 ], 
          [ 10.9339, 6.19269, 2.97532, 27.3872, 28.5267, 27.3325, 7.73195, 11.3783, 28.0015, 26.4355, 13.0029, 25.1837, 7.33025, 27.3606, 14.5208, 21.3781, 4.76979, 28.4809, 6.62258, 17.2174, 10.5236, 2.09219, 8.38955, 27.6411, 4.12923, 6.35817, 16.5393, 9.31397, 28.5616, 13.1703 ], 
          [ 3.36186, 1.67853, 7.55587, 7.39845, 23.9963, 26.3153, 1.72136, 17.9429, 1.90862, 9.41969, 20.7264, 12.9984, 19.7654, 16.9214, 15.874, 15.3024, 21.4076, 20.6585, 22.8346, 6.3612, 23.9087, 3.21483, 9.26899, 17.039, 20.9958, 5.61013, 12.6365, 15.006, 3.62253, 4.26692 ], 
          [ 18.0132, 2.36597, 22.2031, 20.8438, 1.92175, 9.54855, 28.0584, 3.9252, 9.56166, 3.20867, 25.7183, 8.90489, 21.0565, 5.06321, 28.2277, 9.8992, 16.4577, 7.70041, 15.6378, 5.2867, 27.4121, 3.48734, 16.3995, 3.26083, 11.3724, 18.0174, 28.2558, 12.6304, 22.6814, 22.2729 ], 
          [ 19.4129, 19.3965, 2.15984, 14.0864, 2.41271, 15.2029, 28.7314, 27.095, 11.5676, 9.90671, 3.52099, 7.71282, 10.4683, 8.07715, 29.6887, 9.75779, 4.67192, 10.5815, 7.37157, 11.8934, 18.3306, 29.9082, 15.254, 17.733, 23.1501, 5.10067, 18.6731, 27.3265, 13.1794, 3.00592 ], 
          [ 4.73525, 7.4466, 15.1565, 14.1098, 16.3627, 23.0578, 6.3501, 12.0065, 20.6041, 7.10648, 10.7893, 26.3991, 14.0355, 17.0725, 3.52228, 12.3095, 9.34166, 7.97208, 10.482, 1.10975, 28.9135, 14.0522, 5.9662, 17.0866, 3.89314, 19.3345, 2.36288, 23.547, 2.53966, 9.91761 ], 
          [ 23.6038, 9.12089, 24.1977, 8.84936, 14.1642, 29.108, 23.596, 9.73998, 3.7929, 8.2587, 26.6195, 6.69704, 2.49208, 14.6847, 25.677, 17.71, 16.0286, 29.3779, 14.4637, 6.47531, 20.6683, 6.65292, 2.07649, 17.1525, 26.4192, 22.3423, 5.35231, 14.7185, 25.8325, 24.8319 ], 
          [ 8.17401, 18.1909, 7.52183, 23.1189, 29.1047, 26.4184, 19.6601, 8.26388, 29.3749, 7.60784, 17.2826, 4.43553, 8.96777, 29.7987, 17.0536, 14.1642, 19.3416, 3.10673, 27.0421, 13.8286, 13.3432, 8.74258, 13.9584, 4.72624, 27.9179, 11.0716, 9.42204, 6.6618, 1.31944, 12.4862 ], 
          [ 17.3307, 6.53603, 14.7954, 16.7489, 27.5917, 19.5132, 27.085, 7.80161, 11.611, 24.0108, 14.507, 14.6193, 10.7996, 26.0903, 29.3313, 6.26919, 16.4569, 5.65782, 3.1214, 9.80458, 22.4988, 2.25406, 17.503, 22.9329, 20.0835, 26.0135, 9.464, 20.117, 2.98186, 16.6179 ], 
          [ 6.139, 21.3088, 28.6804, 3.39837, 10.6782, 7.76287, 27.5692, 9.77588, 18.6042, 20.2163, 23.9295, 19.6467, 10.7438, 29.416, 5.67337, 22.8612, 29.9558, 13.1222, 4.20418, 1.52942, 24.7887, 10.0715, 18.408, 12.3748, 2.26487, 25.614, 12.2652, 12.5909, 20.1593, 4.56172 ], 
          [ 12.2473, 20.1638, 6.45293, 11.8119, 4.04693, 24.5855, 13.6194, 18.9167, 10.6348, 9.46062, 23.011, 6.9458, 18.8411, 21.8195, 8.77249, 3.87642, 27.9624, 29.2206, 23.3907, 23.6651, 28.8249, 20.5723, 23.1906, 8.32748, 26.0053, 9.58382, 16.774, 26.6837, 23.8005, 25.4629 ], 
          [ 12.1953, 11.8726, 24.0906, 23.674, 29.8667, 1.55689, 13.8766, 21.9098, 11.053, 25.538, 24.5981, 12.8616, 18.4663, 28.7662, 23.9284, 24.637, 25.957, 4.93502, 26.497, 27.0218, 28.5626, 17.7949, 6.88394, 2.23193, 13.7686, 11.1156, 20.2544, 5.68029, 3.6774, 25.5481 ], 
          [ 18.6131, 29.7192, 20.7831, 6.26244, 27.9944, 4.24015, 14.8132, 20.9145, 13.0422, 4.44246, 17.4033, 26.6868, 1.86693, 15.8559, 8.65179, 2.88531, 9.6489, 10.5815, 17.5453, 22.9044, 7.58473, 11.0192, 24.4563, 24.0338, 19.9149, 10.6138, 24.878, 7.62588, 6.98741, 25.5024 ], 
          [ 11.4924, 28.661, 20.0971, 21.8038, 6.05713, 29.6094, 8.95977, 6.68095, 2.6576, 2.19608, 26.9086, 25.8918, 3.91364, 9.52653, 12.9646, 2.54177, 3.52013, 26.0141, 19.9339, 12.9461, 2.03409, 8.60012, 25.9838, 13.5971, 5.14625, 6.68165, 15.1116, 17.9863, 24.7205, 26.79 ], 
          [ 15.5658, 9.54436, 27.2877, 4.36578, 4.39236, 19.3154, 20.4597, 16.2956, 11.56, 16.2528, 25.3344, 14.4794, 27.9624, 27.1042, 8.76692, 1.94174, 16.1987, 5.18865, 14.0448, 7.95176, 2.61596, 6.21295, 25.7024, 9.80442, 26.3151, 13.7274, 17.466, 21.3661, 9.04786, 27.0857 ], 
          [ 12.6418, 10.8508, 14.6275, 8.28585, 4.19175, 9.8939, 16.4046, 4.75159, 10.6042, 3.78295, 19.7657, 19.9923, 3.28403, 29.4162, 18.9634, 8.84982, 24.0308, 26.68, 15.5662, 16.6296, 3.7739, 3.51248, 29.5443, 29.5189, 8.72286, 17.318, 13.2556, 5.27304, 8.69978, 22.9465 ], 
          [ 8.64196, 3.68791, 8.07879, 25.322, 17.1742, 7.63398, 23.4122, 18.5779, 16.2963, 11.3048, 5.87522, 7.26519, 12.2023, 15.9383, 15.4422, 25.113, 13.7598, 9.76541, 8.54948, 29.973, 13.5299, 28.2375, 7.23238, 21.1318, 22.0101, 17.6384, 14.0935, 4.45737, 9.69202, 22.8247 ], 
          [ 27.9803, 17.0874, 25.0378, 4.28521, 17.9899, 9.65902, 9.71018, 11.5254, 20.7622, 23.4816, 13.714, 14.4069, 2.953, 9.09186, 17.2431, 6.82659, 8.01756, 13.6845, 15.4394, 26.751, 4.40611, 14.0154, 27.2591, 23.2073, 13.4058, 28.2154, 27.368, 8.55459, 24.3289, 9.77678 ], 
          [ 11.1163, 6.33375, 27.1762, 12.7235, 27.4198, 19.2469, 28.3178, 17.0338, 26.4339, 21.7892, 24.4976, 11.4132, 27.0557, 12.1427, 15.0818, 17.5145, 23.7091, 24.4597, 22.0062, 25.3608, 9.78685, 22.9642, 9.32043, 16.6492, 13.3412, 18.7362, 13.6775, 28.8491, 3.20055, 7.23785 ], 
          [ 27.8244, 19.7407, 18.9391, 15.1669, 23.0977, 7.83472, 27.5714, 1.21038, 7.02442, 21.022, 26.5783, 7.86298, 17.0237, 21.5656, 19.9934, 24.1286, 26.3129, 2.69017, 21.1959, 22.0255, 10.6524, 4.42118, 21.0066, 12.7786, 13.8889, 4.40106, 29.6011, 18.9729, 17.2773, 2.2507 ], 
          [ 10.3439, 26.5372, 28.669, 17.0016, 26.4982, 11.6192, 25.4893, 14.1395, 15.2024, 21.2234, 21.0359, 29.3602, 19.3534, 4.89827, 1.82327, 27.4233, 23.3154, 17.321, 4.79691, 15.2698, 7.28555, 8.57375, 14.1525, 8.12653, 29.6992, 4.93699, 10.9298, 17.706, 17.252, 6.61841 ], 
          [ 12.7882, 13.0435, 1.16231, 14.5734, 25.0723, 4.86669, 15.8338, 15.1465, 1.48542, 23.5151, 16.7958, 28.8748, 6.03959, 5.51736, 3.88779, 3.69102, 7.77273, 20.4674, 26.6684, 20.3644, 6.43638, 20.7756, 27.3826, 4.23314, 2.32714, 16.6353, 2.41661, 4.93594, 19.6287, 3.03371 ], 
          [ 12.2024, 3.09218, 12.9855, 11.3045, 18.0381, 6.7548, 10.0556, 29.2037, 18.0265, 26.1709, 25.9075, 26.9366, 16.4605, 20.5389, 3.12147, 8.87661, 1.88393, 7.83963, 19.7174, 21.2446, 5.41537, 14.6251, 24.4023, 3.83562, 6.5278, 5.51256, 23.0433, 20.058, 29.7333, 13.67 ], 
          [ 5.64095, 17.3645, 4.78652, 22.0801, 22.2013, 29.9793, 5.89735, 14.396, 21.3736, 14.0203, 20.8973, 25.3445, 20.1632, 24.3879, 8.39215, 9.03363, 21.3099, 5.99773, 7.385, 24.0876, 28.3273, 4.82165, 4.54885, 15.2347, 16.8093, 20.3469, 25.4625, 19.9194, 23.5405, 2.23719 ], 
          [ 7.19572, 2.16144, 11.9123, 3.12296, 12.6044, 8.58879, 15.9184, 4.12472, 8.1509, 7.78542, 2.43005, 5.15212, 5.75085, 17.1481, 27.2885, 6.59979, 8.01774, 11.3596, 1.48286, 9.34786, 4.66932, 12.822, 8.68866, 26.4188, 18.2598, 18.5773, 19.1598, 19.1644, 7.06093, 28.5149 ], 
          [ 19.2172, 10.9694, 29.8521, 22.951, 26.784, 16.7296, 15.1443, 27.0974, 19.5242, 10.6231, 3.94435, 25.4778, 29.6087, 26.0909, 18.6427, 25.0727, 2.04572, 9.08798, 23.3172, 5.03676, 7.56875, 29.9793, 25.2679, 28.1956, 7.60322, 16.6023, 5.31612, 23.2816, 1.21681, 3.11948 ], 
          [ 16.3864, 14.8125, 22.6195, 4.40907, 21.5217, 26.4488, 1.84229, 9.82083, 25.1837, 18.1136, 16.4274, 8.43387, 13.164, 9.45225, 3.22314, 19.3774, 17.2132, 14.1826, 21.1019, 14.9994, 8.81914, 1.64413, 4.65575, 7.39681, 27.6827, 2.38566, 22.1546, 3.74587, 13.1759, 6.96935 ], 
          [ 19.2292, 5.97557, 10.0052, 25.3543, 7.43872, 15.0761, 25.1004, 26.5057, 16.9291, 13.9512, 29.2594, 28.8433, 29.6534, 1.96466, 17.7829, 18.6297, 13.8458, 21.1279, 12.6498, 10.5875, 26.1879, 27.1487, 9.40962, 28.0068, 17.9223, 28.4826, 15.1756, 23.0018, 9.59044, 11.4259 ], 
          [ 27.5525, 1.53251, 28.5041, 19.6779, 7.31862, 24.1567, 7.34665, 8.29017, 18.5916, 17.2648, 11.6792, 14.2773, 16.7527, 7.3241, 23.0034, 23.4766, 19.0905, 19.3809, 21.7961, 21.4802, 28.1462, 13.892, 6.10071, 11.5576, 1.30829, 9.76074, 13.831, 20.8807, 8.926, 9.47824 ], 
          [ 13.053, 18.968, 3.85211, 26.5396, 2.87312, 29.9635, 21.4231, 1.36602, 21.8899, 9.62181, 26.1304, 29.1315, 6.03591, 24.3281, 23.0234, 13.9059, 18.2599, 20.5205, 10.1797, 2.18079, 27.922, 20.1119, 4.74143, 11.1988, 12.7713, 15.7022, 8.91276, 19.0205, 8.44887, 25.3613 ], 
          [ 3.40177, 22.4729, 10.3017, 7.02285, 17.3505, 3.86596, 21.0319, 23.926, 9.00211, 11.0313, 22.9479, 7.5036, 8.37185, 9.42637, 25.7481, 29.6135, 16.2773, 24.0195, 9.13606, 25.6599, 16.7535, 11.5584, 15.2274, 16.5915, 16.1575, 2.80216, 15.8421, 5.99054, 2.04634, 17.3907 ], 
          [ 15.7423, 19.8883, 17.3245, 11.2848, 22.4047, 1.02292, 22.8918, 18.1081, 18.3726, 21.2162, 24.6572, 17.7753, 16.4749, 1.43514, 13.0281, 13.2937, 6.05686, 11.8797, 21.5633, 25.0927, 13.483, 23.1153, 28.1014, 22.9176, 25.3097, 25.8037, 15.2702, 25.9506, 16.6651, 4.4696 ], 
          [ 23.013, 18.1262, 3.19883, 16.6646, 25.2966, 10.4917, 6.81866, 14.534, 14.648, 21.5623, 25.9201, 24.32, 17.3266, 10.4908, 11.928, 13.2262, 21.1703, 20.0582, 19.9952, 1.52451, 14.5323, 22.2904, 29.8486, 25.5945, 11.1926, 19.7925, 24.3155, 25.4993, 7.71088, 23.2233 ], 
          [ 5.20458, 8.16673, 3.68718, 2.72511, 21.3741, 4.08274, 7.67163, 17.4837, 15.6509, 4.15638, 2.27763, 24.1596, 29.664, 22.8065, 26.1331, 1.09965, 11.004, 18.6506, 17.0694, 17.1917, 24.369, 14.2878, 11.11, 7.15353, 22.6319, 21.6083, 14.1966, 14.5792, 11.3424, 19.1865 ], 
          [ 24.6477, 14.9414, 13.5292, 14.4273, 1.04181, 16.0744, 7.21558, 6.69152, 3.37869, 13.362, 13.4052, 3.2835, 23.874, 10.3604, 9.54692, 29.0487, 22.8323, 17.815, 26.3469, 7.95769, 7.26785, 16.0987, 1.11991, 5.24992, 3.9885, 9.10287, 2.47934, 1.64638, 6.51079, 26.3433 ], 
          [ 9.74566, 7.69166, 19.306, 10.9428, 3.86811, 22.1221, 5.02282, 1.62349, 28.7713, 19.2523, 1.85382, 22.1869, 15.0038, 10.0109, 3.60411, 28.2726, 6.94528, 1.50222, 26.6122, 11.4985, 29.2499, 27.9942, 5.25511, 10.5231, 18.5857, 8.64684, 15.7387, 25.8845, 9.69213, 15.5068 ], 
          [ 18.5528, 28.7597, 1.3189, 14.2357, 11.6789, 17.5156, 25.859, 10.4438, 21.1442, 18.6549, 16.1311, 21.6491, 14.3711, 5.7016, 15.2717, 8.04085, 6.77886, 23.7766, 4.15724, 13.6214, 26.4785, 15.4269, 27.4817, 13.794, 21.0321, 20.2449, 4.64523, 15.3827, 9.3148, 7.0154 ], 
          [ 8.1045, 6.86554, 7.13922, 1.30641, 26.2641, 28.428, 8.72671, 20.6874, 8.34936, 23.7006, 6.42247, 17.0674, 22.4498, 15.5573, 3.02999, 27.3754, 3.57087, 4.71463, 7.83274, 4.10086, 20.2178, 1.20184, 10.7608, 24.377, 13.5601, 5.56979, 1.40591, 12.5204, 26.6624, 11.8779 ], 
          [ 17.5722, 29.5399, 20.1591, 11.563, 6.28819, 12.3493, 21.8074, 15.5115, 8.14043, 23.5057, 11.2641, 12.5934, 13.2387, 23.1202, 15.7823, 19.6539, 25.9487, 29.9898, 19.2977, 16.2134, 9.54876, 20.951, 24.6979, 1.45765, 1.81736, 19.9493, 18.4025, 4.3368, 10.5589, 18.6085 ], 
          [ 11.7141, 13.0303, 26.1244, 18.7654, 10.2245, 27.6381, 14.1746, 11.6396, 14.8911, 23.0015, 23.5169, 20.8376, 10.2076, 19.8408, 15.67, 19.8566, 29.2648, 14.538, 24.3649, 4.35497, 28.9046, 23.1749, 8.74009, 7.72707, 22.7494, 15.9728, 21.9139, 18.9402, 2.57726, 16.799 ], 
          [ 4.81849, 28.0101, 11.6735, 14.6921, 27.2493, 14.1274, 23.3213, 10.6053, 11.4502, 2.35393, 14.0703, 12.1624, 1.3471, 24.0264, 26.8037, 1.06531, 13.5151, 1.06681, 28.7773, 22.8093, 8.31955, 20.0601, 17.481, 24.8257, 19.0968, 15.2001, 4.715, 29.3154, 22.5931, 15.1378 ], 
          [ 26.0446, 4.41767, 8.43706, 18.5513, 11.2595, 27.7149, 20.5471, 12.5105, 16.7686, 25.3361, 12.6564, 6.20186, 9.81412, 17.4614, 1.70899, 3.77178, 20.8348, 6.11598, 14.5102, 22.143, 21.9082, 23.7738, 6.21801, 4.84071, 13.7892, 28.5379, 9.13534, 2.29639, 3.03259, 23.4467 ], 
          [ 15.4155, 10.2969, 11.3881, 26.6546, 3.19498, 22.7787, 12.8619, 28.9795, 7.29522, 29.1437, 16.2934, 3.2996, 27.4424, 14.8535, 8.98535, 10.3173, 28.0618, 1.32334, 12.6806, 12.6956, 8.47518, 6.14239, 19.0798, 2.17848, 1.27526, 22.1092, 23.6931, 21.218, 15.7385, 26.7988 ], 
          [ 18.4282, 27.0299, 20.8298, 18.1737, 1.79361, 20.8029, 25.7942, 12.3102, 14.1411, 4.27054, 14.3556, 6.83366, 18.2756, 19.9411, 16.6527, 5.88525, 4.54049, 5.71135, 15.3871, 18.387, 10.7186, 11.3879, 27.1707, 19.6618, 6.67312, 1.66464, 2.62303, 19.1417, 25.2321, 12.959 ], 
          [ 12.3139, 16.8118, 15.3459, 11.3233, 18.8454, 8.83773, 7.11033, 3.90424, 18.1854, 8.52912, 3.44757, 12.4493, 26.4104, 8.27826, 11.8533, 19.1663, 14.6735, 19.0871, 28.7157, 29.3528, 9.0941, 10.3604, 12.8726, 16.9452, 20.1395, 12.2457, 9.74562, 19.1862, 15.9886, 21.4696 ], 
          [ 3.52968, 10.5961, 7.21759, 7.89413, 10.4606, 19.4788, 13.7644, 6.27364, 5.0401, 26.4238, 26.0053, 28.5053, 23.5243, 22.8073, 14.308, 28.9556, 6.49858, 8.18453, 20.7671, 17.3312, 1.63776, 27.1946, 25.3263, 27.8256, 26.5353, 9.31887, 10.2716, 21.6269, 14.991, 18.3696 ], 
          [ 22.3124, 2.25153, 7.96142, 5.11076, 16.3357, 16.6798, 9.71603, 5.00654, 16.737, 7.89817, 18.3179, 19.0017, 20.7628, 24.5942, 3.748, 1.93059, 3.86379, 10.1661, 24.0874, 25.7553, 25.6547, 4.21173, 24.4808, 8.27072, 15.7855, 21.0606, 16.2361, 3.80836, 9.47068, 18.6634 ], 
          [ 24.8617, 9.57287, 26.2309, 7.46, 10.591, 19.5475, 7.58283, 11.3624, 29.7112, 28.1113, 1.81565, 7.87914, 4.61253, 11.4007, 1.68476, 24.2278, 3.38129, 21.6935, 15.3684, 5.64081, 18.5301, 17.6641, 29.5701, 5.86088, 3.88416, 15.386, 5.01474, 11.4573, 3.96499, 11.5615 ], 
          [ 21.6542, 22.4125, 22.7525, 9.50358, 24.0843, 17.056, 18.8298, 23.304, 24.3891, 12.849, 16.1643, 12.9267, 13.1547, 25.5027, 4.12656, 19.9072, 21.6425, 9.57452, 15.7518, 7.68149, 22.652, 5.50069, 7.42568, 19.1438, 28.7009, 9.24617, 24.1663, 13.979, 29.8992, 9.63813 ], 
          [ 12.8103, 8.44299, 5.9745, 14.8595, 19.8649, 10.8368, 18.2265, 16.3556, 2.30297, 19.8971, 27.8198, 26.4121, 6.8036, 10.1681, 5.83417, 13.115, 6.89836, 11.916, 24.3024, 12.6958, 23.3536, 5.58164, 3.70553, 22.7973, 3.96142, 6.32444, 4.31958, 16.8087, 11.167, 27.2025 ], 
          [ 2.13083, 14.5995, 13.399, 10.3963, 21.2086, 5.1675, 13.8925, 9.18907, 10.8864, 5.47067, 16.7882, 3.62554, 28.6636, 15.2521, 23.0448, 15.5723, 24.6708, 14.6288, 11.7993, 9.65629, 1.59176, 22.5212, 18.0485, 4.77239, 5.97814, 18.206, 4.82732, 9.44548, 13.7682, 28.6861 ], 
          [ 2.12181, 4.39798, 3.52702, 2.32075, 18.247, 26.7845, 7.11416, 15.5179, 16.1491, 16.0856, 14.9287, 7.44974, 17.1882, 21.5043, 29.3448, 27.1604, 7.41281, 24.9634, 3.21241, 7.44104, 18.155, 13.7846, 21.8505, 3.42119, 15.821, 16.737, 4.78932, 14.4204, 28.4952, 16.2421 ], 
          [ 1.09238, 8.73507, 11.0824, 1.861, 27.4702, 22.2944, 27.1547, 1.10096, 7.58318, 10.4918, 10.3703, 13.682, 26.6835, 12.5752, 25.7318, 22.5597, 8.46744, 9.52744, 9.70955, 17.9068, 21.2135, 15.3432, 9.37723, 21.0686, 25.43, 20.5514, 29.2036, 4.40729, 1.19819, 11.5364 ], 
          [ 11.8496, 9.51595, 2.40724, 4.01528, 1.18658, 13.8399, 18.4409, 15.6339, 21.2678, 22.4405, 19.8211, 29.1679, 5.66823, 9.90127, 26.9315, 27.0685, 26.833, 2.77136, 5.99408, 27.2889, 19.4708, 22.4734, 29.531, 5.60242, 21.6196, 23.5363, 19.9707, 12.0261, 10.8254, 16.8343 ], 
          [ 22.125, 4.07432, 25.743, 9.05348, 8.58129, 13.6621, 20.154, 17.0964, 11.2287, 9.58817, 18.8329, 22.6397, 16.6203, 13.6512, 28.6022, 13.9615, 26.9249, 4.65042, 7.54061, 14.0553, 23.6845, 18.4699, 26.1056, 2.2961, 22.4564, 5.78505, 12.5423, 23.0985, 5.25001, 18.611 ], 
          [ 19.7743, 16.1743, 23.0465, 10.948, 16.1468, 24.0469, 17.6652, 2.7554, 25.5738, 17.995, 4.02579, 2.38208, 24.9451, 5.28214, 18.9004, 19.2322, 19.9109, 2.77648, 20.0326, 10.0958, 9.75775, 14.6851, 21.5861, 11.0727, 23.404, 12.9789, 13.4014, 9.77037, 10.8184, 17.2381 ], 
          [ 9.69759, 4.3511, 20.1031, 8.39966, 5.01613, 13.4931, 23.7915, 3.5908, 24.583, 2.21268, 19.6123, 10.1306, 26.8833, 21.3702, 20.7035, 16.272, 23.6789, 12.7307, 12.8799, 5.6485, 3.96883, 14.9109, 22.0704, 2.37168, 28.3843, 15.7338, 23.2918, 10.6554, 28.8133, 4.61922 ], 
          [ 29.4936, 18.4219, 23.47, 27.9103, 9.95001, 18.2264, 12.0883, 10.9128, 16.2842, 11.095, 29.0508, 24.7135, 14.2378, 15.4552, 1.93694, 25.9262, 9.30301, 23.5312, 19.3916, 9.77171, 17.1632, 15.9823, 17.8897, 15.9326, 21.904, 2.55946, 11.2889, 9.97888, 5.18264, 25.7507 ]
        ], 
        [
          [ 10.3157, 5.10587, 13.3203, 17.07, 10.9618, 25.6716, 29.0517, 7.37478, 16.5296, 23.167, 18.8497, 24.3661, 24.4576, 27.0829, 8.27893, 6.70111, 15.6653, 7.86405, 26.3193, 6.95956, 23.5588, 24.2497, 23.3491, 6.06899, 19.3313, 29.1452, 23.2561, 22.7659, 22.4144, 10.9093 ], 
          [ 9.3535, 8.70957, 13.7845, 23.9032, 4.97238, 1.98233, 10.1273, 9.17218, 16.3718, 21.8745, 4.76584, 3.63085, 23.9042, 17.4138, 23.1751, 12.7852, 16.9057, 18.7913, 21.0784, 21.1911, 6.41232, 26.2736, 6.47478, 17.2425, 12.6737, 24.497, 5.79654, 8.95505, 4.73694, 15.4454 ], 
          [ 13.2916, 3.95879, 2.45794, 25.6543, 12.2034, 5.92785, 13.6954, 16.8175, 5.40775, 28.8127, 14.1902, 26.1387, 6.46982, 24.8905, 5.06546, 20.846, 7.70207, 11.6086, 7.35348, 3.79135, 20.6466, 26.2754, 17.4863, 16.9274, 10.8448, 10.6215, 23.7708, 16.2126, 24.3421, 20.6636 ], 
          [ 14.6251, 9.93501, 23.9582, 6.61544, 19.0036, 23.9728, 16.6598, 5.31915, 18.789, 26.2684, 14.6805, 13.6286, 5.46698, 7.13326, 6.73302, 9.62802, 27.8868, 22.7738, 10.5213, 18.6706, 13.3753, 29.4657, 25.9473, 22.4212, 21.8158, 23.7395, 16.7811, 14.4316, 21.2574, 9.93105 ], 
          [ 6.71733, 26.8212, 22.4314, 25.9075, 6.67436, 29.3611, 22.6743, 1.9725, 9.22169, 26.0863, 12.7517, 3.89696, 12.8276, 20.7409, 7.20094, 10.2981, 17.7246, 11.7326, 29.2662, 2.56088, 11.5758, 16.3483, 21.1082, 23.0181, 13.2378, 10.0429, 10.0576, 5.29168, 18.8669, 10.5832 ], 
          [ 7.64503, 10.0791, 13.2956, 1.13791, 13.5143, 28.8515, 20.9019, 6.59354, 7.86419, 27.6329, 25.2462, 21.448, 13.3449, 2.57528, 8.5514, 14.3006, 3.61393, 26.815, 13.8921, 20.3958, 10.4174, 17.3203, 8.3778, 13.544, 22.6619, 5.28148, 9.57527, 2.01708, 22.0738, 27.4898 ], 
          [ 19.7729, 19.6913, 4.55289, 28.8315, 24.1479, 29.8565, 12.9865, 11.298, 29.0434, 23.2328, 6.54175, 15.3831, 7.36476, 23.3056, 21.6353, 13.0198, 23.1092, 13.7455, 17.3338, 28.019, 28.2859, 21.6405, 6.5131, 9.98634, 2.38522, 16.6315, 5.2341, 26.5347, 29.2051, 7.84292 ], 
          [ 29.8202, 7.90503, 26.8195, 11.7211, 2.55796, 28.1409, 19.3464, 16.9173, 25.7299, 4.8433, 2.7556, 14.9139, 26.0334, 16.0797, 6.10472, 23.9352, 23.5354, 9.95229, 9.00507, 21.299, 19.546, 27.4938, 23.4336, 8.28161, 8.88396, 21.1186, 7.54084, 23.8791, 16.4476, 10.153 ], 
          [ 9.72338, 3.59607, 18.1208, 21.0711, 2.15241, 11.4464, 22.6378, 5.21767, 18.082, 26.186, 14.8182, 22.2256, 2.17617, 20.9933, 22.0949, 27.0333, 25.0661, 3.56838, 27.4933, 8.69464, 25.89, 12.6056, 4.66534, 28.4765, 5.49161, 12.8762, 12.1183, 11.6895, 22.6709, 11.2202 ], 
          [ 12.6833, 10.4434, 26.1469, 22.2696, 29.859, 28.7059, 18.5601, 23.8675, 28.426, 19.5122, 20.3187, 25.7657, 8.09559, 20.3718, 27.3284, 16.2125, 29.4275, 18.4423, 18.5769, 24.4455, 2.60939, 24.5715, 27.3367, 9.59118, 2.559, 13.1383, 6.71475, 5.50375, 26.2688, 1.46356 ], 
          [ 13.6603, 16.8125, 17.9544, 12.5004, 21.8927, 26.2811, 9.71362, 7.64815, 25.7771, 2.40282, 12.8113, 17.3412, 12.6855, 16.6028, 10.3848, 16.5316, 25.9816, 5.09985, 8.65923, 8.93175, 27.6167, 23.5537, 23.8621, 12.2037, 8.96883, 23.5891, 16.7289, 29.3272, 6.16806, 7.98581 ], 
          [ 4.55242, 6.17584, 21.698, 13.1321, 5.55793, 7.07838, 21.7082, 7.25061, 24.8433, 5.89389, 2.6221, 27.0986, 11.8415, 9.28662, 23.4026, 26.9526, 14.7491, 20.6906, 20.6955, 18.435, 13.7434, 8.7904, 1.37817, 14.0224, 24.3814, 2.683, 8.52021, 24.8098, 26.078, 7.55103 ], 
          [ 22.2712, 9.92186, 10.1584, 3.94442, 25.4216, 16.6161, 4.84313, 27.3331, 21.7298, 8.63779, 22.4638, 3.37672, 26.4398, 8.71802, 4.48075, 22.7502, 28.3798, 22.964, 3.43192, 18.8383, 23.6244, 11.224, 20.2564, 12.8547, 12.6253, 17.4813, 10.3404, 17.4094, 19.3634, 3.33204 ], 
          [ 11.825, 10.9786, 9.46443, 5.78609, 18.5022, 8.75724, 6.77403, 13.756, 10.4665, 15.5244, 17.826, 5.71296, 1.47163, 2.89938, 5.59013, 28.0374, 27.7874, 15.408, 25.8689, 28.9201, 18.7925, 11.9235, 3.42906, 26.9724, 17.2698, 25.3058, 21.9362, 25.5196, 19.553, 16.0136 ], 
          [ 26.1252, 5.57497, 20.4275, 7.95961, 12.1398, 17.5263, 4.53808, 29.9506, 22.6633, 11.7269, 24.2934, 25.3573, 26.983, 22.1729, 21.9392, 2.40218, 29.5633, 18.125, 20.1336, 20.196, 27.2551, 17.9246, 4.80849, 11.9739, 11.4206, 4.67269, 3.39738, 10.5831, 25.1975, 28.1365 ], 
          [ 16.089, 15.1136, 29.867, 20.269, 7.70804, 25.5471, 10.5767, 18.7918, 16.4723, 11.6731, 26.6998, 24.945, 27.1981, 1.69562, 7.82292, 26.1028, 24.6146, 16.1489, 15.9966, 8.96601, 19.649, 13.1522, 13.4257, 29.1476, 18.5326, 19.2445, 24.3526, 24.2622, 20.2244, 29.4394 ], 
          [ 16.579, 24.4774, 20.4367, 16.6218, 25.1687, 3.91522, 20.293, 20.3068, 2.32292, 4.84448, 6.11389, 18.5845, 3.94864, 16.3052, 14.0349, 2.69812, 6.84353, 22.3001, 18.7633, 15.5134, 9.92896, 13.9258, 5.4144, 17.5735, 5.48943, 23.7341, 19.3796, 23.6647, 5.50338, 27.074 ], 
          [ 9.55944, 27.9143, 22.9626, 11.3993, 27.1775, 1.56201, 9.2604, 12.1592, 6.68784, 11.8796, 29.7838, 4.24504, 14.9865, 1.81964, 22.7614, 21.8939, 27.2101, 12.4138, 3.85495, 18.9751, 26.9284, 1.60412, 17.2365, 8.40003, 12.2029, 19.5393, 5.89292, 25.9435, 23.0977, 20.4869 ], 
          [ 27.1605, 28.0371, 15.0171, 16.9262, 22.8456, 18.1282, 28.403, 1.06301, 1.71848, 23.1595, 11.7655, 29.5571, 22.9953, 22.9805, 25.893, 11.8468, 21.7214, 11.7075, 21.1842, 25.6452, 18.289, 27.848, 11.5816, 25.7174, 14.0196, 17.9612, 12.3559, 19.4329, 13.1615, 1.06455 ], 
          [ 17.2674, 24.7724, 2.24748, 3.53593, 7.67071, 22.563, 7.82678, 25.4762, 27.1372, 7.39874, 28.4679, 7.10706, 16.9811, 2.41294, 7.93401, 6.91141, 7.63144, 7.70286, 23.1546, 26.2064, 16.6571, 15.8501, 24.1298, 17.4364, 9.13223, 12.5748, 15.9505, 1.91034, 26.1408, 21.7107 ], 
          [ 28.4782, 1.45696, 16.7305, 16.7271, 7.13949, 23.3596, 18.0433, 5.87699, 5.93574, 29.4723, 11.6546, 9.22926, 24.3458, 19.5652, 28.9671, 20.2599, 22.1739, 13.0399, 27.7129, 1.12331, 9.86904, 29.6011, 27.9266, 29.5906, 14.3802, 24.2318, 20.35, 18.0824, 9.69872, 26.3596 ], 
          [ 2.70493, 6.00326, 22.2757, 23.5344, 2.24341, 9.88928, 14.6712, 18.7397, 1.92344, 3.16073, 9.61234, 28.5416, 10.3846, 11.7263, 21.5795, 23.5801, 4.82377, 22.5657, 12.6957, 5.25395, 5.25978, 15.0779, 15.0386, 29.0877, 11.2804, 1.59656, 8.33425, 17.8487, 27.3043, 26.8306 ], 
          [ 26.4409, 24.5696, 5.90638, 6.55236, 16.7438, 3.10266, 28.6637, 12.3384, 10.2963, 28.7851, 10.223, 1.27493, 3.39244, 16.2354, 13.6169, 27.3786, 19.7869, 12.1562, 16.9446, 2.9475, 5.16601, 15.1333, 18.6515, 18.3002, 6.11837, 17.0893, 17.9979, 6.66966, 28.591, 4.00596 ], 
          [ 2.67901, 1.73072, 8.64438, 21.7721, 18.6524, 27.4859, 6.28594, 26.5791, 18.119, 12.3075, 24.1677, 3.15576, 19.9765, 1.7742, 28.3819, 26.3875, 12.1516, 10.9838, 14.9005, 11.8089, 10.9681, 15.9181, 15.9601, 24.8289, 7.95575, 21.9124, 3.01218, 18.7865, 11.35, 5.58317 ], 
          [ 20.0255, 16.0586, 10.462, 22.4517, 23.4583, 29.645, 12.4268, 6.42854, 8.32883, 5.06821, 1.68262, 19.0608, 8.41705, 25.2146, 11.1403, 8.36503, 14.298, 23.0723, 8.99289, 10.1443, 11.0621, 10.6694, 2.20981, 22.1329, 4.82424, 5.84081, 2.97439, 1.65769, 23.2129, 15.1437 ], 
          [ 21.6575, 25.0675, 20.0815, 10.036, 5.37049, 25.8732, 14.4216, 26.7236, 19.1528, 10.1555, 21.4322, 21.822, 6.06927, 12.6313, 11.4397, 21.7082, 12.5212, 1.93212, 8.83073, 25.66, 21.9525, 23.6035, 20.412, 16.065, 4.53597, 20.9536, 4.34692, 3.3937, 26.1235, 26.8429 ], 
          [ 7.48528, 19.5821, 10.6818, 2.55312, 7.90129, 27.077, 9.85928, 1.07538, 29.9587, 20.8415, 16.3529, 8.80793, 26.1506, 6.60767, 3.97602, 27.9341, 25.7754, 23.0974, 11.1284, 7.0841, 28.7712, 21.6017, 24.1141, 24.0222, 24.6677, 12.853, 22.1727, 25.6049, 25.7078, 19.7075 ], 
          [ 28.5033, 17.4893, 20.2608, 22.8195, 3.21459, 29.2063, 4.0855, 11.5972, 24.5953, 22.8545, 10.7952, 13.0275, 2.2695, 5.57842, 3.60963, 6.34263, 17.6814, 24.1567, 16.1959, 4.58959, 8.41586, 23.862, 23.2809, 3.29092, 22.8256, 14.6984, 9.5691, 27.1388, 15.5952, 29.5107 ], 
          [ 20.0951, 4.76852, 1.44484, 8.40715, 1.52294, 6.80937, 7.60074, 20.3987, 1.80886, 23.7356, 22.9513, 14.9894, 2.99295, 1.71722, 24.6699, 21.8745, 19.7929, 18.3702, 4.80476, 19.8705, 18.9992, 20.6239, 26.1347, 2.23575, 18.5595, 7.85481, 17.1028, 15.2812, 27.9521, 14.2564 ], 
          [ 16.4265, 29.3713, 24.7603, 27.0962, 19.9606, 25.5759, 22.9106, 23.8485, 2.89402, 18.7906, 18.0671, 14.1185, 29.7726, 6.51975, 3.34285, 10.4725, 12.3295, 3.52482, 22.8235, 21.7599, 29.0346, 19.6193, 21.0853, 15.2907, 1.49933, 8.33171, 21.4945, 6.62938, 17.4657, 2.1205 ], 
          [ 15.8308, 20.5055, 14.8437, 13.3504, 4.32025, 27.3785, 6.38364, 15.5963, 12.5676, 2.89736, 20.6891, 20.2127, 7.33028, 26.292, 17.577, 21.879, 29.4747, 29.1292, 12.7472, 21.8507, 27.002, 23.432, 17.5253, 28.9135, 26.4285, 22.1099, 5.51422, 20.5762, 29.0992, 18.618 ], 
          [ 20.2169, 14.334, 14.6977, 9.26379, 18.0683, 26.8695, 11.967, 10.9363, 18.9855, 28.1963, 20.3393, 27.6366, 10.104, 12.0718, 3.62482, 12.5565, 28.7537, 1.24269, 26.4604, 24.8956, 15.3601, 28.8097, 21.5848, 3.82447, 12.3487, 23.8045, 13.9613, 7.92981, 1.98869, 29.1208 ], 
          [ 22.7666, 15.2457, 24.1721, 28.1622, 21.7702, 3.09775, 23.9654, 24.1028, 3.42013, 16.6439, 13.9477, 24.0369, 7.97367, 3.74758, 18.7607, 14.1852, 3.87426, 17.298, 3.32971, 12.4401, 24.9438, 24.8531, 24.5625, 4.9657, 13.7358, 8.12238, 1.85807, 13.5187, 5.88562, 1.16525 ], 
          [ 20.3161, 14.3399, 27.6999, 7.20588, 27.5333, 22.1103, 21.5894, 27.6907, 23.1548, 27.8766, 10.6854, 28.8181, 5.77134, 16.7936, 14.0329, 8.30742, 4.56109, 25.3507, 5.86568, 22.8746, 16.0276, 17.5523, 12.1254, 6.05337, 20.1921, 4.33001, 29.721, 1.16628, 3.14169, 16.6782 ], 
          [ 28.1219, 7.68211, 29.8562, 23.4658, 8.57559, 21.9682, 28.8189, 5.10704, 17.7218, 24.7944, 7.1375, 16.392, 10.2557, 16.0103, 22.573, 7.73366, 7.48968, 6.39723, 7.89944, 7.67153, 3.72292, 29.763, 16.8939, 5.80811, 24.1225, 10.3205, 9.63441, 3.29685, 1.46563, 17.8302 ], 
          [ 8.87673, 12.6865, 6.9977, 26.2922, 1.2483, 2.5593, 10.9631, 25.3397, 1.11285, 10.7138, 25.4497, 3.09274, 26.5497, 11.566, 27.8989, 3.87607, 16.6989, 9.30691, 8.4318, 14.8243, 29.3388, 21.4162, 5.86569, 4.42124, 26.4178, 24.1964, 21.9105, 4.94838, 22.1183, 9.94215 ], 
          [ 12.381, 22.3732, 8.30599, 27.1518, 28.9476, 23.3049, 17.1842, 7.79675, 23.1935, 26.7686, 16.0157, 17.7573, 25.9029, 15.3723, 12.3005, 25.7915, 18.4261, 26.3778, 21.3573, 14.1176, 10.7098, 16.0503, 20.2729, 16.5141, 24.9486, 18.2645, 1.86195, 29.1882, 9.45295, 6.30439 ], 
          [ 22.3213, 26.992, 20.7546, 10.8509, 29.3707, 29.6087, 13.5031, 16.7125, 1.61464, 17.162, 19.6137, 27.2488, 2.85558, 18.7413, 13.5254, 28.8101, 28.7808, 8.12326, 2.37763, 23.8295, 10.9922, 25.9996, 3.08429, 8.3248, 15.5582, 6.58308, 18.4999, 23.2745, 25.5423, 18.2984 ], 
          [ 7.09495, 24.1176, 14.3599, 5.29937, 27.5561, 17.1755, 21.9001, 26.841, 22.1798, 7.68941, 23.0191, 3.38051, 8.22248, 2.00068, 25.6138, 15.8102, 25.2451, 14.687, 29.5215, 28.8302, 26.6216, 7.30915, 12.6096, 28.8042, 3.57907, 17.6814, 21.3491, 17.6338, 4.72081, 9.00496 ], 
          [ 12.5775, 1.28291, 27.6695, 2.71037, 6.49818, 6.8888, 24.2904, 15.3664, 27.4165, 8.38839, 2.06017, 14.1156, 19.4442, 12.3028, 16.1412, 15.265, 25.3733, 12.5832, 4.42057, 29.9071, 4.74918, 1.06631, 15.0009, 23.1751, 24.6218, 21.865, 6.69898, 13.9047, 22.0927, 3.82739 ], 
          [ 27.3988, 14.6733, 24.6523, 24.6461, 5.41956, 13.1886, 5.20285, 5.86759, 24.0127, 25.4507, 20.3005, 18.3757, 2.61361, 1.1592, 12.3095, 23.6276, 8.57932, 18.5665, 22.0544, 1.11029, 16.0378, 8.77424, 26.886, 17.1993, 26.659, 4.8149, 23.5242, 20.3098, 15.6387, 7.72126 ], 
          [ 20.399, 29.0211, 9.20478, 15.6483, 27.4901, 24.3752, 22.9731, 20.1632, 9.26561, 4.89139, 13.7553, 18.2348, 26.4786, 27.9422, 21.7819, 13.6932, 7.47845, 7.81472, 14.0985, 22.8556, 15.1967, 20.7518, 27.4452, 25.2988, 13.8136, 14.9782, 23.7248, 8.72335, 4.83588, 15.6207 ], 
          [ 20.8577, 4.45064, 18.7249, 26.3528, 24.0542, 12.6424, 7.37231, 1.49973, 1.67076, 8.55779, 27.2116, 16.5298, 19.9903, 20.9484, 14.2646, 10.3357, 15.4346, 12.0487, 3.41849, 11.3657, 10.2797, 1.79993, 23.4702, 2.82763, 12.0923, 24.2683, 2.31996, 29.3718, 16.7378, 25.5466 ], 
          [ 3.52685, 18.0344, 3.2984, 10.8668, 7.51945, 22.4848, 22.4421, 18.2866, 14.4502, 21.9311, 3.07001, 22.0709, 24.4677, 24.9724, 22.47, 14.7726, 18.1213, 2.70795, 6.78663, 22.6286, 9.80269, 15.2328, 4.58485, 18.3492, 15.5503, 9.0273, 19.2222, 29.5037, 27.0594, 21.999 ], 
          [ 14.9221, 8.84631, 26.7296, 10.495, 14.0702, 13.2372, 10.0896, 21.1025, 27.6811, 5.03335, 7.79747, 9.88247, 26.3202, 29.7209, 1.30405, 22.0168, 11.4123, 24.5413, 11.4457, 9.67485, 27.3456, 1.75922, 7.9404, 29.568, 3.77279, 6.30114, 24.2112, 2.67099, 26.8474, 16.3453 ], 
          [ 23.9126, 11.1283, 21.7845, 16.2851, 1.62595, 7.66089, 10.5511, 8.48871, 5.22379, 12.4269, 19.8119, 10.2112, 28.9769, 9.64185, 15.6471, 17.7373, 18.2656, 18.1808, 5.16819, 28.2162, 20.0878, 9.41849, 26.4487, 15.0912, 18.173, 12.5846, 16.1458, 19.9666, 9.95381, 6.68572 ], 
          [ 3.05404, 7.89894, 12.0056, 29.8355, 7.23366, 11.8761, 17.2742, 23.0504, 11.762, 1.40624, 6.37923, 1.23261, 23.5117, 19.4022, 10.3821, 29.5164, 11.5967, 20.4084, 20.0655, 21.9312, 28.0686, 2.28738, 25.5196, 18.0117, 17.303, 19.8946, 12.1513, 4.93006, 3.45682, 3.5753 ], 
          [ 16.0194, 23.1849, 20.7603, 20.7314, 25.1227, 4.48247, 12.5878, 14.9879, 2.16724, 26.7496, 5.03099, 4.62334, 3.43683, 16.5977, 13.6104, 15.7393, 4.93509, 13.3895, 8.58472, 14.0529, 1.14526, 25.4372, 1.92386, 5.31283, 3.66004, 27.1686, 16.8272, 25.7455, 7.90324, 26.058 ], 
          [ 1.71726, 24.357, 6.52789, 1.80781, 23.9688, 7.78384, 10.0462, 6.96219, 27.38, 15.3475, 8.24744, 5.41703, 18.87, 6.85536, 12.5463, 11.0818, 27.104, 21.6393, 10.8747, 8.05257, 18.5836, 9.56232, 21.453, 6.10424, 29.7052, 18.7585, 3.54169, 15.2471, 12.6223, 29.5723 ], 
          [ 20.788, 7.53895, 25.9859, 2.62474, 28.0322, 25.667, 14.443, 25.9761, 5.64443, 28.0598, 19.279, 20.0255, 18.9714, 9.62428, 12.4324, 5.03301, 18.5697, 27.8291, 27.7618, 8.61744, 8.99964, 19.5794, 22.6088, 16.6494, 25.2514, 19.6068, 12.8815, 22.4566, 9.04824, 4.64749 ], 
          [ 1.58107, 11.7887, 23.0505, 8.18791, 24.822, 23.4556, 6.5095, 20.522, 27.5483, 26.7084, 24.4535, 19.4433, 6.34123, 3.31003, 20.1277, 22.4821, 2.0327, 19.0613, 3.95238, 5.61177, 4.31908, 17.4189, 28.1138, 8.73735, 18.2081, 26.8964, 12.4701, 21.6383, 19.1599, 20.0598 ], 
          [ 9.4008, 18.3071, 2.74722, 15.5344, 29.1059, 18.1714, 27.8354, 13.7701, 26.0658, 11.2366, 22.044, 10.3998, 4.11776, 6.55896, 20.3856, 5.59987, 1.30459, 28.4862, 27.044, 21.452, 29.3403, 19.7818, 17.7603, 2.34265, 1.13203, 21.8828, 4.30769, 27.7373, 29.9786, 2.02962 ], 
          [ 9.75243, 19.0717, 20.0451, 22.5524, 26.517, 2.05123, 13.6135, 20.6439, 22.1367, 26.4157, 10.0803, 28.2592, 29.3037, 21.8385, 3.61167, 4.13344, 17.3579, 26.5161, 28.1785, 10.0023, 6.54491, 2.67533, 22.4764, 5.13355, 3.88245, 18.2015, 16.049, 26.5304, 16.1651, 19.9124 ], 
          [ 19.9483, 26.2387, 9.29478, 11.2701, 15.2786, 12.0821, 18.8266, 11.7835, 7.1232, 20.1812, 21.1531, 22.9462, 6.34211, 7.92632, 9.98353, 11.9146, 5.44613, 19.6914, 22.4195, 21.5169, 3.66375, 11.5774, 29.4017, 25.9193, 5.80978, 7.33409, 14.0256, 4.46183, 22.5535, 17.9388 ], 
          [ 27.3749, 14.2795, 9.58869, 2.71222, 21.7616, 16.9127, 20.57, 14.961, 10.6195, 26.5335, 10.5992, 5.39392, 28.0464, 1.34972, 15.8395, 16.5107, 10.9622, 7.01801, 24.7755, 29.46, 13.0033, 10.3392, 18.1424, 26.0253, 8.97226, 26.4692, 11.7232, 18.7813, 9.16351, 8.78682 ], 
          [ 23.1508, 19.9278, 22.4411, 14.5991, 29.7955, 23.7197, 1.31529, 18.5583, 13.6733, 21.5432, 24.8732, 28.1067, 22.6522, 14.6994, 12.0818, 29.6633, 27.389, 11.9334, 22.1867, 6.27862, 20.7078, 25.6227, 22.5862, 15.8329, 7.11384, 19.598, 26.3614, 7.16955, 16.9091, 19.1376 ], 
          [ 28.0884, 6.63146, 24.0895, 3.45899, 5.70333, 2.95746, 4.2964, 7.28585, 10.1225, 12.9432, 28.6715, 22.0491, 28.0923, 29.2191, 17.6427, 4.68407, 10.207, 28.0302, 29.0247, 19.4203, 2.98898, 24.3205, 2.56123, 15.4269, 22.6593, 1.16822, 11.3947, 5.4086, 24.2884, 14.2499 ], 
          [ 10.8434, 8.72174, 24.647, 25.3042, 10.0866, 24.7687, 11.5748, 11.0126, 9.97027, 5.851, 28.1494, 22.5342, 15.3469, 3.41095, 6.21731, 6.41047, 27.0397, 12.3028, 4.38074, 17.9758, 10.1816, 3.15746, 23.7524, 11.5004, 8.51828, 26.7759, 6.92614, 20.3456, 2.70544, 23.1054 ], 
          [ 9.80643, 4.5394, 23.8691, 4.07, 7.82066, 24.4646, 18.6671, 11.8867, 29.6006, 29.7115, 28.6676, 11.3326, 1.64099, 5.06792, 26.4378, 5.1069, 4.69216, 12.1999, 16.9571, 19.8891, 10.9007, 9.71976, 21.1867, 9.55866, 25.1614, 16.4166, 25.1101, 18.2616, 11.9664, 4.91599 ], 
          [ 10.4031, 21.3916, 14.5193, 27.4559, 23.323, 25.23, 21.4883, 5.57867, 4.22669, 13.4784, 7.65473, 4.75786, 19.334, 15.8175, 15.7781, 4.26982, 13.9704, 19.053, 20.6768, 5.03375, 26.9315, 19.7007, 16.2116, 19.7728, 16.5479, 9.51282, 20.1588, 28.1547, 10.7607, 25.1752 ], 
          [ 25.271, 25.4403, 7.10064, 5.9198, 18.9281, 6.01064, 27.844, 12.5229, 7.71381, 5.36811, 7.63747, 2.09398, 17.9342, 9.11302, 4.17259, 3.71333, 19.3914, 5.06791, 13.3212, 17.4173, 11.255, 17.8779, 7.99414, 19.7854, 8.89745, 11.9666, 23.443, 24.9242, 26.0438, 5.51557 ], 
          [ 4.50693, 21.3913, 21.2493, 22.6777, 10.0733, 9.11103, 23.8065, 15.0578, 29.8254, 21.187, 14.443, 23.6874, 10.0029, 22.4361, 18.7609, 5.28435, 8.20856, 10.1899, 23.2591, 11.2536, 27.92, 14.4297, 6.89659, 27.632, 23.6135, 11.212, 14.8388, 29.4278, 7.89225, 11.8417 ], 
          [ 1.57501, 6.33203, 14.96, 24.3921, 28.6286, 11.1541, 27.0865, 22.0914, 9.75739, 15.2382, 11.9541, 3.55315, 15.2985, 26.5038, 26.06, 4.30057, 1.14305, 4.32232, 25.9904, 27.9025, 28.6451, 3.42585, 12.4999, 25.0728, 20.5274, 7.04157, 8.26236, 19.1419, 28.6514, 20.4444 ], 
          [ 1.38564, 4.11466, 20.5812, 8.1468, 18.4677, 12.0257, 26.9598, 29.5912, 4.72397, 21.664, 22.6585, 26.5889, 13.7939, 7.65964, 14.7875, 11.2773, 21.842, 2.10295, 12.4999, 10.7761, 23.4951, 26.4164, 1.89915, 28.5707, 11.861, 21.9137, 25.9161, 3.72814, 27.7458, 6.37274 ], 
          [ 5.63191, 22.7643, 11.9809, 13.5913, 8.02572, 22.8775, 18.5962, 20.6773, 15.2769, 23.9228, 7.21801, 7.73842, 27.7755, 28.8203, 2.47103, 13.0902, 17.0051, 12.2848, 7.4441, 6.9902, 25.7794, 3.52216, 15.8382, 27.3584, 29.1887, 28.314, 19.131, 13.1642, 6.82439, 14.7588 ], 
          [ 17.7234, 4.62044, 9.91353, 14.5073, 29.8089, 27.413, 6.08793, 7.60533, 15.118, 24.4873, 25.1461, 16.5836, 4.5979, 27.1613, 20.9628, 3.45498, 24.3061, 3.65146, 24.7073, 7.06468, 12.1826, 17.6596, 9.3271, 17.2466, 9.59976, 4.23925, 19.4136, 28.5249, 1.05352, 14.5911 ], 
          [ 8.88032, 14.4563, 17.5207, 3.69739, 8.02071, 8.36916, 20.4762, 5.00951, 15.0266, 9.62181, 19.509, 1.85471, 25.6239, 9.10319, 9.06192, 27.8494, 13.7236, 1.73029, 21.9675, 6.92684, 23.2254, 2.70158, 2.58798, 29.7233, 8.52412, 22.2274, 13.9833, 20.6305, 20.7167, 7.23326 ], 
          [ 21.1524, 24.0778, 8.96831, 3.12596, 7.57283, 7.04217, 23.7661, 10.3833, 14.3714, 24.4637, 10.2969, 6.34885, 1.02981, 15.7568, 18.0324, 14.6082, 11.6312, 19.9512, 27.4819, 13.122, 18.1851, 25.7612, 6.07829, 11.9433, 18.0585, 19.9522, 8.66007, 2.56324, 25.458, 17.7769 ], 
          [ 19.8344, 22.3871, 7.68068, 15.8631, 17.0286, 4.02213, 11.7947, 9.3443, 17.2253, 21.2613, 29.3045, 24.7729, 18.4279, 11.2506, 20.8382, 13.9854, 4.93554, 4.36453, 5.92269, 24.102, 20.1638, 3.76144, 10.2749, 24.8308, 21.7569, 27.3495, 5.12778, 18.4479, 22.1889, 26.6224 ], 
          [ 4.99286, 16.0144, 13.4528, 5.11237, 27.1875, 29.9446, 19.1408, 25.4038, 15.5865, 14.3527, 7.7622, 28.4786, 1.19056, 6.23277, 6.1864, 20.9731, 14.3487, 29.2016, 20.6648, 9.86609, 4.18578, 5.93777, 4.08345, 11.4432, 19.7796, 6.76848, 22.6401, 21.4984, 29.3784, 24.6116 ]
        ]
      ];
r = [
        [50483.5,79517.1,57464.5,73457.4,51037.1,76307,79940.6,55391.3,66744.1,63512.3,80142,65760.2,63914.6,78861.4,72157.3,58448.3,69452.5,63045.8,68700.9,69644.3,69988.9,72078.8,73317.3,74673.9,51110.7,67041.8,63450.2,67863.4,53881.1,69924.9 ], 
        [77648.5,81519.9,73353.3,65462.2,74989.5,79040.2,61027.4,51096.5,59534.5,59977.1,55465.1,69063.7,59230.5,56771.2,76372.8,68825.6,61261,68549,61631.5,53908.8,57856,76153.6,73095.8,57635,73243.2,68787.6,54286,62304,52805.5,64966.9 ]
     ];
d = [
        [1092.7,41790,50412.5,10875.3,75286.5,22085.4,88028.9,41509.6,53533.7,78659.9,60025.4,3152.79,19130,26136.7,29913.7,1868.43,88026.3,13160.5,54964.3,85492.3,52062.9,17814.3,8122.12,15394.4,34243.7,30067.8,69006.1,86751.2,56840.6,1741.16,69496.1,13963.5,44719.4,54688.8,5761.68,35609.1,52906,43427.8,71331.5,50927.6,47753.2,49876.9,68942.4,27998.5,22236.4,8284.16,31225.6,54349.2,14909.8,25040.1,37963.5,18421.3,54792,70716.8,8455.7,20384.6,34393.9,46647.2,46942,30549.2,32237.2,8872.85,74785.6,89285.6,22496,84060.4,11779.3,57120.1,65592,66792.8 ], 
        [19484.2,15529.8,34592,53424.4,16261.4,44966.9,66139,62015.3,73537.3,51004.5,10308.2,82262,35635.7,1566.47,14723.3,50936.9,73493.1,65420,34352.8,57348.3,3300.71,44502.4,22584.7,46749.7,66252.4,88630.9,49263.1,3185.66,70052.8,67460.5,13685.1,71773.7,79414.4,80434.7,48116.8,49884.4,6878.1,55534.6,66141.4,75088.2,27852.9,61296.6,43659,22414.3,84889,48036.1,58311.3,60994.2,23436.1,19383.7,33003.6,61366,21189.1,23807.7,78132,10590.2,19878.2,65837.3,29429,37220.4,79526.1,25151.1,66306.2,78579.8,26258,53642.8,82217.6,41657.1,53440.2,62513.5 ]
     ];
