/***************************************
* STOCHASTIC OPTIMITZATION
* OPL S2FVPP Data Generator
* by Jordi Mateo Fornes
* Model = S2FVPP; Stochastic (2S) MIP 0-1;
* Representation = Compact Representation;
****************************************/
I = 100;
P = 30;
C = 70;
G = 2;
p = [ 0.01, 0.01 ];
pc = 0.02;
ORCHARDS = { 1, 2, 3, 4, 5, 6, 7, 8, 9, 10, 11, 12, 13, 14, 15, 16, 17, 18, 19, 20, 21, 22, 23, 24, 25, 26, 27, 28, 29, 30 };
CUSTOMERS = { c1, c2, c3, c4, c5, c6, c7, c8, c9, c10, c11, c12, c13, c14, c15, c16, c17, c18, c19, c20, c21, c22, c23, c24, c25, c26, c27, c28, c29, c30, c31, c32, c33, c34, c35, c36, c37, c38, c39, c40, c41, c42, c43, c44, c45, c46, c47, c48, c49, c50, c51, c52, c53, c54, c55, c56, c57, c58, c59, c60, c61, c62, c63, c64, c65, c66, c67, c68, c69, c70 };
CGV = [ 12.3627, 25.4853, 10.2329, 20.683, 21.6957, 11.0756, 12.6637, 23.7192, 29.747, 24.3349, 1.6333, 4.32544, 17.4201, 25.5003, 10.542, 10.3069, 6.75382, 6.70016, 11.987, 21.4619, 7.0354, 11.8772, 18.5623, 13.2509, 13.4674, 27.7698, 8.32329, 29.4574, 27.4332, 21.3173 ]; 
s = [ 2.84972, 2.63639, 2.93451, 0.881518, 0.485698, 0.306994, 0.525129, 0.687612, 1.28742, 1.62071, 1.89602, 2.57658, 2.98629, 1.68668, 1.96442, 1.15665, 2.91276, 1.99352, 2.48752, 0.680003, 0.552075, 2.98777, 0.270194, 1.38969, 0.820449, 1.419, 0.795921, 2.74378, 2.73897, 28.9432 ]; 
CSV = [
        [
          [ 28.2026, 13.2619, 6.03079, 1.26968, 3.07183, 14.5076, 10.3052, 8.36455, 29.088, 26.4401, 11.6937, 3.12939, 22.4864, 25.3172, 27.4604, 4.02402, 17.0803, 13.0924, 24.7766, 4.69094, 8.88238, 16.2278, 28.7171, 27.73, 1.99997, 6.62914, 5.87838, 28.4352, 10.3461, 2.84481 ], 
          [ 28.9622, 18.5652, 8.23566, 6.55832, 8.92863, 21.7096, 5.23962, 8.31866, 8.26815, 21.6991, 16.7633, 6.22007, 13.0421, 3.15333, 7.42044, 13.2297, 22.6988, 9.27843, 6.16757, 8.45987, 29.7966, 15.5897, 20.102, 12.5237, 10.8196, 16.6158, 1.84836, 18.5931, 9.33195, 23.4825 ], 
          [ 25.5059, 10.1888, 11.0153, 21.9686, 19.4011, 8.38827, 29.9125, 23.0479, 7.87841, 14.5172, 2.65621, 13.9926, 16.0138, 18.8771, 21.0188, 7.23879, 29.0589, 8.70743, 18.8166, 3.84004, 7.98625, 21.6654, 19.1316, 4.2437, 20.1763, 18.1131, 15.0327, 23.1558, 18.6643, 20.6495 ], 
          [ 11.393, 3.11402, 29.2402, 11.9392, 27.6059, 7.77278, 4.98675, 20.2535, 16.394, 3.06885, 1.26713, 1.5123, 27.9888, 27.1788, 16.9883, 27.3543, 22.4808, 18.0312, 17.3116, 29.3754, 12.4597, 26.5336, 22.3996, 21.0382, 4.17473, 23.9573, 1.28883, 6.11817, 14.7333, 9.24376 ], 
          [ 16.3267, 23.8739, 17.9351, 21.3285, 14.1138, 20.643, 1.54261, 20.0743, 25.5139, 22.4225, 20.3707, 24.8756, 26.7206, 17.0386, 12.2922, 9.15704, 8.73652, 9.15675, 20.259, 10.4881, 2.44428, 6.56908, 3.28343, 9.78037, 14.4483, 23.8311, 17.0869, 8.88364, 3.04683, 11.8677 ], 
          [ 6.90989, 5.10837, 18.6445, 15.6958, 5.76732, 13.0077, 1.16492, 4.39616, 9.01937, 18.4269, 3.83837, 13.4316, 23.0315, 20.4028, 6.25347, 2.26695, 29.3857, 12.0603, 8.69426, 1.18234, 22.1906, 27.5862, 2.53068, 21.3183, 25.5942, 3.84438, 29.1535, 1.85444, 29.6733, 28.213 ], 
          [ 18.1368, 23.3204, 19.1464, 12.2253, 22.1019, 22.0338, 20.7055, 5.18902, 18.7523, 11.8338, 8.33817, 26.8108, 13.0861, 16.1075, 19.2752, 9.08142, 12.0961, 6.13166, 16.899, 27.1846, 11.0345, 27.4035, 17.656, 2.29203, 27.8473, 1.02809, 25.1382, 27.937, 14.6522, 22.6196 ], 
          [ 5.34989, 11.4291, 6.948, 20.2634, 28.3543, 3.04063, 4.23559, 13.7492, 25.9909, 8.42531, 19.7679, 24.4019, 18.4786, 21.7679, 5.55167, 12.9366, 29.2026, 6.76692, 12.4933, 4.05079, 9.99043, 15.5077, 24.0308, 14.399, 17.1839, 13.5797, 16.7092, 6.44274, 13.8933, 25.9258 ], 
          [ 28.1181, 12.4, 8.666, 15.7714, 10.9741, 3.50188, 19.5666, 2.53184, 25.8459, 13.1824, 25.4069, 27.0018, 2.01842, 10.3181, 12.3259, 13.5308, 19.641, 7.05097, 5.94268, 26.6101, 1.18157, 9.84818, 24.1949, 21.4077, 28.1662, 25.1986, 26.6378, 15.9912, 23.2251, 23.7837 ], 
          [ 23.2483, 21.5398, 15.2049, 23.0305, 11.6561, 1.29642, 7.14905, 1.7938, 22.4033, 23.9511, 21.1391, 8.96443, 17.0107, 11.6549, 11.1209, 15.9994, 14.2977, 18.3548, 22.2721, 28.688, 8.91879, 29.3404, 3.1065, 5.53773, 2.48636, 15.3416, 13.0627, 12.5527, 20.0567, 2.48131 ], 
          [ 16.0417, 8.95237, 27.6134, 16.8274, 10.8782, 8.58409, 4.90378, 22.9878, 18.6577, 28.4923, 22.7396, 7.26577, 2.20855, 18.7202, 15.3336, 29.291, 19.1854, 10.243, 8.05123, 18.3866, 22.7418, 19.1348, 16.7459, 1.29086, 7.02324, 16.5198, 2.88005, 25.5392, 3.97568, 18.4794 ], 
          [ 3.35138, 12.6471, 13.2216, 6.1479, 7.33904, 4.97687, 18.6883, 25.0585, 29.119, 6.8873, 15.3674, 25.6565, 21.3103, 9.47061, 16.1043, 14.9873, 24.3205, 27.1125, 15.7665, 27.2184, 18.8791, 16.1597, 21.9059, 6.75194, 9.78942, 4.59899, 3.39012, 4.32814, 7.89701, 19.4845 ], 
          [ 22.6616, 11.0045, 19.0583, 11.2863, 14.6787, 13.9864, 7.18698, 19.9087, 17.0154, 14.5968, 14.8193, 3.45736, 21.8513, 1.09406, 22.8009, 28.8448, 20.9041, 5.55196, 22.2859, 22.0264, 27.1053, 28.2362, 27.3467, 9.01825, 15.4207, 20.2832, 17.6314, 26.5161, 18.8457, 15.511 ], 
          [ 8.44846, 21.531, 5.35455, 19.6878, 17.8891, 27.1718, 10.71, 19.0313, 17.1341, 17.0206, 14.5953, 2.94805, 9.85644, 10.7916, 25.256, 27.8972, 28.5113, 8.18068, 1.78645, 22.3324, 7.88932, 1.14044, 7.9789, 1.7404, 20.0783, 18.7432, 13.0615, 12.9038, 29.0868, 11.804 ], 
          [ 24.3395, 21.4881, 12.5092, 17.81, 4.71831, 3.3179, 26.4113, 22.8216, 22.2048, 5.84971, 6.65154, 29.1867, 29.8674, 11.2449, 18.6322, 3.40268, 4.46835, 21.5451, 17.8279, 3.27868, 3.48289, 16.3371, 24.8634, 12.4662, 2.90981, 12.8889, 19.0849, 26.6022, 9.8797, 7.68056 ], 
          [ 23.2165, 2.1849, 7.32273, 1.85922, 19.417, 9.33926, 9.67117, 2.44224, 21.502, 26.2397, 2.99989, 5.02275, 20.798, 8.83566, 4.95607, 10.4899, 1.02869, 4.3303, 21.5496, 9.62148, 28.5023, 28.828, 7.75924, 8.70212, 29.0435, 26.0886, 8.12523, 16.3094, 22.7568, 13.4584 ], 
          [ 21.6251, 17.6412, 15.7711, 18.8688, 27.0151, 17.0003, 24.1993, 6.63984, 10.1457, 11.5366, 8.10778, 7.54024, 10.5471, 10.2364, 12.5974, 5.76678, 17.9821, 25.4358, 26.5349, 21.1859, 2.63828, 29.6129, 15.8559, 17.9238, 28.7578, 11.5338, 11.5801, 17.5663, 29.5444, 24.6802 ], 
          [ 1.45954, 5.36942, 20.2915, 26.3546, 14.3599, 16.3911, 18.3432, 25.1099, 19.2512, 14.7863, 21.3485, 21.2076, 6.60999, 29.9978, 8.82979, 25.6602, 28.1485, 9.54849, 27.3435, 25.2693, 14.7908, 10.3699, 23.5979, 18.0591, 17.3546, 1.40709, 6.04241, 13.9724, 2.95617, 12.0153 ], 
          [ 26.9374, 2.44372, 10.6871, 29.9833, 6.25691, 23.3936, 12.8295, 21.8037, 22.5402, 8.13681, 15.4474, 12.4885, 24.2295, 6.73365, 17.2604, 15.6374, 7.75479, 29.4563, 16.395, 5.26494, 17.405, 17.1639, 2.0471, 13.9205, 16.2808, 24.3941, 24.4899, 2.68953, 29.3209, 8.72141 ], 
          [ 6.84739, 13.0364, 24.3592, 19.7759, 16.8768, 4.60395, 15.5507, 7.36024, 15.3428, 17.8171, 24.9787, 24.154, 29.7849, 28.0479, 27.613, 24.234, 22.5733, 22.7818, 5.18792, 13.5035, 4.79093, 23.4278, 10.5415, 6.18533, 15.21, 18.0115, 25.01, 23.3388, 20.1801, 6.45089 ], 
          [ 10.7607, 27.7189, 25.0941, 5.18814, 2.96434, 23.4808, 2.09813, 28.6827, 14.9482, 27.0702, 3.77154, 28.2752, 24.3674, 21.0676, 10.0266, 12.5888, 9.70088, 24.2448, 6.55664, 25.9338, 2.00351, 17.2129, 7.97199, 9.69181, 28.37, 29.2332, 12.6859, 8.04144, 11.2371, 25.3846 ], 
          [ 27.4565, 1.05369, 27.842, 19.1001, 15.4013, 21.7698, 5.70734, 15.9247, 9.90174, 2.6681, 23.8806, 20.951, 22.1325, 8.78456, 18.988, 24.2485, 22.0927, 20.5572, 25.4415, 13.1641, 23.0062, 16.9508, 4.5733, 5.31818, 19.2681, 17.03, 4.93399, 6.2711, 6.43337, 28.4224 ], 
          [ 22.7961, 2.88556, 15.4966, 5.45111, 20.5189, 13.3617, 29.7955, 4.80821, 6.40371, 27.1688, 4.71132, 11.9959, 23.3701, 26.4298, 3.95959, 16.9114, 16.4569, 14.2795, 18.9968, 20.2873, 24.7675, 6.58447, 4.49625, 15.4105, 29.4196, 5.78499, 24.0622, 12.6712, 26.0155, 3.07278 ], 
          [ 5.32604, 11.3719, 1.94854, 3.94008, 16.1517, 10.0051, 7.42069, 5.33582, 12.7718, 8.65129, 17.3731, 23.095, 25.838, 1.54754, 26.6822, 27.213, 19.9554, 7.7735, 12.5829, 18.6891, 18.5956, 22.7851, 12.5393, 14.5944, 18.574, 12.4226, 9.75546, 1.90059, 10.0313, 29.2415 ], 
          [ 27.0934, 4.29453, 15.8525, 9.98364, 28.8749, 28.3666, 7.87433, 6.19185, 14.9927, 4.2265, 26.4007, 17.7815, 20.2824, 27.4562, 10.0616, 22.2803, 9.93335, 14.3818, 20.4547, 11.1446, 16.2351, 12.1135, 16.1555, 18.9489, 25.6974, 7.75769, 21.2614, 25.1308, 23.9716, 6.57944 ], 
          [ 16.398, 16.3137, 17.4903, 28.9068, 11.8027, 12.1844, 5.47061, 29.8603, 17.3338, 28.2004, 7.55607, 13.4684, 1.07743, 7.86005, 3.79785, 9.23768, 19.3156, 21.6011, 24.5645, 25.5488, 17.4561, 5.20298, 15.3448, 23.873, 6.789, 21.9174, 22.4899, 17.6599, 10.317, 23.7616 ], 
          [ 16.9631, 13.5146, 12.2444, 6.3782, 17.2631, 1.14583, 14.5717, 26.0834, 3.03752, 1.36206, 5.24875, 25.0445, 29.483, 2.19569, 26.5854, 24.0113, 19.2636, 6.10889, 14.386, 8.54239, 20.0124, 12.5687, 10.5047, 19.2448, 14.8858, 10.9359, 5.55105, 7.83877, 14.0225, 22.6062 ], 
          [ 11.7496, 25.3711, 1.47522, 27.6929, 29.6209, 15.6624, 25.3555, 22.7597, 3.5699, 16.3101, 26.6853, 15.7208, 20.1385, 20.7622, 2.21692, 25.5021, 14.025, 28.364, 7.37342, 4.77813, 26.6312, 6.59982, 1.07347, 14.8975, 27.3517, 18.1761, 28.7416, 24.141, 26.4802, 7.4008 ], 
          [ 23.3912, 24.1889, 20.0669, 9.71189, 9.39039, 26.2413, 14.0131, 2.88017, 12.5823, 2.70632, 13.7886, 3.75664, 22.8091, 13.921, 5.3055, 5.32724, 28.1389, 29.3916, 16.0027, 9.13665, 11.5994, 17.5066, 12.3264, 14.4628, 14.991, 28.5534, 16.1622, 25.2398, 28.6178, 8.25834 ], 
          [ 15.4367, 8.07971, 22.213, 7.08062, 2.18246, 11.9601, 14.8717, 11.0286, 2.04034, 13.6215, 9.90387, 19.1782, 13.7735, 21.3313, 5.09419, 7.49647, 2.40276, 16.41, 2.22923, 9.04115, 21.253, 15.0232, 8.38369, 10.1992, 4.77929, 9.3798, 16.6818, 2.97279, 28.1001, 14.012 ], 
          [ 18.5187, 9.74596, 25.8241, 12.598, 24.1235, 24.3532, 1.73159, 6.85612, 26.3502, 5.47362, 5.58437, 10.8515, 17.2053, 18.3604, 25.23, 20.8279, 12.7429, 8.09034, 4.20311, 18.0189, 21.3109, 29.0811, 27.7293, 18.7674, 17.4642, 18.831, 6.28312, 1.34886, 4.44038, 14.7854 ], 
          [ 29.7581, 14.9063, 29.2008, 9.12419, 18.2257, 21.0904, 3.44351, 15.4162, 18.8955, 10.9362, 2.37348, 25.3513, 7.11435, 4.61126, 4.67223, 7.13634, 26.105, 6.70712, 11.8253, 10.7783, 23.798, 21.2273, 5.19081, 26.0345, 4.14049, 9.80307, 12.3211, 22.7039, 16.106, 7.31952 ], 
          [ 23.1441, 17.1994, 15.0937, 27.6747, 12.0517, 29.9569, 16.1185, 4.92056, 21.5954, 10.7587, 17.6833, 16.3502, 11.5582, 3.13578, 7.4506, 25.1256, 14.6303, 12.1207, 7.16828, 6.68354, 11.2612, 16.5646, 2.50779, 26.8943, 8.02799, 17.1687, 22.186, 19.216, 8.19074, 26.721 ], 
          [ 6.49234, 5.59708, 22.4438, 26.4223, 17.8742, 9.70764, 10.7116, 4.0019, 17.1351, 21.686, 21.0587, 19.2446, 4.12405, 14.7191, 14.7194, 15.8899, 17.0889, 19.4735, 19.4401, 14.7155, 29.9769, 8.70499, 21.6551, 2.20164, 28.8233, 13.9779, 18.4773, 26.7816, 11.7874, 14.1503 ], 
          [ 28.6094, 9.53462, 26.7188, 2.34404, 6.3828, 1.79324, 2.762, 21.2236, 6.35004, 9.31124, 19.0271, 20.7332, 22.9977, 21.8003, 7.85339, 14.6995, 23.288, 19.3031, 4.36282, 27.1207, 15.2884, 27.6473, 15.4852, 8.68459, 20.5927, 27.438, 23.6587, 23.3924, 17.0905, 3.89611 ], 
          [ 23.5904, 7.73997, 9.78416, 13.0515, 19.2916, 18.1246, 12.0796, 20.1537, 17.9507, 6.93213, 21.7064, 15.8373, 19.3819, 2.29385, 23.4081, 29.8144, 4.54142, 13.3304, 23.954, 11.4075, 3.61586, 4.45052, 25.2418, 8.61563, 11.1609, 20.5766, 10.1227, 16.1565, 19.5829, 5.86087 ], 
          [ 10.9037, 5.93201, 13.0554, 11.1564, 4.697, 15.2462, 7.66938, 29.6524, 25.745, 3.67012, 22.1153, 25.3397, 29.6339, 26.1482, 21.1412, 17.3817, 5.78758, 29.5316, 1.25215, 29.8695, 14.7545, 17.8607, 1.99834, 18.6904, 7.3088, 9.34806, 5.87146, 18.7097, 18.8889, 7.76787 ], 
          [ 15.2293, 27.2484, 12.9683, 28.4384, 15.6372, 2.30446, 13.2697, 15.2434, 24.4089, 15.5357, 18.9985, 29.4908, 11.549, 26.0535, 12.5598, 1.26398, 22.9578, 25.7777, 18.4863, 4.59213, 22.5177, 24.7433, 10.1584, 2.65986, 29.0651, 7.12284, 14.5112, 5.51369, 4.64338, 25.4861 ], 
          [ 23.2603, 25.2139, 12.3871, 23.4301, 4.34371, 13.3709, 4.70604, 14.6689, 13.1008, 18.7786, 25.7569, 20.1287, 10.5492, 17.5298, 5.02424, 28.7032, 16.3818, 3.0405, 3.71297, 10.7885, 24.5887, 24.5694, 4.89566, 20.7736, 3.10556, 26.8634, 23.5131, 26.8801, 3.72897, 11.5764 ], 
          [ 21.5822, 27.9909, 8.29971, 2.65472, 1.62782, 12.3823, 23.811, 2.08801, 12.8695, 10.493, 21.4285, 24.4119, 18.244, 13.8662, 11.9204, 3.05476, 15.3137, 2.17092, 11.2092, 3.3856, 25.2746, 28.9437, 21.0295, 11.9243, 28.1071, 14.5661, 29.0773, 18.0861, 2.88606, 25.776 ], 
          [ 20.7574, 19.8157, 4.1072, 24.2505, 24.8882, 25.716, 26.0729, 9.42044, 2.07853, 10.6298, 4.5518, 4.57514, 19.8459, 13.3724, 12.2638, 15.7258, 4.03397, 26.1277, 13.9019, 8.76441, 6.35314, 17.9597, 11.072, 10.1635, 24.489, 23.0664, 21.469, 19.5705, 3.76403, 27.052 ], 
          [ 3.61165, 14.5394, 22.4192, 28.0755, 2.45411, 11.2339, 29.2639, 24.3092, 6.67647, 5.96168, 14.6365, 12.0529, 22.2697, 1.15572, 20.415, 5.23402, 11.1411, 26.8852, 7.12932, 24.2717, 27.0045, 23.7624, 7.09375, 26.9878, 14.9094, 9.93787, 21.7904, 16.6235, 18.9678, 20.9519 ], 
          [ 8.50766, 8.40332, 17.9015, 9.52074, 25.7566, 13.7683, 24.5577, 17.8881, 12.2565, 14.5655, 11.7646, 29.355, 12.6573, 10.8227, 13.2962, 10.8576, 22.9586, 18.16, 24.6998, 4.29482, 23.5037, 4.13045, 6.58679, 8.04864, 19.4478, 28.3024, 14.2789, 8.50689, 3.78077, 16.2469 ], 
          [ 22.5113, 25.7608, 8.52185, 5.68361, 17.534, 27.8906, 21.1556, 8.3565, 8.94383, 8.8251, 14.9177, 1.41692, 22.2971, 25.3968, 13.3895, 4.52337, 10.2368, 2.79226, 13.2038, 4.08502, 24.6336, 29.8797, 16.4877, 9.28272, 4.81555, 10.5968, 15.6656, 19.2745, 5.3606, 24.5802 ], 
          [ 6.49141, 26.0156, 2.11943, 20.8212, 6.71877, 19.3627, 5.17394, 8.48082, 25.9853, 11.0563, 18.276, 13.2701, 20.8772, 21.7333, 22.0591, 29.6358, 27.7045, 17.5111, 28.2268, 17.603, 29.753, 14.4479, 8.5978, 11.0784, 2.79226, 26.6279, 8.90872, 6.28547, 25.8938, 13.2843 ], 
          [ 11.8083, 6.49445, 4.25882, 16.1564, 5.14181, 3.45967, 18.0367, 8.09626, 6.49185, 22.7656, 12.0019, 19.3541, 19.2864, 10.3808, 29.324, 9.40239, 22.054, 19.5434, 7.27489, 1.73109, 26.5392, 22.8013, 18.7575, 4.09701, 13.6788, 4.59179, 5.61533, 12.9879, 7.83643, 17.9433 ], 
          [ 29.7904, 14.9772, 17.4873, 12.4468, 29.2996, 21.4199, 24.1677, 10.0792, 8.17481, 27.6305, 23.5897, 18.9954, 22.2276, 2.83449, 3.26455, 23.728, 14.6995, 5.43511, 9.49657, 7.73833, 11.9084, 11.1474, 27.2194, 14.54, 24.5297, 5.59564, 17.5313, 25.7485, 18.6436, 24.4229 ], 
          [ 28.4389, 28.5474, 21.5289, 24.5711, 28.6717, 17.0327, 12.5988, 3.59975, 15.0774, 17.2208, 6.84771, 10.0548, 17.607, 13.3936, 21.8278, 3.10365, 5.92655, 1.50491, 25.0712, 7.78601, 3.99081, 17.6491, 15.574, 26.2604, 13.8599, 24.0733, 10.6004, 23.3656, 15.1359, 14.0324 ], 
          [ 1.79271, 1.36185, 8.73299, 11.0799, 27.7993, 18.0097, 26.0673, 22.6634, 22.2219, 6.31731, 14.7174, 5.2946, 2.48315, 15.8554, 3.66384, 1.93167, 19.5639, 9.83783, 1.26403, 22.1913, 18.7555, 6.43143, 9.27993, 1.81254, 25.8875, 2.10603, 17.7121, 16.1119, 24.736, 29.604 ], 
          [ 3.93908, 1.15111, 7.93805, 19.5104, 27.4838, 18.6589, 26.0748, 29.2795, 28.8904, 5.01195, 18.5273, 14.2929, 1.10792, 7.87515, 20.4838, 21.2026, 23.9429, 7.99628, 14.3904, 12.4202, 25.2969, 14.6313, 20.1725, 28.147, 16.4989, 9.10529, 20.9917, 11.0055, 21.5058, 2.56576 ], 
          [ 26.2972, 27.4272, 7.41958, 28.2153, 27.1067, 21.5743, 23.6278, 17.8488, 3.6802, 4.51958, 19.4896, 29.7713, 7.40052, 11.7186, 15.581, 4.93857, 1.9783, 4.75927, 23.6522, 19.4868, 15.8542, 11.1343, 3.89541, 26.2687, 7.28929, 11.9848, 25.7738, 10.1038, 19.3498, 23.6973 ], 
          [ 10.9476, 10.2908, 15.511, 3.57067, 9.49883, 29.276, 17.4149, 29.6185, 25.6357, 26.702, 17.4835, 17.2908, 16.9733, 10.1124, 4.69395, 10.5729, 28.9318, 3.12486, 13.5411, 15.0641, 17.3704, 23.7198, 18.9468, 1.73954, 28.5333, 29.0095, 26.3593, 26.9212, 23.4512, 14.8374 ], 
          [ 19.536, 23.6262, 24.5778, 16.8167, 18.4775, 7.95824, 9.25223, 13.755, 19.8103, 12.6367, 3.40822, 8.20734, 17.1722, 13.4047, 5.72249, 3.9881, 5.87217, 28.6491, 27.7861, 14.2277, 19.0272, 7.74637, 15.212, 2.90706, 5.62229, 14.0255, 16.5868, 5.55558, 10.3995, 4.67542 ], 
          [ 10.5533, 16.8299, 15.3306, 28.5876, 26.5426, 3.8479, 21.4254, 4.25345, 19.4652, 8.40454, 7.51271, 10.1822, 28.3007, 13.0329, 15.725, 20.5009, 16.2136, 4.02343, 14.3756, 9.56772, 10.5449, 11.7561, 27.155, 18.8752, 26.961, 14.9805, 1.56285, 11.3021, 11.0894, 5.36336 ], 
          [ 12.9199, 6.58798, 10.1369, 23.2269, 5.42232, 23.5541, 2.32102, 1.65528, 22.3121, 23.2883, 12.0542, 6.22038, 17.1254, 3.51458, 28.7857, 23.771, 6.89894, 10.9421, 6.22891, 21.6986, 14.2746, 2.10819, 8.80454, 25.2554, 19.1608, 10.0881, 8.72772, 12.2108, 5.23312, 7.32127 ], 
          [ 21.5679, 14.9542, 18.8069, 28.9155, 11.5517, 12.1461, 4.54243, 21.3114, 6.47513, 20.2772, 10.7687, 26.8314, 4.13364, 10.6941, 27.1256, 9.41011, 27.9763, 1.51485, 8.40433, 7.137, 24.3492, 29.5602, 3.26878, 3.13242, 25.4869, 27.2678, 21.6002, 22.9672, 20.0417, 4.92281 ], 
          [ 27.4011, 5.70873, 7.21706, 1.01656, 19.7209, 19.2053, 29.85, 15.4508, 4.19695, 20.7266, 8.38019, 25.5411, 18.9307, 26.7829, 14.6097, 6.67654, 13.1618, 28.8665, 15.1148, 12.6601, 4.33231, 3.50774, 11.7677, 15.7763, 4.73291, 16.2905, 21.9404, 13.1229, 16.6428, 7.26835 ], 
          [ 17.0961, 7.71499, 26.9276, 12.19, 9.59159, 23.1191, 9.22817, 7.9907, 25.2702, 27.4245, 7.25784, 19.6245, 5.77555, 7.02221, 16.8284, 10.7964, 25.5055, 16.4724, 10.9465, 9.03268, 2.82675, 16.0677, 14.7716, 9.16781, 25.5907, 9.60214, 15.6722, 25.1942, 7.07431, 1.30405 ], 
          [ 8.73877, 10.13, 19.7445, 14.6502, 19.7288, 11.4297, 25.42, 10.0733, 28.4961, 5.07114, 9.98535, 2.78905, 13.3093, 19.5781, 10.6497, 5.36714, 14.1283, 13.0766, 12.9407, 6.30542, 23.6203, 13.6175, 24.0008, 22.633, 20.6892, 14.6383, 13.1473, 13.2977, 6.81009, 28.5203 ], 
          [ 7.6841, 28.5142, 17.1384, 9.13795, 22.5906, 18.819, 10.0985, 10.0256, 8.4623, 29.8357, 11.6616, 3.27274, 6.44022, 9.37553, 23.6772, 6.30398, 4.55797, 4.03919, 17.8067, 5.07684, 21.1251, 2.0076, 16.4377, 24.1945, 4.66672, 1.00338, 5.23628, 15.3947, 26.6997, 17.8917 ], 
          [ 1.09579, 1.29536, 20.5243, 25.2059, 21.1361, 7.04255, 23.8426, 21.7485, 7.01824, 6.33499, 9.14282, 5.73206, 11.7598, 4.88257, 20.1404, 18.3179, 21.3894, 5.20569, 22.7529, 18.8475, 18.6957, 7.62399, 12.8634, 8.41277, 16.0145, 29.4007, 15.0816, 8.11895, 29.7315, 16.6077 ], 
          [ 25.4991, 21.6673, 10.1513, 2.06207, 29.1114, 1.68896, 10.3044, 27.2255, 15.4155, 12.2972, 28.9868, 27.7254, 19.2388, 13.1476, 13.7986, 16.9208, 26.8411, 20.703, 6.63764, 20.1572, 4.06571, 28.1549, 26.6969, 25.1332, 7.85512, 6.93557, 19.764, 27.2057, 28.1986, 19.453 ], 
          [ 14.8523, 18.2801, 19.822, 15.7798, 12.9635, 25.0838, 23.2046, 7.5199, 21.8601, 9.03025, 28.0538, 27.9913, 1.93087, 25.8009, 4.92017, 9.88374, 26.382, 9.42498, 28.3079, 26.575, 22.3505, 6.47168, 26.8505, 20.917, 2.09014, 25.7011, 7.78773, 16.5798, 5.35975, 2.75512 ], 
          [ 5.02736, 4.78386, 14.6412, 7.12421, 7.06357, 13.6813, 17.7574, 1.21555, 23.33, 6.62045, 19.4074, 29.7557, 16.0711, 8.18915, 29.7669, 13.4044, 10.3623, 20.0624, 6.94433, 17.5772, 7.22766, 29.5684, 17.9692, 20.0546, 9.61906, 14.1774, 3.14888, 16.504, 22.8409, 29.2908 ], 
          [ 17.0416, 29.8616, 20.5452, 14.7433, 11.8096, 10.6021, 6.72784, 7.00873, 18.6787, 9.10422, 9.44372, 19.2851, 24.0961, 1.14529, 29.9721, 21.0931, 7.2039, 8.89516, 7.58234, 1.1384, 13.8113, 24.2557, 27.5066, 21.3379, 13.9359, 6.62496, 6.03485, 6.90441, 2.7846, 12.8641 ], 
          [ 29.9628, 18.6194, 9.03996, 15.1234, 2.10551, 13.3791, 9.7815, 1.01693, 16.4264, 26.1064, 5.48261, 26.0004, 5.67574, 1.27812, 19.4878, 13.0256, 27.1124, 11.8067, 23.9623, 3.48078, 1.12702, 12.3783, 27.0838, 13.5348, 10.1289, 23.9592, 24.5888, 4.26549, 1.26868, 10.3592 ], 
          [ 10.0286, 2.56898, 3.50552, 22.0767, 13.6007, 8.2606, 26.5938, 1.41496, 20.3634, 16.0215, 10.1906, 4.19761, 6.56457, 8.57325, 14.3544, 20.9654, 7.87119, 25.9945, 13.5109, 6.34867, 23.3802, 9.13623, 17.0311, 4.49309, 6.69209, 12.5033, 12.2156, 6.75266, 24.788, 4.79851 ], 
          [ 6.75645, 4.96316, 3.53923, 24.677, 2.74434, 16.619, 25.6891, 10.0102, 27.1797, 14.8671, 21.9082, 10.8486, 9.63741, 7.96556, 24.577, 11.394, 3.24448, 16.5344, 26.3448, 16.6384, 2.28657, 10.139, 20.1804, 17.6191, 12.913, 28.3001, 4.31651, 20.9793, 1.51628, 18.7289 ], 
          [ 3.8148, 28.408, 19.2653, 2.48788, 20.5608, 17.2844, 3.19138, 3.16045, 6.15858, 29.9136, 3.14664, 3.95091, 20.7502, 4.95826, 10.0226, 17.7774, 17.4099, 9.738, 20.8668, 25.1426, 25.9945, 19.8247, 16.4913, 15.5775, 22.669, 14.1589, 17.1277, 11.5528, 6.38471, 26.6807 ], 
          [ 29.7737, 1.50316, 10.6533, 27.9082, 2.83265, 6.8573, 9.20942, 14.3682, 27.3659, 27.9272, 19.693, 19.5096, 6.30752, 29.0194, 2.63205, 3.78497, 20.0257, 9.99437, 6.2885, 3.60815, 12.5619, 26.1498, 22.7971, 12.4441, 15.0434, 3.33082, 20.3142, 8.69227, 20.9977, 12.8053 ]
        ], 
        [
          [ 29.8481, 13.2141, 20.3138, 4.27686, 24.1985, 18.7933, 7.68762, 10.5316, 16.23, 3.99601, 20.4345, 23.001, 26.2534, 6.24706, 18.1999, 1.08969, 8.29577, 20.8738, 6.51763, 13.8624, 9.49722, 25.0809, 7.15571, 15.5786, 15.809, 3.8371, 11.8884, 28.6494, 15.5733, 13.5443 ], 
          [ 26.5031, 28.7537, 13.9011, 8.8482, 20.2993, 19.9351, 29.3302, 18.2591, 27.5386, 8.7492, 2.55325, 26.8065, 10.1899, 3.67179, 13.455, 5.88966, 21.9377, 4.58089, 13.4793, 24.6873, 29.1124, 16.1307, 20.0958, 1.95415, 10.1929, 5.08559, 29.1274, 3.09183, 12.5661, 7.07637 ], 
          [ 22.2038, 27.8457, 3.35286, 12.5957, 11.3544, 22.8497, 25.4049, 13.8002, 20.7983, 8.12736, 12.794, 4.22678, 3.24305, 14.4386, 22.4857, 25.2042, 23.0851, 8.66699, 8.51948, 20.1818, 26.211, 19.7712, 29.5662, 24.4882, 12.882, 20.229, 14.7207, 15.166, 8.67959, 21.7609 ], 
          [ 11.4683, 12.4871, 20.4556, 27.875, 21.668, 21.4659, 11.4509, 26.4785, 7.60088, 11.5585, 3.76198, 12.8389, 23.0265, 1.90386, 13.7749, 18.1918, 7.59324, 10.9667, 11.912, 14.0512, 16.9312, 20.6196, 4.57917, 12.6162, 14.1233, 9.95667, 26.317, 14.2459, 7.9946, 14.7211 ], 
          [ 23.0777, 5.22049, 3.36731, 8.20515, 7.06754, 22.3758, 4.7601, 21.2144, 27.654, 8.0798, 23.376, 8.19955, 19.2527, 13.0004, 2.48924, 12.5035, 18.3962, 11.6464, 26.215, 10.7481, 13.8787, 23.1769, 15.7938, 6.02354, 19.0662, 22.2816, 28.8313, 23.9137, 4.93865, 16.1373 ], 
          [ 11.9164, 9.54332, 29.4306, 2.66187, 19.106, 27.5463, 8.55458, 21.7036, 4.07111, 28.8821, 5.36026, 9.19452, 14.1428, 16.4921, 29.8995, 6.39524, 19.0777, 1.35955, 18.9975, 5.92304, 8.42656, 26.295, 16.0026, 15.3053, 2.78681, 29.6555, 1.51358, 29.1691, 5.02051, 9.16202 ], 
          [ 1.93483, 2.49722, 15.838, 1.25839, 1.0584, 3.20995, 9.07023, 14.2439, 1.03786, 3.35847, 5.7518, 7.27624, 29.0031, 18.845, 28.9582, 29.5995, 8.94678, 10.4811, 7.47911, 15.6585, 16.6356, 13.867, 2.33233, 27.1859, 28.1481, 18.7495, 11.0633, 6.27783, 26.6273, 20.7321 ], 
          [ 9.2571, 7.78599, 16.0043, 17.2524, 20.3458, 24.8148, 27.8771, 8.50315, 22.058, 6.99687, 29.7832, 8.97357, 4.32833, 28.7618, 17.2547, 1.80166, 22.373, 14.148, 20.1139, 11.2201, 22.5821, 22.5953, 2.80852, 15.944, 19.3509, 18.9991, 2.81721, 17.4819, 22.1248, 13.1113 ], 
          [ 13.1114, 17.2826, 6.32514, 27.7538, 10.9872, 29.2244, 17.7057, 19.4717, 19.9748, 11.0794, 1.6165, 24.7155, 10.7395, 5.14897, 19.8393, 29.7406, 8.13822, 19.176, 3.77955, 29.115, 24.0141, 28.5959, 11.0121, 25.6474, 26.8923, 9.52144, 25.25, 28.2491, 10.5216, 5.2285 ], 
          [ 15.7416, 22.8895, 15.0592, 7.20466, 11.0738, 11.8014, 26.7415, 7.39787, 9.39427, 20.2126, 3.37048, 23.036, 2.17869, 6.84627, 19.9472, 20.4611, 16.4925, 27.3806, 18.571, 14.6927, 13.8937, 10.6977, 14.126, 21.134, 18.0249, 12.7954, 7.49723, 18.2323, 21.2905, 21.0191 ], 
          [ 28.0973, 15.0304, 19.2705, 4.60281, 23.3133, 16.4068, 4.75781, 13.706, 20.4007, 29.9558, 13.8125, 3.55626, 11.8682, 7.70042, 10.5432, 9.25555, 15.5328, 11.3045, 10.2321, 14.5091, 9.49182, 13.1014, 8.69873, 9.02993, 13.5699, 20.7813, 8.7766, 4.69328, 28.6756, 21.9035 ], 
          [ 17.0481, 9.32127, 22.0419, 22.0579, 24.9576, 22.9486, 15.1297, 13.3237, 25.8304, 19.1007, 22.7216, 7.76, 27.5099, 15.3314, 6.0344, 6.73806, 29.8705, 6.60994, 11.1824, 16.2658, 16.455, 23.678, 8.1252, 19.4491, 17.7568, 14.9739, 3.65519, 18.4081, 11.1892, 23.7097 ], 
          [ 8.65562, 7.51474, 21.7954, 25.0702, 24.6729, 8.19596, 9.48082, 5.49651, 23.9944, 24.6829, 26.6814, 5.38174, 6.69264, 17.9648, 28.5223, 29.3758, 18.5334, 3.65472, 11.1015, 8.07778, 13.7985, 4.75751, 23.6563, 2.91885, 23.9014, 9.96038, 11.6329, 10.1716, 25.308, 14.4493 ], 
          [ 22.7224, 24.592, 4.50288, 7.63847, 27.5305, 2.5789, 12.7851, 16.9365, 9.89379, 3.08749, 27.7005, 12.6774, 26.6788, 20.4675, 25.8802, 20.4922, 20.3001, 25.6263, 27.9285, 4.7677, 2.82944, 13.3474, 15.3027, 22.5273, 7.07744, 4.74184, 7.72741, 25.0284, 3.47067, 13.7342 ], 
          [ 7.38367, 1.98556, 26.1365, 15.4535, 23.4171, 12.3567, 23.7625, 23.1469, 8.55721, 14.9527, 20.8886, 25.8976, 10.1231, 12.7604, 25.9239, 27.5388, 24.2526, 19.0995, 21.5958, 15.7384, 4.97065, 24.3143, 9.50257, 16.3301, 1.37267, 21.495, 16.6067, 13.8503, 13.973, 26.5935 ], 
          [ 7.31397, 10.9042, 16.3483, 4.65055, 8.38074, 16.9889, 18.0355, 14.5634, 22.7569, 1.14655, 3.14024, 3.58226, 22.197, 15.534, 10.9589, 28.4144, 5.95681, 22.9033, 9.75294, 2.20528, 20.4086, 17.0648, 5.08761, 9.02454, 19.0205, 2.55781, 15.7917, 23.2652, 3.34151, 1.59315 ], 
          [ 12.0147, 23.5124, 22.0507, 29.9142, 22.5004, 13.2219, 27.7929, 24.0102, 8.06308, 20.8776, 24.1276, 21.9959, 16.3022, 8.85723, 17.5049, 23.7689, 10.585, 12.3173, 6.73141, 9.03079, 17.9295, 8.28297, 1.47171, 5.01493, 6.6277, 23.9542, 7.54044, 6.36249, 13.0102, 28.2082 ], 
          [ 25.4956, 24.0831, 14.1359, 25.7835, 4.95405, 21.8197, 25.4706, 26.2304, 18.6376, 17.1919, 14.0013, 29.4091, 5.87407, 9.31358, 6.32321, 13.0809, 26.9278, 24.9421, 11.5683, 10.2873, 6.67536, 1.34793, 7.53943, 13.0402, 1.47548, 15.813, 9.96162, 21.5917, 3.85513, 6.36034 ], 
          [ 4.93573, 3.29423, 10.8064, 1.98964, 8.1226, 13.5515, 1.39032, 27.2888, 4.86283, 8.26697, 24.5339, 12.584, 24.8857, 11.9308, 11.5782, 18.6852, 11.0741, 19.7401, 14.3448, 21.8562, 27.6775, 2.72916, 13.3026, 3.72771, 17.4003, 24.2352, 9.35326, 1.16365, 20.2378, 7.30319 ], 
          [ 7.45417, 26.0491, 10.421, 26.5979, 21.2649, 11.2258, 21.5169, 2.10163, 4.60302, 16.8962, 7.53164, 6.9926, 24.2263, 15.1034, 1.301, 29.2509, 18.0916, 15.8671, 11.7592, 4.01672, 20.6217, 22.7974, 13.025, 3.86417, 10.5247, 1.69664, 25.3781, 24.418, 22.8135, 4.28315 ], 
          [ 17.0449, 18.5174, 26.1373, 18.1311, 6.87928, 22.7365, 24.151, 16.9382, 26.8979, 12.9021, 17.9629, 15.134, 12.6729, 23.7444, 16.8492, 23.7366, 11.8648, 16.2187, 9.88392, 19.1439, 7.70754, 19.8533, 29.2197, 12.8634, 29.5622, 20.7875, 5.93655, 25.9613, 9.25184, 26.9919 ], 
          [ 14.4562, 10.7595, 13.6779, 19.3306, 19.5079, 4.28051, 3.75034, 27.5995, 9.05782, 2.12927, 21.5553, 22.3732, 6.88907, 10.1327, 25.4906, 29.2628, 29.7885, 18.2941, 19.5233, 2.71654, 1.92084, 24.711, 27.1102, 4.08516, 3.75002, 25.7133, 15.6167, 8.16717, 24.8769, 29.5483 ], 
          [ 7.77735, 26.6151, 21.1982, 6.31977, 26.8752, 1.56986, 9.53763, 19.4901, 22.8773, 15.8273, 23.1889, 17.6073, 6.34983, 26.6732, 1.56173, 23.7711, 6.73663, 12.7632, 27.0627, 15.3521, 8.86237, 22.2914, 4.38089, 8.45526, 24.6214, 15.6561, 22.4614, 20.8885, 21.2529, 5.72745 ], 
          [ 16.7937, 20.6888, 26.7267, 3.13932, 3.04814, 15.4211, 1.72948, 15.7428, 8.94289, 4.77392, 29.1363, 22.7431, 27.5406, 1.70759, 6.76523, 14.7944, 25.7907, 5.78235, 17.6511, 20.5966, 15.8557, 27.0969, 7.82878, 20.8839, 26.9972, 15.5633, 14.1871, 9.51277, 25.7478, 18.8027 ], 
          [ 3.45293, 6.32374, 26.333, 25.4289, 13.6244, 18.1612, 15.3388, 27.9588, 9.80378, 19.6352, 25.8954, 11.3315, 10.1438, 14.6604, 20.8624, 7.63471, 28.3123, 1.8502, 6.31799, 10.3563, 17.1195, 21.1606, 28.3269, 4.26163, 23.9918, 14.3157, 2.39082, 15.9809, 29.6471, 29.269 ], 
          [ 21.7594, 10.3558, 28.6491, 18.8769, 4.89571, 29.798, 24.8765, 10.9385, 28.0923, 2.7391, 22.7482, 25.8065, 29.0167, 10.3716, 5.20117, 13.6361, 12.163, 21.5119, 14.3009, 10.8016, 17.4475, 21.8001, 17.6215, 4.36126, 28.5991, 17.0136, 19.1366, 2.00687, 10.2022, 29.7856 ], 
          [ 13.6744, 13.0196, 7.01696, 27.4073, 24.1605, 7.75953, 14.8266, 20.9447, 6.26786, 22.7652, 20.0889, 18.5626, 10.0888, 12.0312, 26.3662, 22.583, 25.5126, 9.40102, 23.9434, 11.8303, 12.4776, 22.3625, 2.67258, 12.8113, 19.2062, 23.1677, 13.3593, 12.6284, 18.4244, 26.1135 ], 
          [ 21.4241, 27.0801, 17.1525, 16.3062, 8.95006, 12.3097, 13.7533, 4.73121, 26.3369, 9.30711, 13.2671, 25.7427, 25.0609, 27.888, 3.06765, 26.7428, 28.6228, 5.75021, 6.64364, 14.3169, 18.3813, 24.5629, 24.9208, 16.3962, 8.70311, 28.7857, 3.9523, 28.6363, 2.4131, 24.4453 ], 
          [ 22.7826, 5.70833, 8.40059, 6.70415, 23.1353, 17.7388, 22.1748, 4.15587, 5.07491, 7.18783, 4.86782, 13.2012, 6.85983, 9.92256, 15.1547, 18.5644, 26.6276, 20.1591, 24.2115, 5.8372, 3.01881, 15.8369, 22.0868, 12.0145, 23.5848, 29.6807, 24.4731, 20.9378, 15.1264, 14.408 ], 
          [ 18.7184, 20.0086, 23.595, 1.24462, 2.97741, 9.10776, 9.41013, 1.5309, 26.7629, 18.693, 17.4192, 2.28463, 27.535, 21.6635, 13.9067, 27.1144, 8.83643, 14.8293, 23.5558, 10.5067, 6.27305, 4.75934, 25.6571, 21.7117, 20.8887, 16.0143, 8.02244, 12.6033, 6.50423, 12.1794 ], 
          [ 5.16201, 12.8388, 3.30025, 25.9488, 9.27309, 26.9365, 27.4724, 3.61589, 2.18265, 8.86408, 9.2668, 6.60683, 18.1551, 6.96475, 7.07977, 3.06357, 24.0309, 10.911, 2.10846, 8.10624, 15.9321, 17.6318, 22.8479, 12.7814, 5.94708, 15.4509, 8.88789, 26.276, 20.8605, 11.5404 ], 
          [ 29.1404, 19.504, 22.6502, 25.8078, 9.89851, 11.7989, 16.7309, 16.8489, 6.07222, 6.7134, 5.80571, 18.6913, 12.9221, 2.10381, 26.0508, 2.85389, 12.3954, 26.4999, 3.88061, 14.8554, 3.28076, 23.8384, 10.6334, 13.6026, 21.6244, 5.99284, 11.7719, 26.2418, 1.73779, 6.40547 ], 
          [ 1.23358, 6.82169, 4.51854, 15.8829, 8.41293, 14.8689, 11.2006, 17.0599, 16.5503, 14.7172, 21.7194, 24.1504, 16.5513, 11.9448, 21.6901, 24.3095, 5.55454, 11.4791, 4.24023, 26.5382, 13.4749, 13.261, 18.5226, 7.04829, 1.29055, 1.83135, 29.8597, 21.079, 26.521, 15.6426 ], 
          [ 22.7396, 29.3831, 16.9515, 8.60705, 8.18072, 7.89345, 2.31474, 27.02, 6.30871, 10.1551, 19.9596, 1.70143, 16.2403, 3.68185, 8.51777, 11.4273, 17.4788, 19.4082, 4.57725, 19.5609, 22.9775, 13.9779, 2.35168, 8.58214, 17.1852, 4.76218, 22.5976, 29.4199, 9.21794, 14.4264 ], 
          [ 13.6343, 8.82687, 20.5824, 16.3429, 15.8154, 5.08294, 16.2764, 21.0107, 13.8222, 10.4399, 8.61881, 23.7139, 16.4712, 19.5102, 16.244, 22.4628, 27.7413, 26.4928, 6.62387, 12.8495, 29.6586, 17.3169, 18.8764, 6.80581, 24.1527, 21.4091, 20.6024, 7.34109, 19.0992, 24.1384 ], 
          [ 27.2801, 25.9811, 17.8341, 24.022, 15.1207, 17.1214, 7.69533, 8.16983, 5.97648, 26.0598, 27.9002, 15.1502, 26.8415, 10.8616, 24.7596, 23.4806, 4.04479, 16.0475, 14.191, 5.42357, 6.08502, 14.8177, 28.9473, 12.7317, 25.6226, 3.17662, 26.2645, 27.7542, 7.70723, 3.5905 ], 
          [ 2.03627, 29.4029, 29.157, 27.829, 18.6329, 28.8326, 2.6192, 7.70951, 6.53869, 26.2304, 24.3971, 19.6851, 25.9807, 19.7035, 15.4354, 24.9101, 9.73044, 15.7338, 2.32461, 27.7388, 11.9119, 21.1769, 21.6636, 15.5787, 19.3152, 15.4176, 4.21694, 13.7713, 1.41653, 4.18087 ], 
          [ 26.7424, 2.5199, 20.1661, 29.189, 23.1661, 25.5611, 19.3878, 4.42198, 28.1483, 5.95239, 25.2141, 19.3334, 21.7598, 21.0189, 10.7596, 8.1044, 9.73389, 3.32015, 26.3867, 5.82083, 27.8134, 9.53044, 23.2067, 29.0538, 27.3266, 20.3442, 12.5071, 21.8244, 2.4914, 27.31 ], 
          [ 11.3996, 26.6299, 9.40643, 17.5503, 12.9739, 2.35016, 6.62334, 18.615, 11.2555, 6.94249, 7.28231, 13.371, 19.7813, 3.42959, 24.059, 8.21641, 29.4493, 5.9592, 19.7782, 2.52098, 28.4284, 22.368, 13.2052, 16.7328, 8.09543, 28.7284, 27.1835, 18.837, 25.8051, 26.0076 ], 
          [ 11.3627, 28.0504, 7.03066, 16.706, 2.38078, 11.3839, 26.6705, 5.33525, 10.1325, 16.3717, 3.31675, 28.1422, 16.9696, 26.3985, 5.09774, 24.7016, 2.77311, 7.07856, 6.47809, 20.391, 20.0332, 9.03579, 1.17536, 17.2377, 18.5611, 22.4204, 27.6945, 15.9077, 16.7088, 18.3298 ], 
          [ 29.9375, 14.3801, 21.0739, 28.8449, 29.7117, 14.3239, 28.5604, 7.69562, 14.0675, 2.03992, 23.7042, 13.0847, 7.08753, 13.6315, 23.9843, 4.81379, 16.6226, 2.15743, 7.80886, 19.2821, 15.7443, 29.8095, 27.2157, 6.87531, 4.39709, 11.8967, 6.66438, 21.9012, 21.7291, 11.7289 ], 
          [ 10.7474, 12.9039, 23.018, 23.0042, 1.53216, 21.7555, 24.256, 13.7825, 28.4602, 29.3837, 7.84494, 29.0624, 15.7433, 21.8022, 9.21831, 19.9604, 8.57104, 26.0088, 12.7652, 17.1037, 6.77552, 2.90576, 9.48126, 3.80863, 11.8513, 6.72135, 28.6368, 24.217, 13.9505, 17.8087 ], 
          [ 27.7518, 2.16538, 7.37949, 3.62342, 19.2838, 14.7178, 21.5874, 7.1829, 13.5183, 6.70545, 5.72616, 14.2681, 19.8717, 28.8482, 29.0811, 13.1114, 21.7222, 7.733, 15.2671, 15.604, 25.9432, 1.41283, 14.4607, 5.13767, 12.666, 11.1668, 23.8486, 5.89048, 25.703, 24.0781 ], 
          [ 7.01996, 17.5887, 14.7168, 20.9426, 1.5944, 8.83153, 7.61633, 28.4271, 12.2785, 26.0315, 6.32989, 21.645, 15.4384, 25.5619, 3.00695, 4.8449, 15.477, 23.2872, 7.17833, 27.5567, 20.6051, 15.9193, 11.5777, 18.4989, 14.4825, 4.01766, 3.47353, 2.61195, 20.4922, 22.0137 ], 
          [ 5.35461, 18.0595, 15.0834, 17.6844, 19.4672, 22.926, 18.8182, 7.83908, 13.5102, 6.17944, 6.01235, 21.5315, 17.1607, 8.23965, 14.7185, 11.9594, 12.959, 7.41613, 10.1022, 29.799, 16.9595, 13.6842, 21.7013, 4.83225, 17.3887, 26.604, 27.1896, 7.45688, 8.08037, 27.5875 ], 
          [ 19.2923, 21.5488, 7.88641, 4.12005, 21.5606, 4.538, 24.3025, 3.56895, 16.4364, 12.7452, 27.0526, 5.19779, 19.9265, 13.481, 21.988, 15.1033, 21.7102, 4.47801, 18.6179, 20.1079, 13.6939, 17.4286, 13.1369, 22.0991, 12.072, 14.069, 8.80035, 26.6365, 9.95396, 12.615 ], 
          [ 3.80623, 13.3589, 7.57261, 23.467, 16.4334, 11.0792, 22.6524, 15.2221, 15.0425, 2.06557, 11.2449, 26.8057, 25.815, 21.6517, 15.6123, 7.66122, 8.64273, 12.3065, 2.30438, 10.5091, 2.42134, 8.86028, 29.762, 12.5407, 1.10512, 29.0043, 6.58117, 7.29867, 1.65308, 24.4223 ], 
          [ 5.81028, 17.1599, 8.65634, 9.68884, 12.3882, 17.7095, 29.4233, 8.57643, 16.789, 5.25535, 23.4457, 3.40763, 15.1022, 22.3317, 27.741, 7.56923, 27.006, 3.18188, 3.93426, 15.3535, 18.1891, 2.48296, 9.88613, 13.5566, 6.53507, 10.815, 11.4252, 20.8635, 15.448, 14.442 ], 
          [ 1.7833, 14.415, 18.1378, 8.79211, 6.45411, 1.1564, 19.5156, 25.6581, 28.2467, 22.4606, 4.03108, 22.3699, 3.18168, 10.4974, 27.7701, 21.8093, 20.1813, 22.034, 28.8211, 16.4364, 21.0747, 6.84514, 3.97038, 23.7578, 4.11024, 6.76187, 14.9016, 10.4563, 14.4117, 29.8847 ], 
          [ 9.0955, 5.65875, 8.39723, 7.90991, 11.261, 11.0697, 12.3398, 2.84238, 25.1539, 25.76, 9.42208, 27.8458, 26.235, 7.18828, 19.6829, 3.26291, 4.85427, 9.7763, 14.4525, 15.9602, 6.09335, 23.1019, 21.5805, 24.9053, 26.9256, 3.85716, 13.1511, 18.0794, 5.29674, 17.4411 ], 
          [ 10.6127, 25.2727, 6.0511, 13.4039, 2.94504, 18.1383, 6.15087, 9.80605, 7.5418, 9.88511, 16.7272, 27.8337, 9.28462, 6.8962, 8.09971, 21.5261, 22.692, 11.3125, 27.4134, 2.76802, 21.6164, 9.51194, 21.2368, 29.5471, 4.13237, 14.0741, 3.34313, 29.3661, 14.4311, 27.99 ], 
          [ 16.9116, 12.8874, 22.3214, 11.037, 14.4004, 6.53587, 29.1284, 3.09621, 19.9963, 25.0951, 4.10851, 3.39953, 7.49585, 5.45306, 1.75226, 25.0132, 17.5645, 6.3289, 18.8692, 27.7611, 19.4538, 20.9101, 4.45886, 26.1435, 23.1624, 2.63808, 4.05175, 14.3237, 25.5331, 9.68069 ], 
          [ 26.0474, 2.62904, 29.623, 4.48247, 4.49502, 13.8719, 19.6637, 4.9192, 20.1892, 21.6654, 10.7813, 16.1874, 15.1288, 18.3178, 12.0837, 1.77693, 28.5083, 1.24952, 18.5099, 1.19017, 1.67672, 4.05831, 21.8763, 14.6788, 28.8557, 8.3737, 25.6069, 1.96178, 18.7668, 28.239 ], 
          [ 19.5364, 27.1445, 20.8647, 27.4234, 20.3618, 15.2175, 28.0731, 16.6402, 18.1505, 28.9661, 13.1915, 21.2163, 22.0801, 15.091, 6.2982, 16.4428, 2.91466, 21.7047, 24.1292, 24.079, 25.5639, 5.13753, 3.54168, 16.0082, 21.432, 11.8568, 23.3909, 19.0569, 17.4394, 27.3158 ], 
          [ 15.645, 1.5801, 4.07438, 25.7222, 29.7897, 2.30639, 17.6981, 7.83424, 9.49143, 20.8709, 7.93426, 6.88348, 2.98271, 7.04439, 26.7351, 13.8411, 15.6405, 10.9558, 20.7684, 15.0244, 6.99028, 10.7016, 3.00273, 14.4603, 26.3013, 10.2089, 5.46978, 6.63918, 7.11433, 9.78658 ], 
          [ 21.9997, 24.6955, 19.5245, 17.8661, 22.9832, 28.827, 14.2709, 27.9485, 1.32486, 19.245, 10.8926, 4.81862, 17.7239, 3.6774, 11.9425, 5.51917, 27.2394, 1.20463, 11.5921, 24.0562, 9.95511, 7.06954, 25.3573, 2.81542, 17.6375, 7.31085, 27.784, 3.86544, 12.0579, 13.24 ], 
          [ 25.4735, 6.58172, 4.63204, 12.115, 20.569, 11.3796, 11.1512, 15.2405, 23.8814, 3.9506, 3.66093, 15.7201, 15.1023, 16.7872, 11.0743, 8.77733, 18.8754, 20.6592, 18.5442, 27.6437, 14.5318, 6.37759, 20.913, 10.7051, 8.28053, 5.73621, 18.6483, 9.84936, 16.9812, 21.798 ], 
          [ 18.1987, 1.83896, 9.59513, 28.8251, 28.2896, 13.1687, 12.0213, 7.54236, 18.4455, 25.0927, 7.22909, 26.0052, 6.30895, 14.6575, 20.8538, 27.9703, 7.21986, 15.9723, 6.41466, 12.3251, 20.821, 1.61589, 9.66529, 11.1737, 13.4987, 16.7309, 15.5136, 23.9356, 5.74278, 16.8734 ], 
          [ 2.71627, 9.83014, 15.6892, 4.24189, 25.1343, 21.2474, 29.8745, 7.65528, 5.90584, 14.0968, 18.314, 12.0345, 25.3672, 6.61762, 5.24819, 27.6005, 20.2085, 15.1667, 17.143, 14.1925, 11.8728, 20.8432, 16.3151, 18.8195, 25.7437, 20.1821, 25.0736, 15.2374, 13.6654, 6.71879 ], 
          [ 29.9547, 3.13173, 5.83186, 12.6614, 23.9198, 27.8054, 9.7838, 28.8076, 5.45676, 11.5633, 8.28595, 18.1893, 3.45831, 19.9361, 12.222, 16.4287, 24.9424, 11.0805, 2.16432, 14.3702, 7.43536, 24.8736, 22.5851, 16.1169, 6.72643, 6.13225, 28.931, 26.988, 22.5922, 8.77343 ], 
          [ 7.31799, 6.68803, 3.23542, 7.47221, 22.8742, 9.00769, 23.3112, 13.154, 7.88339, 11.8476, 9.27042, 8.87023, 9.70874, 26.3763, 27.9448, 8.33892, 22.7764, 23.1364, 6.66139, 21.6567, 18.9744, 29.174, 17.7416, 2.64227, 16.1755, 20.6506, 10.3379, 11.853, 26.6874, 25.2213 ], 
          [ 2.32424, 17.836, 25.0249, 17.4273, 15.5552, 29.1454, 16.2539, 15.1387, 4.42231, 20.6818, 10.2247, 11.6115, 13.7766, 9.57229, 20.0845, 19.0137, 7.39953, 6.59967, 17.4421, 23.5722, 6.79986, 6.14746, 16.1572, 6.47866, 6.57272, 26.6754, 26.8432, 4.12087, 1.61189, 11.1754 ], 
          [ 26.2846, 22.763, 29.0272, 29.5216, 26.673, 9.05654, 27.8426, 11.9285, 13.2103, 1.22787, 8.67791, 11.3382, 10.5753, 12.7, 20.0421, 22.0611, 4.24693, 27.4931, 28.0614, 10.6495, 20.678, 22.2843, 23.5664, 11.0355, 12.7437, 26.8873, 23.066, 25.4239, 5.50518, 24.2678 ], 
          [ 25.7777, 20.7687, 17.4349, 1.5645, 28.6791, 20.2832, 13.0158, 15.0506, 11.2748, 9.03919, 23.0432, 14.8136, 1.12072, 17.7784, 29.2763, 15.0176, 8.03195, 13.6737, 28.5278, 14.3855, 12.1053, 25.4766, 3.02075, 21.3385, 25.2476, 29.56, 22.0513, 2.7263, 10.139, 19.012 ], 
          [ 18.2877, 24.0724, 5.55053, 7.5118, 12.102, 1.79906, 23.3689, 8.46355, 15.0826, 4.99908, 23.213, 9.61547, 28.6284, 28.5867, 19.0788, 26.0749, 13.1876, 17.2473, 2.76938, 25.7387, 8.44598, 20.787, 13.4656, 17.4803, 12.6792, 20.4407, 5.60295, 5.50889, 5.49697, 24.9972 ], 
          [ 29.4904, 20.1295, 6.29252, 16.3686, 17.007, 19.4654, 28.1907, 25.5004, 14.089, 24.8287, 14.8255, 8.87694, 27.0406, 5.30382, 15.9025, 1.265, 28.5149, 5.5409, 17.4179, 26.4267, 12.6813, 21.0674, 12.1855, 28.3263, 11.7807, 3.67203, 13.0089, 14.2942, 13.1823, 2.59629 ], 
          [ 26.4529, 20.4421, 24.4692, 10.352, 11.1652, 19.6074, 23.4775, 24.1495, 4.48725, 3.75752, 11.3859, 5.0862, 6.58593, 22.2985, 7.93606, 10.5525, 13.9363, 3.45568, 8.21363, 11.1172, 16.5889, 8.87374, 18.519, 6.70903, 19.6655, 10.7745, 12.638, 14.9391, 20.7041, 15.4642 ], 
          [ 3.82433, 8.05682, 24.1105, 25.9162, 10.2779, 2.97875, 18.0325, 26.2925, 1.25032, 4.42687, 24.5071, 2.55665, 28.5835, 17.0978, 4.46055, 20.6828, 11.745, 24.8623, 27.7873, 29.1005, 14.0579, 5.6567, 7.19005, 16.2017, 1.18038, 21.8744, 24.5916, 7.27849, 26.8167, 28.6529 ], 
          [ 22.1365, 14.763, 25.1499, 22.5992, 13.6611, 5.09803, 15.623, 27.8772, 15.2997, 16.8063, 10.6598, 13.9901, 16.1924, 20.3905, 12.4553, 7.10526, 14.8289, 10.8662, 4.32125, 8.92954, 24.2041, 11.2591, 4.25735, 6.34618, 26.7584, 18.6822, 9.38814, 20.6624, 14.9008, 24.8813 ], 
          [ 28.3714, 6.38573, 6.73494, 22.8649, 13.8357, 10.9374, 5.39886, 18.9977, 15.5762, 18.3445, 27.6908, 19.4746, 8.10596, 11.8433, 19.0581, 29.7123, 9.53085, 12.5597, 6.38481, 25.4652, 15.7023, 28.3423, 3.26649, 26.2768, 29.343, 14.0633, 13.2066, 16.0779, 10.9712, 9.34815 ]
        ]
      ];
r = [
        [73442,72913.2,58920.1,56615.4,69426,78119.6,74305.9,69260.2,58949.1,81260.1,66629.5,61565,57075.3,79154.4,69556.1,76133.8,78694.3,77995.7,64859.9,66529.8,60244.7,72891.5,56388,63938.2,52308.9,66530.8,54006.2,78957.3,76243.5,51591.8 ], 
        [65885.5,55008.2,81565.8,51322.3,72800.9,53305.9,50282.7,64230.8,53743.4,62852.8,72101.2,70270.3,66078.3,73055.3,59567,68707.7,76720.6,78870.8,70754,61035,80155.3,68194.8,57716.6,52892,72207.1,60129,61782.2,69602.4,70951.9,80872.8 ]
     ];
d = [
        [25876.1,15187.8,61411.4,75131,14550,76673.9,46246.1,26078.7,5539.79,75315.5,88206.1,25102.1,50433.1,81664,40087.6,79470.3,83180.7,8432.44,68873.1,28121,48118.4,87013.5,82481.2,81742.3,14659.5,35038.7,88017.3,17249,57065.5,26103.3,39061.7,6333.09,46371.2,22997.5,33013.7,18093.2,40819,87651.2,72399.7,70234.3,30421,6478.97,24505.4,84377.3,55891.9,4914.82,48621.3,8904.22,84186.2,13623.6,31756.4,47630,58257.5,74355.5,73394.5,70918.4,66383.8,66598.1,29541.9,2383.67,23793.7,14213.8,2058.56,54543,41219.3,78521.6,75978.2,26524.8,86068.8,34236.8 ], 
        [33715.2,77310.4,23126.1,60623.6,76904.6,52961.9,75294.7,61942.3,7572.32,41094.6,8449.75,70957.6,53707.4,57124.3,52571.4,22024.9,64919.8,57702.2,42864.7,50441.9,80810.5,39455.7,21628.6,22261.1,83282.6,78737.5,77164.7,36731.8,83526.9,28811.3,57459.5,20629.9,9371.63,19764,47768,18197.6,23813.1,11280.4,41469,23836,27562.2,53240.5,58073.7,14687,36888.8,44358.4,33558.1,5056.17,20170.6,54776.7,60707.7,80457.1,38949.4,43575.7,71232.9,40389.9,22942.9,21593.7,42560.7,44541.6,10682.3,2681.94,67104.3,63022,28764.3,52868.9,65251.3,40816.7,11419.8,68758.7 ]
     ];
