/***************************************
* STOCHASTIC OPTIMITZATION
* OPL S2FVPP Data Generator
* by Jordi Mateo Fornes
* Model = S2FVPP; Stochastic (2S) MIP 0-1;
* Representation = Compact Representation;
****************************************/
I = 100;
P = 30;
C = 70;
G = 2;
p = [ 0.01, 0.01 ];
pc = 0.02;
ORCHARDS = { 1, 2, 3, 4, 5, 6, 7, 8, 9, 10, 11, 12, 13, 14, 15, 16, 17, 18, 19, 20, 21, 22, 23, 24, 25, 26, 27, 28, 29, 30 };
CUSTOMERS = { c1, c2, c3, c4, c5, c6, c7, c8, c9, c10, c11, c12, c13, c14, c15, c16, c17, c18, c19, c20, c21, c22, c23, c24, c25, c26, c27, c28, c29, c30, c31, c32, c33, c34, c35, c36, c37, c38, c39, c40, c41, c42, c43, c44, c45, c46, c47, c48, c49, c50, c51, c52, c53, c54, c55, c56, c57, c58, c59, c60, c61, c62, c63, c64, c65, c66, c67, c68, c69, c70 };
CGV = [ 12.3627, 25.4853, 10.2329, 20.683, 21.6957, 11.0756, 12.6637, 23.7192, 29.747, 24.3349, 1.6333, 4.32544, 17.4201, 25.5003, 10.542, 10.3069, 6.75382, 6.70016, 11.987, 21.4619, 7.0354, 11.8772, 18.5623, 13.2509, 13.4674, 27.7698, 8.32329, 29.4574, 27.4332, 21.3173 ]; 
s = [ 2.84972, 2.63639, 2.93451, 0.881518, 0.485698, 0.306994, 0.525129, 0.687612, 1.28742, 1.62071, 1.89602, 2.57658, 2.98629, 1.68668, 1.96442, 1.15665, 2.91276, 1.99352, 2.48752, 0.680003, 0.552075, 2.98777, 0.270194, 1.38969, 0.820449, 1.419, 0.795921, 2.74378, 2.73897, 28.9432 ]; 
CSV = [
        [
          [ 11.3937, 1.40362, 10.6608, 23.0897, 25.8511, 23.43, 18.6305, 27.5644, 9.59709, 10.4866, 9.72673, 13.7688, 29.6526, 17.6144, 15.0666, 5.2191, 25.5444, 9.48159, 20.3736, 28.9563, 6.62618, 9.02486, 24.8221, 25.2736, 2.25172, 3.95828, 16.1547, 23.7745, 1.97302, 13.6907 ], 
          [ 24.1193, 8.59172, 5.74781, 3.56564, 10.2189, 19.8431, 12.9439, 18.4801, 21.9232, 4.8447, 2.70496, 26.6329, 10.5418, 9.01864, 10.3572, 19.0497, 7.6919, 10.3135, 26.5558, 18.5394, 26.3963, 9.47038, 25.3889, 6.45723, 21.3594, 21.2757, 25.0201, 5.67237, 4.87243, 5.64263 ], 
          [ 1.3218, 7.25006, 22.6874, 11.8062, 25.8379, 6.69291, 8.4934, 1.56971, 10.7386, 8.09654, 16.3402, 23.8325, 17.117, 12.899, 22.2351, 6.04337, 16.1539, 22.629, 18.9689, 1.614, 10.4821, 2.78171, 21.1143, 20.6333, 24.3539, 7.30208, 23.803, 17.2423, 24.3459, 29.4098 ], 
          [ 29.9941, 18.2178, 1.75563, 26.6596, 1.98225, 6.76711, 1.1331, 29.8984, 6.97137, 25.7732, 28.6039, 20.0045, 10.4426, 16.329, 8.61008, 15.8222, 14.1996, 14.264, 8.23523, 20.7532, 1.70566, 28.4494, 15.9313, 2.96615, 3.67255, 7.86841, 20.8044, 4.72018, 28.1201, 18.5004 ], 
          [ 22.4576, 7.43515, 5.69702, 11.6532, 16.8691, 20.8734, 28.8198, 4.22052, 7.43841, 27.9847, 23.3484, 1.13892, 29.5427, 24.9211, 21.5682, 29.6857, 1.11844, 10.8795, 29.0787, 12.5526, 9.14347, 4.51061, 18.5847, 25.0756, 14.642, 19.6826, 9.86768, 4.79841, 25.9464, 24.0788 ], 
          [ 23.7475, 7.56778, 13.7186, 6.148, 15.2241, 20.3464, 2.3187, 5.65135, 23.5801, 2.42524, 12.6978, 12.9963, 4.73587, 28.1203, 25.5129, 16.6186, 21.0922, 4.94078, 12.3397, 27.1423, 21.352, 5.3522, 16.7504, 19.12, 4.71834, 5.60033, 10.254, 1.86833, 26.1405, 15.9745 ], 
          [ 17.0074, 15.1722, 5.01938, 5.77292, 7.16173, 13.5729, 9.10301, 16.0632, 21.8903, 5.90909, 17.0847, 25.6671, 11.0203, 22.1457, 29.3463, 25.2647, 3.32712, 22.1837, 14.9987, 26.6914, 27.738, 28.887, 17.7585, 4.48939, 5.66418, 29.6987, 4.43316, 14.3654, 9.03465, 23.1431 ], 
          [ 5.59518, 10.3807, 9.01727, 19.3216, 1.28896, 16.3764, 18.0807, 11.3348, 12.6374, 27.3967, 10.0352, 15.4475, 27.1464, 10.6298, 6.40147, 5.00612, 11.0978, 12.3613, 11.024, 15.6551, 13.3618, 11.2297, 18.2133, 28.5523, 25.3346, 25.9206, 27.1063, 26.7338, 27.2089, 9.97263 ], 
          [ 24.3742, 4.93359, 10.07, 5.98786, 9.33693, 11.7577, 19.2467, 9.98223, 22.6217, 18.3437, 6.90276, 10.2656, 7.55774, 18.2776, 3.01863, 1.52273, 13.1357, 12.3408, 7.74994, 8.50633, 1.09606, 7.39982, 17.748, 24.9169, 14.6851, 22.9314, 5.04804, 29.1087, 12.4567, 23.3217 ], 
          [ 5.66253, 20.8681, 17.0309, 12.2863, 29.6452, 26.9823, 7.68241, 28.2354, 20.7401, 13.4026, 29.6516, 11.3715, 20.5776, 28.9125, 9.6344, 3.60437, 18.5997, 6.04492, 10.5688, 29.5202, 9.41961, 25.9679, 26.1572, 5.30638, 12.196, 24.3211, 12.6683, 20.7155, 9.05571, 4.02181 ], 
          [ 6.49209, 23.8716, 15.542, 18.3701, 25.144, 28.2263, 15.3865, 9.04647, 12.4522, 8.04632, 19.6293, 16.2696, 16.066, 18.4634, 12.4506, 17.7943, 17.1144, 7.12665, 1.14623, 17.9385, 20.6163, 7.01873, 11.3184, 25.4702, 20.8533, 23.6672, 7.4058, 6.45568, 24.8734, 16.3283 ], 
          [ 3.55308, 3.58344, 16.7822, 1.57528, 29.7659, 5.44332, 22.5187, 20.661, 20.8824, 12.0869, 13.9362, 16.76, 15.9722, 22.9593, 2.05759, 20.3267, 20.4423, 14.7673, 16.5216, 2.83601, 23.752, 5.99185, 6.47154, 19.8326, 28.5435, 16.6627, 4.74806, 26.914, 27.9043, 21.5198 ], 
          [ 28.8877, 13.4573, 29.3469, 23.7465, 18.4429, 26.7028, 22.2267, 29.5968, 28.5991, 24.5267, 19.7132, 23.0539, 23.9941, 29.9831, 6.59151, 2.59025, 4.89609, 16.0422, 27.3099, 18.5707, 18.9298, 24.0725, 9.17743, 29.7437, 29.0469, 1.33946, 18.9849, 21.707, 10.0301, 21.2576 ], 
          [ 29.1184, 14.0743, 27.6097, 22.7029, 21.5944, 17.1897, 15.6333, 11.9518, 3.47789, 29.9116, 2.55365, 3.92472, 19.2924, 15.274, 2.51261, 5.05274, 17.3365, 16.7623, 18.8642, 5.16084, 4.80409, 19.5453, 15.2512, 22.4299, 16.5001, 5.18641, 18.176, 16.3362, 15.0673, 20.6567 ], 
          [ 20.9545, 27.2198, 22.5378, 11.5795, 22.6522, 8.21418, 5.50777, 21.3723, 29.8374, 10.8773, 29.9397, 3.44684, 19.7287, 11.9603, 9.35184, 2.66572, 16.6805, 15.418, 29.0298, 4.78631, 26.6075, 12.2905, 17.556, 12.2062, 16.1518, 20.8984, 10.7139, 22.3246, 4.55774, 4.73208 ], 
          [ 28.9175, 5.83543, 15.656, 17.7667, 15.299, 1.61543, 5.76507, 17.2551, 6.57451, 8.5001, 20.0455, 9.69372, 29.4628, 22.0887, 24.7271, 8.40062, 22.8289, 27.7485, 15.5344, 27.6899, 14.7385, 21.185, 23.6011, 5.0992, 14.7385, 19.4614, 3.03399, 10.2341, 22.8774, 10.6611 ], 
          [ 4.11398, 7.97578, 19.6027, 14.0304, 19.1995, 28.2699, 6.56132, 10.6999, 26.71, 14.3272, 24.3664, 26.3239, 25.8464, 21.7727, 11.2886, 20.5996, 21.3754, 20.5668, 26.2843, 25.7637, 16.8708, 19.5656, 9.93985, 3.01832, 1.06256, 5.96635, 29.7633, 11.786, 1.59326, 20.2826 ], 
          [ 21.0999, 27.8052, 20.7266, 29.5995, 26.1855, 28.6056, 24.4808, 2.35969, 11.5383, 2.45566, 5.01382, 7.20925, 28.8621, 6.5552, 29.0787, 26.717, 14.5131, 20.1721, 21.2378, 21.0704, 1.01612, 26.6948, 18.4886, 27.2529, 10.7881, 12.3481, 25.4333, 26.6581, 23.293, 27.6337 ], 
          [ 13.0428, 22.7122, 19.6792, 28.7258, 13.3691, 11.4122, 17.674, 7.23985, 5.06627, 23.4475, 12.4942, 20.2723, 24.3415, 6.34915, 1.97893, 19.3305, 9.65248, 6.8286, 4.25167, 4.59919, 6.06367, 13.0552, 20.1888, 7.4391, 19.5115, 16.577, 29.986, 2.18043, 4.52437, 18.9435 ], 
          [ 18.3943, 18.3851, 18.4951, 9.50934, 14.422, 17.9907, 23.5736, 2.91466, 9.8881, 13.8475, 16.6396, 24.8285, 21.1265, 20.727, 4.15314, 27.2011, 25.1851, 21.7107, 29.6421, 16.1621, 1.60737, 21.6405, 19.1861, 17.8391, 6.48681, 20.5882, 13.458, 1.407, 29.828, 20.8761 ], 
          [ 21.267, 9.28704, 6.42633, 13.0897, 15.1859, 28.2612, 7.27047, 16.0399, 25.6717, 12.6231, 14.6675, 8.67647, 29.9229, 9.76237, 27.2273, 18.5548, 23.9052, 29.6123, 24.8925, 1.5971, 17.0561, 10.8069, 18.0594, 17.0246, 6.83675, 17.9396, 8.57014, 11.9445, 15.9793, 5.72873 ], 
          [ 29.5085, 13.5682, 19.3639, 19.5632, 5.3197, 15.6234, 28.4872, 26.0505, 12.3961, 19.8056, 17.0827, 5.00871, 13.2162, 20.1557, 7.33215, 19.106, 16.42, 26.6249, 24.603, 15.2475, 16.3428, 13.3931, 29.4975, 28.9515, 14.4386, 1.46316, 13.8813, 10.7426, 8.78816, 21.7757 ], 
          [ 16.9352, 7.51966, 4.02431, 7.44742, 1.54707, 23.7798, 20.7807, 11.5847, 13.1465, 5.4202, 26.7166, 16.1493, 3.94896, 21.9153, 16.6417, 21.5961, 11.4269, 14.2943, 17.7317, 18.2305, 8.04194, 25.0589, 12.5864, 1.8612, 5.13982, 23.5925, 8.62423, 3.30697, 29.4129, 3.54011 ], 
          [ 14.9067, 5.01901, 11.8188, 14.8302, 16.5614, 6.65468, 22.5261, 11.9288, 12.7986, 29.7749, 18.0887, 29.8261, 19.1429, 1.25326, 10.5778, 17.8827, 28.7527, 14.9754, 10.2005, 6.51385, 23.8709, 18.0734, 29.7918, 24.683, 8.85681, 3.919, 1.6574, 26.6427, 15.359, 21.3393 ], 
          [ 28.3181, 7.07888, 1.2894, 23.8798, 10.5136, 18.5785, 14.3546, 12.2613, 1.52697, 16.2188, 2.25929, 6.16845, 27.9717, 27.3154, 17.7656, 26.1351, 9.83074, 28.7137, 22.319, 5.47516, 23.5119, 27.6547, 26.9184, 29.7664, 28.1544, 24.375, 3.82654, 15.7476, 24.2203, 21.6747 ], 
          [ 18.2788, 29.9249, 19.8342, 25.2862, 23.9641, 22.9525, 3.09469, 9.67262, 13.0036, 25.8564, 17.5675, 3.70589, 10.0293, 11.0423, 7.7759, 27.2154, 3.50228, 27.0654, 10.3385, 29.1257, 26.0634, 25.5134, 4.0957, 20.516, 4.78223, 20.0357, 22.7103, 16.8574, 17.0907, 5.69246 ], 
          [ 26.4826, 17.0947, 27.5535, 2.36872, 25.2016, 20.9268, 11.5175, 22.2748, 3.54907, 18.3716, 4.17531, 15.6364, 9.85768, 9.39733, 12.1721, 29.314, 29.7187, 22.3711, 16.018, 27.6144, 12.8303, 27.5249, 27.6548, 8.84781, 22.3746, 27.9225, 15.3796, 15.3596, 6.09947, 4.31481 ], 
          [ 17.4655, 21.3566, 7.10022, 28.2274, 7.49864, 4.7222, 23.457, 8.90276, 29.6765, 2.46311, 26.0565, 19.8139, 11.7259, 8.81922, 7.93714, 6.53461, 22.3192, 16.2514, 16.1937, 27.1842, 18.2488, 5.40338, 9.48505, 22.5933, 2.11483, 28.944, 2.74499, 6.98725, 2.42508, 25.7508 ], 
          [ 16.6133, 20.611, 3.20644, 23.475, 9.52791, 16.099, 25.8284, 9.25106, 6.87422, 9.92175, 11.0818, 10.933, 15.8723, 25.5655, 21.7734, 27.6034, 21.8445, 13.0506, 21.9162, 16.4401, 12.4523, 24.1856, 20.7075, 22.7631, 20.9627, 7.74939, 6.75872, 11.1163, 4.97844, 21.362 ], 
          [ 2.2846, 17.3966, 15.3812, 10.6255, 12.3491, 19.6573, 23.3314, 23.0574, 23.2801, 24.7156, 3.65373, 18.7717, 14.8168, 28.1864, 10.118, 29.2832, 7.50517, 23.9507, 17.5555, 1.43251, 6.22873, 11.7886, 2.00261, 3.975, 2.2408, 9.77662, 22.6879, 24.2727, 7.22559, 28.6587 ], 
          [ 2.55632, 22.4545, 11.5704, 20.3175, 17.2067, 23.2075, 14.6587, 19.8832, 29.0456, 17.504, 15.4541, 4.45346, 8.18769, 9.21324, 6.30923, 21.6084, 3.80976, 19.6092, 22.4447, 4.12873, 15.8775, 13.8182, 9.07791, 27.5087, 29.7407, 6.24776, 15.8037, 25.7845, 13.0711, 25.0434 ], 
          [ 6.46124, 22.0564, 24.9238, 18.8932, 17.7843, 5.18495, 27.2574, 9.18683, 12.211, 28.8792, 26.1774, 22.5315, 8.06032, 3.67401, 15.7337, 9.99544, 12.868, 8.16135, 23.4791, 13.5152, 2.91478, 2.03585, 20.448, 28.5623, 27.9621, 2.40114, 2.97828, 28.8264, 8.08913, 5.77339 ], 
          [ 12.1605, 10.9516, 29.7288, 2.22541, 27.5461, 21.427, 1.63656, 24.9249, 13.277, 29.8778, 22.6958, 17.631, 10.9844, 22.9556, 29.1325, 8.00979, 29.2545, 2.10383, 5.34494, 6.91765, 25.1951, 5.98554, 3.48671, 13.8263, 6.81257, 23.2979, 24.9196, 16.6757, 23.6894, 11.3562 ], 
          [ 17.6857, 5.6966, 22.6984, 2.80738, 21.3634, 17.9359, 4.15582, 14.6245, 14.6781, 9.765, 13.2555, 12.8785, 11.5839, 19.0207, 12.9621, 22.6805, 2.21134, 27.871, 11.9665, 19.7245, 13.971, 1.87828, 19.3199, 14.5249, 28.937, 14.4111, 26.1922, 29.9234, 26.6077, 12.404 ], 
          [ 2.82242, 13.4391, 1.11494, 1.62566, 10.9092, 2.49624, 16.3425, 13.91, 1.55054, 9.65261, 7.11445, 28.5358, 18.7324, 7.91873, 22.14, 22.0012, 15.6695, 26.0802, 16.1635, 2.19715, 2.5178, 19.3626, 27.9625, 12.4845, 13.5493, 27.5973, 4.8887, 23.6512, 23.6299, 2.74898 ], 
          [ 26.9187, 28.1701, 4.73253, 13.6341, 21.4371, 28.9488, 10.689, 4.40924, 26.7352, 5.95892, 15.7248, 8.67603, 21.2656, 14.4631, 10.841, 22.4697, 20.9392, 7.44118, 1.31279, 18.7568, 9.86419, 22.4481, 16.8306, 1.76737, 10.4114, 18.4742, 2.13902, 8.61942, 27.2749, 17.5669 ], 
          [ 1.40401, 12.4001, 28.4031, 17.1515, 17.0167, 9.1757, 18.0618, 24.6874, 2.29783, 13.0396, 20.1516, 26.5254, 16.7645, 28.8282, 19.8609, 29.6818, 24.8095, 24.8059, 5.79194, 7.9319, 12.7546, 26.5717, 16.6719, 11.1678, 16.4552, 25.1831, 17.5208, 13.9003, 11.9618, 15.0191 ], 
          [ 29.3504, 29.6186, 6.72335, 18.2042, 29.2874, 4.45581, 11.9968, 15.6046, 1.92942, 4.19401, 10.9325, 27.1352, 9.08902, 25.8707, 10.5026, 6.10575, 29.4569, 27.5698, 22.9111, 6.49398, 20.4394, 1.06706, 4.25435, 1.81354, 24.3497, 26.2394, 3.69363, 29.7198, 18.3632, 7.23965 ], 
          [ 16.1443, 2.3558, 8.53721, 22.1149, 29.0125, 20.3245, 10.6759, 2.975, 14.7829, 28.2639, 10.6326, 17.2496, 15.7299, 18.3511, 10.3347, 18.9527, 10.8365, 9.03939, 21.7107, 19.1308, 10.5007, 9.93613, 7.2011, 11.3142, 1.71585, 26.1412, 27.2147, 16.8987, 4.43645, 6.27694 ], 
          [ 6.65192, 19.6991, 8.27728, 19.2966, 1.0676, 17.5265, 23.9922, 22.5003, 24.9233, 25.6357, 7.60361, 16.0892, 4.30309, 20.7378, 22.5041, 23.3758, 3.92851, 27.8225, 2.23024, 29.8013, 25.8133, 14.9129, 5.53, 13.8734, 2.95231, 29.8806, 13.5393, 28.1956, 13.917, 26.7449 ], 
          [ 26.5134, 7.81441, 27.3446, 15.754, 21.247, 8.69392, 8.08463, 27.4301, 27.2368, 3.30365, 22.994, 7.69033, 28.5017, 2.64609, 28.0513, 19.1809, 15.4021, 19.1351, 24.5531, 10.8179, 24.3244, 5.966, 15.2494, 27.0596, 23.2365, 25.5387, 5.01942, 3.42432, 27.4876, 8.5443 ], 
          [ 3.3122, 8.65023, 25.3263, 9.66436, 15.0084, 27.6731, 18.494, 5.22308, 19.1366, 16.661, 25.5624, 22.2962, 16.457, 19.151, 19.2302, 27.7889, 1.45801, 19.2387, 5.62537, 14.9695, 16.9462, 6.37686, 21.9893, 13.925, 8.03905, 15.889, 5.86212, 27.766, 22.1364, 10.4957 ], 
          [ 4.75972, 18.9862, 25.9362, 7.73678, 4.53292, 2.9469, 24.9207, 5.62825, 29.6876, 11.3771, 15.4211, 27.0863, 27.8734, 18.6868, 27.1057, 5.95862, 16.2925, 24.5091, 22.444, 5.73927, 3.06926, 13.3263, 21.3782, 14.3984, 1.09505, 23.5864, 10.7622, 1.6756, 11.1505, 26.2483 ], 
          [ 3.22328, 4.92381, 20.2145, 26.1615, 1.10142, 28.2032, 19.6143, 11.0511, 9.72118, 20.5111, 4.17068, 28.5063, 24.4259, 1.74987, 15.7321, 2.13645, 6.47566, 26.5905, 11.0201, 13.1529, 12.2641, 20.0052, 9.13047, 19.0188, 18.3891, 27.5417, 16.6275, 16.536, 26.0249, 2.40593 ], 
          [ 23.9037, 6.82153, 21.5222, 24.5034, 2.75881, 27.3154, 20.1741, 18.8417, 14.2643, 10.7773, 22.4038, 16.8403, 16.5669, 13.634, 29.127, 24.1693, 19.6002, 23.9292, 11.0484, 14.8908, 15.6279, 10.9879, 17.1379, 29.5813, 14.2651, 17.5807, 7.34098, 28.9418, 23.2977, 11.694 ], 
          [ 28.3459, 3.98316, 20.9073, 12.7536, 19.7954, 22.7973, 2.9182, 2.27069, 15.0591, 26.3139, 8.89312, 26.3299, 8.39554, 13.3806, 5.51719, 22.5796, 28.1498, 11.0109, 29.4293, 24.4191, 6.26325, 10.1422, 1.82379, 29.0502, 2.64376, 24.126, 15.7643, 28.1293, 10.9672, 21.4157 ], 
          [ 24.0828, 25.2456, 9.38054, 8.81275, 5.04472, 2.83584, 4.61543, 13.415, 26.1604, 18.1614, 27.0123, 21.153, 21.7387, 2.24186, 25.9557, 6.92519, 5.75778, 18.3726, 13.5216, 15.8104, 4.90043, 8.11877, 3.36391, 18.6984, 2.1169, 23.0962, 28.1784, 23.0544, 25.5756, 21.7439 ], 
          [ 22.6895, 7.66657, 3.78717, 12.1206, 20.2504, 3.23057, 15.5322, 19.414, 15.8767, 5.19962, 14.8523, 13.3216, 15.4935, 5.02146, 9.45394, 2.82166, 28.2624, 7.3439, 5.75529, 22.0229, 6.47295, 10.4093, 27.4162, 13.1381, 3.36084, 9.2634, 8.37229, 12.1427, 10.2839, 13.1925 ], 
          [ 27.5037, 19.5504, 14.298, 24.2262, 11.8593, 19.2871, 5.43007, 28.7707, 3.88915, 15.9414, 12.5516, 17.494, 27.763, 9.57719, 2.80233, 26.7952, 22.3163, 18.44, 14.4494, 4.49495, 17.2338, 25.8752, 14.0058, 13.8385, 20.5164, 29.8173, 22.2622, 26.4724, 7.58628, 5.98835 ], 
          [ 9.9968, 23.7023, 9.50725, 13.8553, 24.4408, 29.161, 1.90371, 23.8851, 16.1302, 19.2853, 1.84179, 10.1135, 13.1577, 6.69962, 20.2671, 9.95175, 17.013, 26.3835, 27.2817, 6.65358, 6.34245, 14.0653, 27.3498, 29.7917, 19.4677, 2.17426, 25.4233, 24.0561, 10.7025, 4.0004 ], 
          [ 24.7504, 9.90979, 16.8812, 13.5709, 18.6538, 20.5318, 24.4841, 23.6995, 7.94112, 11.8427, 23.8066, 13.7316, 16.9413, 28.144, 3.18313, 6.22851, 6.70658, 29.5689, 16.2496, 3.22266, 12.8419, 5.75016, 20.29, 1.35214, 7.60433, 3.19629, 19.8015, 13.5398, 11.616, 23.1509 ], 
          [ 3.19717, 10.8122, 19.3017, 27.5686, 6.9859, 9.15697, 25.3411, 11.9218, 19.1697, 5.58721, 29.2181, 26.7181, 18.4311, 29.7046, 9.14124, 8.24368, 5.69992, 9.89824, 15.6115, 28.1642, 9.65478, 19.5423, 6.34881, 14.4847, 11.683, 10.6933, 17.1317, 14.6929, 22.882, 14.1536 ], 
          [ 15.4218, 26.4945, 7.43164, 24.0071, 24.3732, 19.6941, 16.8125, 29.362, 5.0879, 29.1627, 28.1237, 17.5796, 16.0298, 2.4308, 13.514, 26.6224, 5.59791, 9.44392, 14.148, 26.9512, 8.90958, 12.9882, 23.8571, 10.2377, 25.2115, 11.6723, 24.4712, 19.5321, 6.92428, 13.3817 ], 
          [ 23.9578, 11.3959, 11.4068, 1.12968, 12.0973, 11.4241, 13.3369, 9.18867, 25.4487, 28.4144, 11.1475, 21.2821, 3.81658, 27.8795, 5.70008, 28.4252, 1.13261, 3.81633, 29.651, 25.5934, 4.41712, 10.504, 12.8724, 15.1879, 22.0161, 25.0209, 1.28504, 10.2211, 17.2748, 25.12 ], 
          [ 15.3409, 29.7402, 3.83892, 19.402, 1.42013, 3.53682, 17.3462, 3.72118, 23.1657, 25.7268, 13.9116, 28.8146, 20.9871, 22.0812, 6.0493, 28.1075, 18.3049, 9.40314, 13.6506, 8.64341, 11.261, 19.187, 21.7597, 27.778, 27.9114, 12.2505, 21.3782, 21.0452, 21.2618, 14.237 ], 
          [ 10.7873, 12.7149, 19.2098, 3.41616, 4.31625, 21.9144, 18.5161, 7.52688, 2.05585, 1.14175, 27.345, 28.4128, 7.32992, 24.0284, 11.1304, 6.56312, 15.286, 3.85345, 3.61219, 18.212, 6.9138, 26.6582, 6.35639, 28.4308, 12.4854, 15.9938, 3.42298, 6.15664, 27.002, 29.9627 ], 
          [ 11.6669, 27.9115, 29.8712, 8.13448, 5.36439, 14.3095, 26.3487, 23.7971, 17.7911, 24.6777, 23.79, 12.7683, 19.7812, 10.5407, 3.3263, 23.4776, 15.8038, 1.0572, 2.67381, 29.4268, 15.8953, 28.6049, 14.4162, 27.1849, 5.49831, 24.4031, 29.985, 25.9608, 19.4116, 22.4291 ], 
          [ 29.8882, 26.8911, 2.99355, 20.0631, 5.61592, 25.6296, 14.6956, 5.16, 21.8353, 29.1194, 19.3247, 3.82502, 1.22644, 16.6099, 14.9487, 2.54006, 15.3908, 20.9217, 1.09133, 7.23474, 21.5091, 26.3186, 29.0329, 16.2116, 26.1121, 19.5805, 11.9488, 18.4918, 22.3603, 16.398 ], 
          [ 2.66732, 1.4551, 10.6838, 4.16936, 17.3037, 8.32703, 26.9475, 22.9686, 28.9556, 25.3801, 25.5798, 26.9541, 23.6568, 29.3492, 21.2972, 14.098, 25.5668, 7.71607, 18.5055, 23.8939, 20.8468, 21.828, 19.5995, 11.7465, 23.0773, 22.5142, 17.2031, 29.7172, 11.7345, 17.5798 ], 
          [ 2.37723, 3.59686, 26.714, 22.4067, 6.10088, 11.8934, 26.7862, 18.5647, 10.4133, 28.6921, 3.73932, 19.8839, 25.5409, 26.8999, 1.79376, 20.1463, 3.99841, 23.331, 18.8289, 3.96367, 23.3018, 26.7669, 23.1501, 19.548, 3.87298, 17.7706, 7.59747, 14.1858, 22.5331, 13.5907 ], 
          [ 25.0698, 1.74419, 8.75444, 22.7079, 16.8484, 27.5351, 7.72417, 6.20244, 29.3747, 27.8926, 10.8183, 2.18825, 13.8269, 3.63162, 15.4655, 1.78508, 12.1884, 5.8955, 21.103, 8.96501, 4.96588, 11.058, 18.4642, 5.53325, 6.19866, 2.89007, 1.56976, 3.95037, 27.0146, 23.7982 ], 
          [ 13.4249, 12.9852, 3.62789, 2.0013, 18.8042, 16.5734, 20.5524, 2.91318, 25.2533, 10.3244, 20.7782, 14.9475, 12.6413, 21.2727, 10.6312, 21.2255, 16.1244, 2.07476, 11.9559, 28.6338, 2.59171, 25.9587, 14.2192, 5.5748, 23.1706, 8.86288, 8.63994, 22.8283, 9.39267, 22.7496 ], 
          [ 19.2007, 9.29031, 11.4499, 13.7703, 1.21531, 7.42915, 11.3912, 22.7961, 14.6061, 23.4308, 1.7062, 16.7629, 18.2486, 19.0015, 22.4989, 10.7588, 22.7671, 15.9564, 21.8968, 9.90008, 24.2436, 28.0725, 20.7882, 22.3666, 10.6451, 24.7731, 21.0507, 5.19755, 12.6527, 3.33968 ], 
          [ 7.62979, 23.9316, 13.5875, 21.3907, 10.4527, 2.62324, 10.1447, 27.2188, 23.6665, 27.7518, 7.50131, 24.7134, 6.73555, 11.3037, 11.4307, 26.5529, 27.4799, 16.4189, 25.5436, 6.56265, 15.6086, 27.3437, 6.40062, 24.6881, 19.2676, 8.90777, 7.19281, 15.4409, 16.3689, 20.5614 ], 
          [ 5.0673, 21.5768, 26.6034, 7.80051, 22.4571, 15.0649, 13.1899, 1.22864, 3.64558, 4.90229, 2.57564, 1.47766, 12.6296, 16.8695, 13.0232, 8.28791, 29.6872, 16.7889, 7.73004, 11.9837, 4.82305, 28.0208, 19.7046, 25.3143, 10.8835, 10.9096, 8.8566, 2.33403, 13.5517, 23.3183 ], 
          [ 23.7904, 11.7316, 2.22128, 9.78803, 7.88456, 4.43251, 6.71299, 26.6065, 28.6938, 23.5693, 24.7657, 2.52721, 13.1122, 25.1047, 16.0123, 15.6837, 27.2858, 27.9096, 17.7991, 21.4769, 27.8843, 28.2184, 4.49728, 9.08021, 18.4434, 25.3315, 25.4701, 7.7775, 9.91894, 29.7118 ], 
          [ 29.1886, 16.1208, 9.43002, 10.1777, 21.4518, 22.7261, 17.89, 2.73191, 16.5732, 16.2161, 29.2379, 14.3079, 10.6545, 3.22898, 18.2606, 26.3532, 27.6931, 19.5807, 13.5954, 17.8025, 18.7028, 20.9855, 24.805, 28.3622, 6.96016, 14.8497, 23.3881, 3.73379, 29.579, 17.5763 ], 
          [ 17.7091, 5.90953, 10.383, 9.78914, 15.8593, 4.1549, 18.0057, 8.17696, 17.4584, 2.05414, 13.3952, 4.47061, 2.69434, 11.8382, 27.1415, 17.2746, 13.0946, 2.03132, 6.69026, 17.5221, 12.9687, 17.806, 18.4333, 9.141, 8.00945, 9.78208, 13.049, 16.2298, 8.66411, 15.8526 ], 
          [ 15.6625, 10.0717, 5.66626, 25.932, 10.7616, 8.18305, 20.4657, 14.4967, 6.01428, 1.54555, 14.7008, 15.6906, 23.8893, 4.4646, 18.6684, 19.1785, 1.05094, 15.9798, 26.2526, 7.28336, 3.06473, 10.9116, 5.26672, 3.30643, 24.2335, 11.4775, 28.2596, 28.1656, 3.71851, 19.9043 ], 
          [ 11.491, 10.0016, 16.4142, 18.2021, 19.8114, 1.57388, 28.3551, 2.72379, 11.6529, 2.66195, 10.6949, 12.8712, 7.2956, 12.7625, 13.0212, 28.6975, 17.3063, 18.2053, 25.8338, 3.3269, 9.7446, 28.3686, 28.5082, 24.6922, 3.55064, 16.3135, 1.9107, 4.69045, 15.2974, 23.2354 ]
        ], 
        [
          [ 12.9383, 10.9927, 8.8266, 28.8999, 11.4292, 25.3098, 21.1518, 14.4896, 6.60035, 10.9746, 3.61205, 8.48809, 16.5383, 24.3166, 12.1932, 24.5839, 2.82296, 5.05827, 25.6512, 5.49992, 3.07528, 29.8947, 14.9334, 15.5969, 15.7304, 11.7238, 3.95434, 2.89452, 26.5, 27.074 ], 
          [ 26.6221, 6.98115, 19.9068, 25.2454, 4.39376, 25.1404, 2.69708, 4.43605, 20.3757, 26.0813, 15.2545, 14.4776, 5.82005, 2.86329, 9.5314, 9.15739, 29.9271, 20.5662, 3.46886, 7.89348, 11.3999, 17.4098, 15.5954, 23.8801, 12.9196, 28.5264, 28.3683, 11.7056, 15.3244, 19.5702 ], 
          [ 21.0515, 29.0891, 27.5467, 22.624, 13.0069, 25.2856, 29.3876, 25.2726, 15.3394, 4.91383, 7.1411, 26.2647, 4.73344, 9.65324, 3.72126, 21.3306, 21.7609, 2.35767, 29.2073, 29.9303, 29.3499, 2.63022, 1.63815, 26.6915, 7.15199, 1.01589, 29.368, 23.5205, 19.6139, 29.2719 ], 
          [ 1.58558, 10.631, 2.75017, 29.9695, 14.7065, 23.4331, 12.1675, 12.5335, 5.28984, 23.3215, 20.8481, 4.74634, 27.9405, 7.12638, 12.5526, 22.2447, 11.1489, 6.51738, 16.1428, 20.4724, 19.5837, 4.8745, 27.2327, 19.7808, 10.8117, 27.4503, 8.98207, 19.8064, 23.8262, 5.91329 ], 
          [ 25.9127, 21.6138, 12.7204, 3.52376, 28.4235, 15.029, 9.21269, 22.1178, 20.7261, 11.3389, 22.1621, 5.49418, 19.651, 5.31956, 2.3117, 20.6486, 28.8941, 28.0012, 29.6947, 1.37297, 5.57821, 1.43502, 5.85871, 19.1663, 14.004, 27.9987, 24.6518, 13.4051, 20.9421, 27.1178 ], 
          [ 29.0722, 9.55946, 18.4708, 29.6587, 22.4206, 13.1601, 26.6127, 23.0079, 26.0926, 9.14975, 2.76912, 14.3128, 19.3534, 26.6619, 27.2783, 12.5819, 4.70628, 27.6922, 13.8966, 11.3821, 25.6775, 14.8674, 16.4328, 5.46707, 18.178, 11.7801, 4.24223, 11.6007, 5.89239, 16.0777 ], 
          [ 10.112, 25.3233, 24.1439, 23.4852, 12.7679, 15.0891, 16.71, 3.10861, 6.13444, 2.55258, 23.9567, 16.71, 9.39164, 25.1745, 12.7408, 1.97999, 7.57276, 21.621, 16.0425, 26.9845, 8.62658, 5.79075, 7.50644, 2.92382, 19.1055, 19.112, 9.05302, 9.69493, 23.4783, 19.4293 ], 
          [ 28.8117, 16.9363, 19.6918, 28.2655, 18.2141, 13.0242, 23.2885, 2.75425, 4.69922, 14.582, 6.09661, 16.3996, 16.1144, 13.9092, 17.1403, 22.9037, 23.2989, 5.96172, 14.4143, 29.8414, 14.6986, 18.5365, 22.3309, 10.616, 9.90714, 26.1821, 8.37528, 27.9631, 8.21499, 14.0955 ], 
          [ 24.4953, 4.01544, 18.615, 24.9009, 9.39147, 28.6987, 17.1313, 19.2328, 7.56859, 25.8842, 14.8954, 8.483, 7.77036, 18.5986, 24.8431, 26.41, 5.62181, 11.35, 5.99224, 8.71977, 16.228, 9.35484, 27.5967, 26.8913, 6.84639, 24.5466, 8.28914, 21.7523, 26.7246, 5.41468 ], 
          [ 28.2029, 10.0436, 20.602, 7.61832, 26.022, 7.21981, 27.8651, 24.3665, 21.4806, 4.95686, 5.86038, 29.4883, 27.9231, 12.6377, 2.73766, 26.3368, 1.3567, 15.6525, 12.9371, 17.4861, 2.5679, 14.3262, 20.2408, 2.04487, 10.0698, 22.3619, 16.2241, 20.9762, 28.9273, 6.58498 ], 
          [ 12.3617, 10.7976, 23.5124, 21.7577, 9.24513, 13.9836, 10.9114, 18.6626, 28.7863, 14.2962, 12.6014, 5.07855, 9.29975, 23.6675, 25.9873, 6.79692, 28.1601, 19.888, 22.0887, 9.05052, 26.2505, 18.3327, 1.43505, 19.4488, 22.2089, 10.9792, 15.3225, 16.1896, 17.1407, 8.23075 ], 
          [ 1.54253, 20.7202, 21.8847, 9.86089, 1.2644, 6.80801, 2.96956, 1.38277, 12.7477, 22.4697, 7.00536, 26.9494, 4.3434, 1.52227, 15.0404, 8.48301, 3.51217, 25.461, 29.1576, 16.3576, 6.77674, 29.0555, 3.60936, 8.63843, 9.70783, 24.164, 17.1694, 19.3762, 12.5903, 8.83296 ], 
          [ 14.1617, 16.5329, 24.9602, 20.3952, 27.466, 9.81324, 2.49986, 4.41073, 8.99148, 23.2916, 21.3551, 10.1299, 11.5019, 9.95276, 24.213, 5.41744, 15.3987, 19.1125, 29.3148, 15.9033, 15.4671, 15.176, 11.65, 20.1043, 19.5278, 11.6173, 9.19264, 11.9006, 5.39649, 12.6793 ], 
          [ 29.5043, 3.14267, 11.7141, 19.3849, 10.2083, 26.7059, 11.8122, 24.9762, 20.0145, 25.1281, 24.3941, 12.1543, 18.4871, 27.6364, 9.09326, 26.2931, 18.9866, 7.31716, 23.6032, 15.7844, 19.8931, 7.68696, 26.7193, 26.5256, 26.4921, 19.2438, 29.3596, 8.8081, 17.9854, 26.8616 ], 
          [ 26.9136, 7.66625, 10.0291, 24.5243, 23.7646, 23.7282, 27.5722, 18.0632, 21.2812, 19.604, 15.0384, 16.0236, 7.54329, 22.2499, 20.3588, 22.8997, 28.2154, 1.26546, 26.6656, 8.80503, 17.0968, 25.9086, 21.5335, 12.513, 8.69326, 27.442, 10.2421, 7.45093, 15.7794, 11.9553 ], 
          [ 22.0637, 28.9861, 13.8998, 2.99695, 2.5857, 24.7494, 2.84133, 15.9237, 22.6112, 6.03195, 25.7067, 2.05785, 26.013, 1.71922, 6.38131, 4.50541, 15.0637, 1.72883, 13.6033, 9.49265, 1.30087, 15.8584, 17.9566, 13.0309, 26.1276, 8.91427, 11.5059, 7.19891, 15.6869, 2.4031 ], 
          [ 29.8253, 12.4955, 2.69629, 9.06557, 20.9161, 2.48856, 24.1663, 21.3614, 7.98561, 1.33458, 1.63816, 4.92243, 12.4845, 15.0869, 26.2679, 3.96213, 3.11183, 20.7984, 14.8585, 25.2972, 7.71443, 18.4679, 19.7984, 16.3443, 28.7261, 2.69759, 9.43941, 2.38058, 21.6709, 19.2528 ], 
          [ 4.8914, 6.73572, 27.6889, 18.438, 28.243, 21.0499, 10.0085, 21.4633, 29.5748, 11.106, 28.6891, 17.1657, 12.4681, 16.6411, 22.4547, 17.0615, 10.4454, 5.10146, 21.1184, 16.7384, 11.2539, 10.2298, 6.49716, 9.3691, 17.237, 3.49718, 10.9758, 24.1529, 17.2907, 19.2075 ], 
          [ 19.9338, 11.6832, 27.5275, 2.18834, 6.48896, 28.5265, 17.6694, 14.9753, 5.24826, 13.9841, 10.6895, 11.1462, 12.146, 1.14773, 22.1298, 1.83545, 13.9015, 7.18198, 1.00613, 5.05513, 2.12259, 15.8433, 6.40601, 29.0384, 20.1229, 2.75681, 28.0577, 2.28456, 18.3545, 13.5124 ], 
          [ 19.2423, 12.7711, 3.1815, 16.4001, 18.351, 29.2933, 28.6043, 15.5461, 2.63859, 7.08476, 14.2463, 5.25436, 29.2716, 7.92818, 10.0085, 21.4125, 14.7948, 19.6287, 1.08875, 23.01, 26.4626, 13.3782, 28.8492, 17.5047, 4.35016, 22.764, 25.0301, 17.1682, 16.7437, 13.0006 ], 
          [ 27.2294, 21.1934, 29.0976, 22.8478, 7.51162, 13.4444, 9.32063, 18.7231, 26.8513, 2.10314, 1.50261, 24.1641, 4.13187, 25.8105, 2.21968, 8.00152, 19.332, 23.8261, 7.94981, 3.82644, 5.46395, 27.9829, 9.34496, 8.16783, 29.3243, 5.73131, 29.5358, 28.6288, 4.18728, 24.1882 ], 
          [ 19.0721, 14.8755, 7.13251, 29.659, 28.8118, 19.2541, 8.2634, 22.2851, 17.4954, 14.1721, 19.4474, 14.0062, 27.1378, 4.7575, 2.81984, 13.4925, 7.35064, 22.4821, 7.52096, 22.7354, 10.4966, 22.4327, 12.499, 9.40099, 29.1995, 21.4542, 6.71654, 17.0187, 18.8231, 17.3752 ], 
          [ 24.4229, 28.1976, 7.24455, 1.29609, 24.734, 9.1262, 29.8189, 23.1824, 5.61518, 15.7963, 19.9848, 14.6186, 4.07439, 21.6908, 3.48986, 18.1558, 8.10104, 20.8313, 7.21275, 1.99573, 18.2049, 15.9463, 26.4911, 11.4995, 25.515, 16.2075, 21.8335, 10.2682, 20.8378, 12.7305 ], 
          [ 11.4002, 18.1429, 19.7563, 5.50606, 19.1031, 27.6792, 18.8053, 2.5024, 28.5757, 22.0712, 8.54095, 26.9619, 9.74423, 9.42052, 11.5865, 1.59253, 25.8992, 12.7015, 1.22514, 28.8238, 6.41435, 6.81575, 5.18803, 26.866, 27.4096, 12.0616, 22.5367, 19.4519, 16.9252, 20.7048 ], 
          [ 1.39661, 8.19254, 14.4413, 22.8904, 24.2703, 29.2622, 1.80224, 25.7227, 29.4571, 24.9774, 10.1755, 19.8127, 3.19233, 16.8211, 12.4628, 12.8895, 3.23014, 26.3307, 14.837, 24.3636, 1.76945, 15.0549, 25.8915, 29.4091, 25.1185, 14.2493, 25.1661, 8.53513, 21.3867, 21.8699 ], 
          [ 14.5523, 7.19156, 6.98888, 1.25337, 27.5735, 16.532, 2.9084, 23.0933, 23.6994, 21.8796, 5.96077, 24.7397, 19.8023, 25.5231, 27.5069, 27.7753, 21.1837, 4.78925, 15.0762, 7.70476, 8.41469, 21.5315, 13.6128, 9.13162, 9.84019, 5.90957, 2.47622, 1.56961, 29.1475, 23.725 ], 
          [ 15.7957, 12.0295, 28.6827, 25.3742, 26.809, 14.7992, 23.6417, 13.4896, 29.387, 20.9305, 10.7565, 2.26723, 16.2911, 20.9158, 9.26934, 5.1682, 28.589, 19.467, 26.8085, 26.1228, 4.78397, 13.7985, 21.432, 22.2927, 5.96855, 5.81874, 23.3513, 10.3833, 16.7645, 7.11907 ], 
          [ 9.22594, 14.1577, 26.9821, 26.9194, 4.09101, 25.2686, 9.93061, 16.4526, 23.5128, 3.18943, 10.8916, 16.7124, 26.458, 24.5845, 6.88295, 14.3971, 21.3218, 8.45795, 17.6683, 15.9396, 21.3742, 6.12298, 14.6254, 8.49101, 15.8765, 28.3065, 3.41515, 19.641, 19.1452, 26.8423 ], 
          [ 8.06174, 29.9727, 28.857, 2.0309, 20.0333, 26.3544, 27.01, 14.1126, 2.62591, 26.8856, 16.6847, 4.66958, 23.6028, 14.9967, 29.9121, 27.4264, 7.97235, 14.8883, 28.6564, 14.998, 29.5403, 10.1326, 21.3747, 10.6266, 3.80093, 22.4972, 9.19988, 14.6385, 14.6915, 27.4621 ], 
          [ 23.3913, 3.03407, 17.0814, 3.40566, 5.80142, 15.9212, 9.35025, 21.6704, 29.9868, 2.65548, 11.8539, 1.14978, 12.2107, 11.614, 26.8814, 7.5537, 5.21508, 8.65191, 20.7628, 27.7593, 20.6381, 13.6848, 28.6941, 8.01083, 12.5082, 3.22762, 18.598, 23.5045, 25.1245, 3.36982 ], 
          [ 13.8568, 17.505, 14.8643, 14.8792, 27.052, 12.6977, 18.5154, 28.5125, 16.6735, 19.8432, 2.06351, 13.4795, 20.0192, 4.69429, 23.4693, 7.27742, 2.53495, 2.46081, 24.4137, 29.2401, 3.49989, 4.58699, 14.9245, 1.15547, 9.22591, 23.818, 4.285, 22.6988, 8.0184, 18.1148 ], 
          [ 12.3987, 20.3918, 24.419, 3.01376, 29.9157, 6.23259, 18.0201, 10.4785, 20.9058, 11.9378, 27.6666, 7.89252, 25.2125, 8.85996, 6.08679, 29.7545, 11.7457, 8.13489, 6.30724, 6.08448, 20.3918, 19.4351, 5.79525, 8.91869, 17.9228, 27.6802, 22.5336, 19.0984, 13.5303, 11.8809 ], 
          [ 12.264, 1.9617, 21.8012, 22.6389, 1.94006, 27.0108, 14.9913, 29.4372, 8.49084, 16.6846, 22.8562, 28.0198, 6.88118, 6.48984, 11.9081, 25.8295, 18.2283, 7.70908, 23.7317, 24.0923, 1.76108, 2.02443, 28.3026, 9.31408, 21.3797, 24.4454, 16.155, 24.6329, 1.41162, 23.8969 ], 
          [ 4.55752, 2.27533, 4.18948, 29.3443, 17.6113, 9.81367, 25.942, 8.56037, 18.239, 18.1233, 5.17058, 1.92132, 24.8066, 19.5667, 9.39368, 2.83917, 17.0206, 7.59572, 7.07961, 11.2841, 3.18332, 12.4146, 9.81284, 2.76626, 14.9085, 19.5322, 9.45803, 1.36607, 27.9716, 25.7142 ], 
          [ 6.02241, 20.4996, 11.1343, 20.5445, 3.01506, 29.1003, 9.10192, 13.0869, 15.8515, 24.3114, 23.2057, 5.9459, 27.6785, 12.2324, 13.443, 6.16629, 29.7589, 11.652, 29.1521, 23.6242, 11.4279, 5.96285, 4.57069, 10.8997, 18.533, 5.36714, 2.54849, 10.4714, 21.7703, 16.5709 ], 
          [ 16.3967, 3.61884, 19.2884, 16.7379, 16.4697, 26.8034, 19.8687, 21.3727, 20.9938, 16.4855, 2.81662, 17.0297, 24.9267, 21.7239, 21.4759, 5.84414, 11.9278, 28.078, 10.4382, 6.70791, 24.4699, 4.09129, 21.3653, 23.3622, 13.2328, 27.2605, 4.61717, 16.0062, 12.9177, 7.14603 ], 
          [ 26.5233, 20.5612, 29.016, 11.2456, 20.8871, 15.2918, 2.78743, 27.5323, 23.1999, 3.99294, 19.4097, 1.34533, 19.7523, 22.4206, 3.9588, 10.1978, 22.0686, 15.7853, 20.1751, 25.735, 18.7503, 7.4861, 8.04371, 18.4081, 8.98752, 3.1633, 6.28867, 4.81571, 16.6621, 8.12043 ], 
          [ 25.8554, 18.6009, 2.11691, 9.50063, 26.9233, 25.3087, 16.5426, 21.0188, 11.5515, 8.01659, 3.02739, 12.4325, 15.1697, 26.6795, 8.49722, 5.78093, 6.93832, 14.4883, 17.9025, 5.46291, 15.7844, 7.6275, 19.3559, 29.1739, 13.7157, 3.5549, 3.79529, 3.76285, 3.52219, 16.9767 ], 
          [ 20.1735, 3.8269, 19.4273, 5.09982, 14.641, 22.6365, 18.1673, 25.4673, 2.50746, 22.4182, 13.61, 26.9451, 19.8798, 28.4325, 25.3012, 28.5422, 2.13903, 14.379, 29.7681, 29.5464, 20.6983, 21.9614, 14.9996, 20.5588, 19.6696, 13.5725, 20.8586, 25.0311, 13.1874, 28.0278 ], 
          [ 5.38235, 9.30118, 19.1419, 2.56966, 17.8192, 21.1367, 7.39863, 18.6932, 1.95149, 23.1623, 9.64936, 9.93142, 11.2434, 22.433, 7.32566, 22.9411, 25.1843, 5.25158, 23.0283, 12.245, 8.78535, 15.4924, 2.89696, 16.3599, 13.9223, 19.7684, 27.0775, 29.0732, 18.6037, 28.7232 ], 
          [ 8.25715, 12.1592, 25.7055, 20.9775, 8.0918, 28.2439, 26.6033, 18.7317, 13.2377, 8.44624, 11.9406, 3.61995, 9.00666, 16.172, 2.73889, 15.978, 8.53449, 3.39905, 14.838, 19.4893, 12.5813, 2.18845, 1.65026, 21.2632, 5.7208, 22.0111, 26.3298, 19.6442, 4.13415, 20.8474 ], 
          [ 4.56798, 12.3201, 11.5941, 6.00981, 27.4751, 19.3797, 12.426, 26.5886, 16.478, 9.11656, 8.6893, 15.1796, 29.4539, 2.10541, 13.3146, 12.1226, 26.6482, 22.3175, 19.6765, 5.28365, 17.9164, 12.1239, 9.23451, 5.22055, 13.4096, 12.1398, 28.1645, 3.64965, 14.8152, 19.1036 ], 
          [ 4.98795, 5.43052, 13.8601, 18.87, 17.6242, 5.14802, 25.297, 19.5082, 18.6184, 7.41896, 14.8987, 1.94672, 29.5232, 22.9259, 6.36741, 11.1978, 16.9797, 13.842, 24.8725, 12.2772, 17.7717, 24.9096, 22.0257, 6.88602, 23.1417, 15.7143, 9.07261, 23.6511, 25.3298, 28.5985 ], 
          [ 5.15836, 13.9772, 7.31326, 5.56045, 24.2392, 25.2933, 18.9638, 5.00559, 7.90874, 26.0585, 20.7136, 15.3, 1.68514, 24.4404, 6.44914, 15.4612, 14.9129, 17.392, 11.7228, 1.0987, 7.50707, 11.5187, 18.6135, 16.6737, 17.2462, 4.70167, 22.8345, 13.9359, 6.69029, 17.2799 ], 
          [ 7.07969, 29.7666, 14.7231, 23.1663, 27.7911, 19.278, 27.3782, 25.7376, 2.0633, 5.55531, 28.8808, 27.9339, 4.56771, 3.46423, 28.8008, 27.6778, 25.8247, 24.5493, 2.63057, 1.23111, 10.8648, 20.5266, 8.34003, 22.6937, 26.4715, 21.4234, 5.74233, 13.9203, 10.5039, 9.98209 ], 
          [ 22.4619, 2.92352, 18.1563, 15.5383, 17.4329, 17.4745, 1.85782, 5.78132, 21.23, 17.0032, 17.6881, 17.5877, 4.78084, 8.39037, 11.3609, 20.526, 8.83491, 27.2017, 13.1603, 15.7914, 17.4537, 26.7869, 10.399, 20.7761, 16.7539, 7.0692, 16.3209, 25.3382, 15.2842, 14.9693 ], 
          [ 1.50893, 14.6619, 24.1819, 10.2316, 4.02836, 20.2378, 12.5085, 2.29795, 28.8107, 6.4769, 19.5927, 10.8232, 13.1795, 3.94133, 25.4302, 16.1754, 11.8684, 23.456, 15.8173, 25.8184, 6.33689, 21.5233, 23.1099, 3.26115, 25.5388, 25.2546, 28.4613, 21.5004, 17.1469, 15.031 ], 
          [ 5.43597, 16.6075, 9.80961, 12.2245, 19.5704, 13.1131, 16.1808, 4.01921, 2.81159, 9.10277, 6.72839, 25.5315, 23.2687, 29.7234, 10.0746, 19.1905, 28.1414, 20.7265, 5.73033, 11.5317, 23.2644, 15.8824, 23.9793, 8.09757, 1.69036, 15.9026, 13.6251, 21.0211, 20.6574, 26.9731 ], 
          [ 8.6297, 6.72931, 9.65331, 2.97472, 8.98596, 19.1743, 28.1364, 25.3927, 16.6748, 10.5676, 2.65012, 9.42314, 25.5968, 13.7526, 5.55612, 25.4152, 13.0987, 13.0374, 28.4658, 4.96363, 19.9918, 15.7969, 18.1537, 14.3878, 19.6084, 5.51745, 9.37435, 9.19266, 20.7037, 29.5421 ], 
          [ 14.99, 26.3373, 5.34679, 29.1199, 4.46862, 4.62596, 1.54378, 21.7698, 6.23622, 1.68409, 8.88094, 12.1064, 14.3692, 24.9863, 21.9545, 17.7103, 29.2779, 12.4252, 21.7954, 2.97824, 2.81998, 28.5477, 1.43385, 23.9719, 4.86787, 9.53721, 10.7267, 13.3916, 12.5225, 12.0669 ], 
          [ 12.572, 26.7698, 14.294, 21.8618, 29.6367, 22.7966, 21.7666, 23.0008, 5.76232, 21.4423, 24.2564, 22.2684, 27.328, 29.6763, 19.9112, 28.1, 29.302, 18.4109, 13.9609, 27.955, 6.71651, 19.7856, 14.4439, 1.50079, 6.77887, 10.2717, 7.03719, 26.2897, 29.2276, 13.6387 ], 
          [ 2.55002, 24.9471, 12.8131, 3.59002, 26.2443, 4.1845, 10.5978, 21.0313, 7.92871, 7.73016, 12.3049, 4.83596, 28.1268, 16.9053, 25.4223, 27.4988, 15.4064, 4.71188, 26.568, 22.9566, 10.5782, 25.2301, 5.80541, 11.6298, 2.15351, 19.5826, 6.95284, 27.87, 2.12584, 24.9337 ], 
          [ 9.11525, 14.1911, 4.23345, 13.9036, 22.8956, 6.3606, 8.1781, 16.1357, 12.0141, 12.5643, 29.2423, 23.3601, 19.6802, 26.0441, 17.4749, 21.9852, 18.4594, 5.71106, 2.82275, 7.47931, 12.9553, 5.0874, 7.3035, 10.2122, 27.1125, 6.54982, 29.7523, 12.4353, 2.59769, 29.7987 ], 
          [ 29.5153, 7.23054, 17.4128, 9.86267, 26.5564, 8.88771, 8.45478, 15.7427, 22.7316, 24.3105, 17.0572, 15.632, 10.943, 22.0676, 24.8316, 11.992, 27.8367, 1.09804, 29.2983, 8.92735, 13.4998, 25.0132, 3.37012, 23.443, 18.0053, 22.4717, 12.623, 27.1354, 13.5415, 25.5711 ], 
          [ 13.1007, 2.35801, 14.0208, 3.46576, 21.6336, 3.91704, 23.3016, 9.42457, 2.59786, 6.04764, 13.7541, 7.08589, 11.6137, 25.9677, 8.70877, 28.5678, 11.7771, 19.1654, 28.9142, 9.32278, 3.03816, 22.3378, 5.52672, 14.9976, 14.1954, 20.7252, 27.5945, 26.4615, 18.5854, 28.0615 ], 
          [ 28.8245, 15.0837, 15.8214, 10.8525, 10.7136, 22.7915, 4.41698, 19.7624, 26.8661, 5.18155, 27.5061, 12.7676, 22.7317, 22.4954, 7.76879, 13.5464, 3.4266, 18.9013, 17.7007, 26.843, 15.335, 1.22288, 8.33935, 16.8003, 11.3393, 7.81201, 10.9232, 28.1287, 17.7368, 2.29745 ], 
          [ 9.8389, 23.8376, 8.86755, 27.1178, 3.34794, 25.2622, 21.1073, 29.3621, 7.09276, 2.38767, 4.15819, 22.4596, 20.1569, 17.7654, 12.7289, 26.817, 13.9862, 12.1788, 27.0984, 29.2026, 7.23505, 29.6339, 6.81849, 10.2829, 17.8953, 20.2604, 16.3231, 25.5204, 28.4437, 22.6445 ], 
          [ 13.5542, 26.1686, 18.4644, 1.92835, 9.51185, 8.95741, 29.3372, 23.6956, 5.75558, 26.1317, 28.7242, 13.0132, 22.7577, 23.416, 27.0273, 10.9562, 3.91369, 25.3991, 28.8501, 7.56381, 23.7796, 27.6767, 5.02548, 15.2202, 9.61082, 23.7761, 26.8385, 15.1574, 10.3866, 14.5871 ], 
          [ 8.98347, 24.3868, 28.0621, 3.4971, 28.5783, 14.4041, 14.7548, 27.9104, 6.01304, 25.1017, 16.5089, 27.061, 17.547, 16.4159, 2.1648, 20.4875, 2.9516, 10.6692, 7.76966, 19.8509, 9.12067, 17.2261, 17.6296, 16.2503, 17.9191, 23.1198, 21.6722, 11.9421, 18.3479, 17.7773 ], 
          [ 24.9647, 26.8421, 25.4636, 1.86238, 21.8315, 27.9517, 15.7774, 16.7645, 6.20278, 27.6223, 18.0906, 18.4881, 10.0346, 26.2322, 10.6905, 7.22526, 7.46274, 21.9344, 9.47432, 21.4557, 2.17467, 27.9636, 27.5342, 3.22398, 13.3718, 2.59486, 21.0615, 6.2028, 20.9302, 10.3563 ], 
          [ 8.13043, 4.1185, 1.22454, 24.0281, 10.1559, 10.0994, 13.4272, 26.8329, 13.9139, 11.5613, 26.7006, 15.4223, 4.57429, 14.7053, 22.3834, 27.8159, 20.7103, 26.6733, 18.0231, 9.44846, 10.1428, 18.7336, 11.8858, 19.2801, 7.76883, 22.6969, 5.06141, 28.3633, 29.4077, 21.662 ], 
          [ 6.36355, 22.5225, 26.6012, 6.86176, 14.1142, 29.0689, 16.3779, 20.962, 3.30742, 28.7882, 19.1282, 24.6739, 18.5601, 20.8186, 8.56105, 28.4106, 21.0707, 23.9357, 27.8838, 26.3339, 9.22865, 8.7313, 29.5112, 23.3648, 12.3676, 26.4351, 9.99896, 18.1912, 16.0049, 6.53295 ], 
          [ 19.0467, 28.3946, 24.7978, 22.4339, 16.8851, 7.07407, 19.8707, 8.91987, 13.788, 25.4517, 17.8701, 26.623, 9.15355, 12.3271, 24.2715, 1.39802, 5.66265, 23.996, 2.01966, 15.4545, 22.3837, 13.9457, 24.2911, 7.26599, 20.0244, 25.6255, 3.37204, 12.4116, 12.445, 9.85874 ], 
          [ 10.5548, 8.88246, 1.66887, 2.11826, 20.5971, 28.8357, 13.1927, 23.2693, 21.1303, 6.23809, 20.2278, 19.2338, 14.9862, 2.50339, 6.61963, 14.725, 15.0686, 29.6567, 2.92065, 2.8486, 8.72915, 13.1979, 22.7934, 9.31977, 12.2925, 12.2933, 7.39163, 23.4459, 15.7968, 29.5384 ], 
          [ 25.844, 7.05953, 5.17904, 6.44995, 3.58532, 27.9888, 21.4092, 2.65629, 10.6407, 21.641, 14.5246, 8.91488, 2.33315, 2.82298, 26.2676, 14.4568, 10.4407, 19.2277, 23.6994, 26.995, 10.2557, 13.8939, 7.94916, 15.0103, 23.8635, 20.0136, 27.7536, 7.29581, 9.33361, 26.3921 ], 
          [ 25.8223, 17.9289, 26.637, 27.585, 14.9052, 12.7904, 15.4229, 21.242, 20.6518, 21.9804, 7.74859, 12.6682, 23.387, 15.9152, 2.76965, 17.2297, 22.2508, 14.7305, 21.2869, 27.4481, 3.87669, 7.04719, 20.3654, 14.7041, 12.167, 18.192, 17.1141, 29.222, 19.3441, 13.8131 ], 
          [ 15.1556, 28.2598, 2.46329, 15.9663, 16.553, 9.50222, 10.035, 26.6262, 22.0286, 21.8209, 1.57163, 2.55931, 4.07963, 26.4964, 23.1931, 28.6878, 8.62295, 22.2175, 13.2392, 22.1372, 28.4562, 20.7291, 10.1973, 28.0002, 24.6011, 25.1241, 5.45052, 20.0568, 4.32472, 4.67399 ], 
          [ 2.6273, 1.01996, 10.9713, 10.4005, 4.463, 4.98454, 28.0479, 7.32537, 15.2445, 14.47, 7.83269, 8.45518, 15.7031, 8.0716, 25.3047, 2.34619, 18.4632, 2.11708, 20.3631, 10.1139, 2.28845, 1.81911, 10.8346, 22.6907, 5.76424, 13.2076, 20.8332, 7.98345, 10.2521, 4.33342 ], 
          [ 15.2318, 13.5458, 4.24356, 8.00845, 1.30212, 22.2848, 22.5834, 23.7094, 13.8189, 11.1359, 21.0764, 1.72733, 14.4158, 20.1695, 24.8835, 29.3955, 20.6512, 2.37444, 9.74979, 12.852, 19.0795, 8.95469, 26.6509, 25.373, 17.3383, 3.93374, 25.8253, 15.3866, 10.0934, 16.546 ], 
          [ 4.46397, 24.0873, 7.87242, 9.33188, 22.3848, 6.63209, 22.2938, 7.95697, 7.21016, 11.1297, 1.20402, 13.1256, 18.9917, 10.9406, 3.09623, 25.5844, 2.15688, 28.9942, 9.675, 13.1288, 12.4371, 7.1884, 20.5684, 22.764, 18.9123, 11.7609, 25.0722, 22.4138, 6.6787, 17.1695 ]
        ]
      ];
r = [
        [78709.6,78629,73847.8,53211.9,71253,70331.8,68338.4,72480.8,50643.1,52692,71820.2,76332.2,69762.6,73124.3,58419.5,76161.2,52227.7,66459.9,81775.9,71945.1,72012.1,60199.4,76344.4,56640.8,63238.2,60329.2,50979,65491.9,69922.1,80236.9 ], 
        [51635.5,78470.4,77702.7,69813.5,76072,81047.5,75465.3,80660.6,77368.2,70187.8,64292.6,78968.8,77525.5,56611.2,59796.2,72296,79137.7,80758.6,60513,59872.1,72575.1,75698.1,62534.9,61217.9,72794.4,56702.3,54354.2,58084.8,62853.7,75455.2 ]
     ];
d = [
        [23077.5,4134.71,43507.5,43151.1,16263.8,75684.9,80773.5,5542.95,44738.1,39081.8,40522.5,66653.2,65932.3,37795.1,46456.1,63486.5,7180.6,71642.8,40480,32630.5,70864.4,21196.7,48638.7,60475,34930.4,15864.3,14239.9,19651.3,1876.3,78769.8,81930.6,38061,79619.2,27847.5,9966.05,87819.6,51742.6,86338.3,6398.91,11506.9,51447.2,76833.6,64762.2,47019.3,74662.7,14462.7,43867,81525,85926.4,51116.3,33832.3,1415.12,84759.9,3777.24,17003.5,76739.5,47897,15136.1,79821.7,50923,46627.7,6667.28,81835.9,44475.6,72921.8,80900.3,83957.4,8031.32,3069.79,34000.2 ], 
        [29909.8,24057,70371.1,50843.2,59529.3,44381.6,80829.1,27081,16163,34874.8,10501.6,61501.6,32871.4,13599.7,68128.3,62088.5,7399.94,35428.4,49449.5,28787.9,73875.8,78674.5,24776.8,43589.5,39023.8,42176.4,83467.1,82678.5,36721.9,62385.8,83553,21289.3,77677.2,79916.3,87624.7,31629.6,17496.2,38361.8,21175.2,33115.2,30935.4,37317.7,1171.35,53133.7,79373.6,6370.54,47802.9,48096.9,58452.4,21334.7,22899.8,1479.59,58895.3,1981.27,86965.4,47282.2,48582,31695,36516.5,27743.2,75932.1,11300,26517,20707.6,29679.2,76755.4,74477.2,36451.4,1946.76,76284.5 ]
     ];
