/***************************************
* STOCHASTIC OPTIMITZATION
* OPL S2FVPP Data Generator
* by Jordi Mateo Fornes
* Model = S2FVPP; Stochastic (2S) MIP 0-1;
* Representation = Compact Representation;
****************************************/
I = 100;
P = 30;
C = 70;
G = 2;
p = [ 0.01, 0.01 ];
pc = 0.02;
ORCHARDS = { 1, 2, 3, 4, 5, 6, 7, 8, 9, 10, 11, 12, 13, 14, 15, 16, 17, 18, 19, 20, 21, 22, 23, 24, 25, 26, 27, 28, 29, 30 };
CUSTOMERS = { c1, c2, c3, c4, c5, c6, c7, c8, c9, c10, c11, c12, c13, c14, c15, c16, c17, c18, c19, c20, c21, c22, c23, c24, c25, c26, c27, c28, c29, c30, c31, c32, c33, c34, c35, c36, c37, c38, c39, c40, c41, c42, c43, c44, c45, c46, c47, c48, c49, c50, c51, c52, c53, c54, c55, c56, c57, c58, c59, c60, c61, c62, c63, c64, c65, c66, c67, c68, c69, c70 };
CGV = [ 12.3627, 25.4853, 10.2329, 20.683, 21.6957, 11.0756, 12.6637, 23.7192, 29.747, 24.3349, 1.6333, 4.32544, 17.4201, 25.5003, 10.542, 10.3069, 6.75382, 6.70016, 11.987, 21.4619, 7.0354, 11.8772, 18.5623, 13.2509, 13.4674, 27.7698, 8.32329, 29.4574, 27.4332, 21.3173 ]; 
s = [ 2.84972, 2.63639, 2.93451, 0.881518, 0.485698, 0.306994, 0.525129, 0.687612, 1.28742, 1.62071, 1.89602, 2.57658, 2.98629, 1.68668, 1.96442, 1.15665, 2.91276, 1.99352, 2.48752, 0.680003, 0.552075, 2.98777, 0.270194, 1.38969, 0.820449, 1.419, 0.795921, 2.74378, 2.73897, 28.9432 ]; 
CSV = [
        [
          [ 11.5729, 28.7406, 7.89122, 3.78535, 24.97, 21.5529, 28.2797, 6.20689, 5.73303, 5.26889, 22.9, 25.1339, 21.1255, 1.94175, 24.3015, 18.1434, 1.28245, 11.3276, 10.403, 10.9711, 12.993, 17.1986, 20.6658, 16.295, 20.5713, 7.03608, 3.394, 28.9522, 8.36389, 4.55974 ], 
          [ 13.4278, 12.8985, 23.531, 8.71606, 4.06377, 3.78178, 17.9795, 6.1349, 13.6085, 29.1239, 3.79579, 5.99483, 5.28, 24.4769, 23.9797, 27.4085, 6.1525, 22.6581, 9.40519, 20.3806, 24.1683, 17.0521, 16.6759, 13.2818, 8.1224, 22.5131, 23.6748, 1.60852, 23.0792, 26.5544 ], 
          [ 29.3634, 20.9053, 14.1409, 13.6903, 12.9419, 8.18688, 26.2391, 17.6708, 24.9116, 21.4956, 24.1483, 26.4658, 17.54, 4.7463, 6.10155, 16.5875, 22.4846, 3.32635, 4.97344, 11.4139, 16.2239, 13.8585, 5.16617, 2.81604, 1.95414, 3.47082, 19.835, 4.56731, 23.5393, 5.72246 ], 
          [ 13.0134, 12.2293, 9.53086, 7.23834, 14.5159, 2.05102, 23.0641, 10.3328, 5.49901, 11.8885, 14.0751, 7.9232, 29.9069, 21.0841, 3.1847, 2.08944, 23.547, 11.8725, 4.40886, 21.7002, 19.2653, 12.3196, 23.2951, 29.1576, 20.1376, 28.935, 17.2391, 2.82388, 11.1505, 2.97252 ], 
          [ 29.9877, 1.93042, 15.1632, 15.6997, 1.89493, 6.34396, 3.98069, 19.8005, 4.32416, 4.9321, 28.4587, 29.4397, 23.3384, 16.3244, 15.5136, 26.7369, 21.5062, 19.1652, 5.54483, 16.4983, 8.28024, 24.4144, 2.22823, 1.1962, 1.43458, 7.27444, 18.9041, 29.7236, 19.6969, 9.00592 ], 
          [ 18.5283, 17.6891, 21.266, 20.183, 27.6742, 6.44329, 25.5226, 19.8337, 8.08339, 20.4595, 26.7994, 17.1414, 22.6097, 11.8476, 14.6933, 1.29925, 16.0776, 16.2152, 5.26565, 7.1175, 14.6904, 25.6151, 11.915, 17.147, 7.64318, 29.1371, 24.1407, 28.2725, 6.55788, 5.65799 ], 
          [ 29.5243, 12.4427, 2.85377, 25.1708, 19.499, 16.7435, 19.8858, 24.2451, 21.7263, 18.8697, 1.53281, 3.39602, 28.9302, 3.12184, 29.5882, 28.7278, 15.741, 2.41179, 9.43811, 5.22171, 29.2903, 6.49548, 29.3625, 19.7769, 10.3606, 29.7313, 10.3056, 25.3677, 27.8173, 14.9101 ], 
          [ 18.7379, 24.2862, 22.6385, 27.7793, 20.0519, 16.2701, 23.9723, 16.7918, 22.2867, 21.8219, 2.5077, 1.64443, 23.67, 20.1498, 18.7642, 10.8922, 23.0549, 19.6396, 28.3018, 13.7767, 10.1149, 17.7227, 29.8842, 12.3464, 9.36255, 6.67083, 28.2154, 15.672, 8.92423, 12.5059 ], 
          [ 23.46, 7.87809, 17.126, 10.0293, 2.98497, 11.3887, 1.68467, 6.01748, 4.2468, 13.1835, 3.73663, 14.9396, 22.6793, 14.868, 14.5872, 8.77123, 25.014, 25.2251, 2.42333, 24.4395, 12.5863, 8.1559, 5.19114, 3.12811, 4.93917, 7.97325, 20.4517, 20.2183, 11.5066, 18.9571 ], 
          [ 4.91248, 18.1058, 26.1026, 14.4887, 4.46417, 7.86928, 16.3654, 10.7025, 22.4683, 10.8252, 11.9637, 6.47783, 22.3793, 23.9256, 20.8284, 29.4568, 15.1906, 20.3136, 7.71574, 22.6664, 26.4026, 17.6106, 25.0452, 7.27899, 16.0528, 24.3725, 2.81587, 9.66575, 20.5413, 2.82761 ], 
          [ 23.9243, 15.6013, 15.2639, 4.36181, 3.88132, 8.56386, 22.3783, 16.5841, 22.8793, 10.4485, 21.3492, 4.24878, 4.66593, 20.4831, 25.8721, 13.8384, 3.34011, 7.48406, 24.0852, 27.6632, 20.6428, 11.2146, 7.38846, 19.6407, 15.6415, 27.0205, 6.153, 27.47, 29.3011, 19.4081 ], 
          [ 23.0569, 15.6469, 23.3787, 21.8661, 24.9636, 21.6632, 14.2921, 21.0911, 21.3803, 7.66805, 22.4812, 6.94605, 13.0183, 9.94881, 10.1618, 21.817, 15.0127, 26.8046, 18.8227, 28.3642, 26.3685, 7.43986, 5.05109, 26.8885, 9.51221, 9.19536, 25.2951, 27.7021, 19.1003, 5.96066 ], 
          [ 14.9197, 27.0792, 11.9973, 28.8522, 15.8043, 17.9126, 28.6893, 18.4286, 15.9747, 23.0528, 12.9495, 2.13201, 26.9223, 25.8079, 1.98178, 20.7406, 25.2849, 25.8736, 9.91694, 17.7657, 22.3949, 6.0275, 1.46675, 7.28629, 7.74427, 1.44794, 29.3712, 12.0927, 17.4559, 16.6293 ], 
          [ 14.3285, 23.8739, 27.3786, 14.6324, 3.09248, 5.66039, 5.49195, 6.3268, 11.5804, 19.9606, 29.4812, 11.3466, 11.6122, 5.36326, 15.8336, 19.3365, 25.9242, 8.67465, 18.7762, 2.96099, 24.7419, 18.6301, 17.4547, 21.5498, 4.67041, 24.2539, 3.38396, 3.17588, 23.0979, 18.8877 ], 
          [ 17.2848, 6.94555, 22.5376, 7.22768, 9.9257, 20.7642, 2.58313, 29.6905, 3.94794, 17.5928, 3.04124, 8.48699, 14.197, 18.2236, 16.4931, 26.18, 4.65973, 12.1606, 4.35934, 24.3821, 10.2093, 11.0844, 22.8723, 29.9761, 3.20609, 27.752, 9.06174, 4.51537, 25.6279, 21.9452 ], 
          [ 19.3896, 23.6515, 24.227, 15.2073, 7.42378, 16.6804, 19.98, 10.2616, 10.5292, 24.389, 9.6403, 9.87914, 4.07872, 19.1795, 4.54785, 23.1117, 24.7086, 7.80138, 10.1875, 20.4978, 22.5423, 25.5241, 11.1751, 15.8058, 6.3765, 12.9782, 29.3378, 15.9244, 8.34758, 5.66491 ], 
          [ 2.56528, 6.89183, 18.7899, 12.0929, 6.6899, 10.4814, 10.4639, 12.5597, 24.2993, 17.4768, 5.34488, 27.5736, 19.9375, 27.515, 29.2738, 15.4937, 14.8407, 17.5908, 19.5409, 23.0439, 23.8858, 16.0219, 26.0353, 15.4343, 10.9281, 3.41331, 3.65186, 5.04043, 5.25104, 1.20983 ], 
          [ 26.2748, 5.0614, 23.0673, 1.42879, 8.48652, 27.5255, 1.59079, 21.8365, 23.1049, 10.149, 22.7072, 7.1258, 2.63696, 8.06506, 21.3146, 8.77357, 12.8645, 25.2223, 15.5713, 21.8197, 3.86762, 29.7818, 19.032, 5.40139, 18.1841, 14.1171, 12.0102, 3.34922, 12.1466, 15.503 ], 
          [ 8.71722, 8.18315, 16.262, 7.17917, 8.96337, 4.05657, 28.3403, 11.7949, 5.95535, 19.9513, 8.32278, 14.1089, 8.98585, 20.3799, 1.36905, 22.8194, 13.5161, 18.2537, 12.3396, 7.58207, 14.6158, 16.1737, 16.8047, 4.74035, 27.5776, 10.4808, 14.8296, 14.361, 9.58563, 22.8415 ], 
          [ 18.5052, 19.9112, 7.45946, 15.6108, 2.38591, 20.4285, 29.4201, 27.891, 3.489, 24.1415, 28.0418, 4.48405, 1.02091, 8.17433, 2.06736, 20.1899, 13.0607, 25.9335, 18.8773, 16.9295, 27.7739, 1.04739, 29.0546, 8.61257, 22.1443, 29.3116, 7.62304, 9.17512, 10.1718, 20.9965 ], 
          [ 23.7729, 16.1398, 4.31997, 25.2148, 2.32471, 18.6219, 16.8334, 4.07462, 26.5561, 20.9245, 28.0805, 17.2092, 28.8692, 7.9349, 17.1058, 20.7102, 17.2868, 22.298, 9.52409, 20.308, 13.5563, 12.0458, 20.9253, 17.8574, 12.3946, 26.8059, 29.0383, 24.4019, 4.15821, 1.01807 ], 
          [ 8.30099, 29.5193, 3.4118, 11.9829, 14.5064, 21.6511, 21.248, 9.35412, 23.7244, 8.62147, 29.5807, 12.7352, 25.1862, 8.52693, 26.3389, 13.9914, 23.6257, 10.756, 29.6149, 15.0728, 3.87212, 13.5018, 24.2309, 2.90464, 4.9936, 5.57545, 9.22539, 22.055, 4.254, 14.7729 ], 
          [ 8.37775, 21.35, 14.9076, 5.84524, 25.6776, 11.3449, 10.2148, 10.8274, 25.9283, 27.3752, 20.3985, 3.2774, 11.1211, 14.6923, 11.5049, 8.97345, 28.23, 3.69059, 27.2182, 24.6557, 26.8766, 4.00305, 8.04716, 13.3415, 6.40722, 15.969, 15.6724, 27.6255, 9.91229, 25.5565 ], 
          [ 21.9832, 21.0053, 16.0987, 6.07386, 24.9521, 10.7831, 23.7763, 10.9834, 11.1908, 24.4131, 3.79935, 8.92404, 16.8819, 11.7952, 17.8293, 2.5069, 24.7473, 8.49769, 28.3813, 9.98196, 6.77161, 8.89455, 1.76881, 22.7162, 9.07311, 26.8002, 22.2774, 28.9724, 21.3316, 20.8727 ], 
          [ 22.9018, 9.78445, 9.39497, 23.2385, 6.90804, 8.37364, 21.3142, 17.6816, 4.91512, 26.714, 25.0973, 23.0516, 23.3029, 25.7417, 9.40537, 2.19766, 19.7914, 3.32479, 25.0612, 18.1291, 11.6584, 29.3593, 8.58471, 18.4926, 2.55311, 12.9505, 6.54063, 2.03162, 16.3671, 22.1576 ], 
          [ 1.99007, 27.332, 17.4535, 25.1911, 25.8683, 15.911, 10.7667, 8.08715, 4.4193, 3.32466, 27.2093, 8.44163, 12.1975, 23.3679, 25.6625, 21.0481, 18.0092, 3.66382, 8.94126, 27.2711, 13.1443, 19.4178, 28.978, 29.6401, 26.8115, 9.53599, 8.93592, 14.9079, 18.8831, 22.9384 ], 
          [ 12.6463, 9.51706, 13.2695, 10.0099, 21.2213, 21.1849, 28.0524, 16.5183, 29.5992, 13.3698, 13.5563, 1.75054, 14.6767, 7.18033, 12.992, 12.4017, 7.12602, 2.84123, 26.4666, 3.96136, 5.51884, 21.5286, 11.6239, 6.54603, 26.1453, 25.0788, 29.0945, 17.2021, 5.17783, 27.6021 ], 
          [ 26.3131, 9.88947, 21.8397, 28.2809, 26.1697, 12.1686, 11.0948, 18.2246, 1.83791, 20.0375, 29.3975, 27.5735, 22.5945, 8.90945, 19.3237, 26.8497, 5.51649, 9.58136, 16.5489, 8.71532, 15.8381, 19.1458, 2.00752, 18.0007, 15.7551, 13.9788, 23.2642, 28.4826, 20.507, 26.7095 ], 
          [ 8.73878, 14.6096, 10.5074, 21.1002, 8.52741, 12.9297, 9.32784, 12.6026, 12.5943, 19.1341, 11.12, 13.9376, 20.69, 10.211, 29.1409, 5.99324, 17.4265, 2.82995, 14.5361, 13.0068, 11.7671, 20.3887, 26.0496, 22.58, 19.8514, 26.016, 3.59658, 25.568, 29.5115, 17.1483 ], 
          [ 21.8539, 4.15953, 3.30149, 3.22906, 10.3585, 2.75993, 15.945, 27.9869, 25.1435, 7.05286, 12.2008, 24.9543, 26.0477, 22.0815, 24.0004, 13.1293, 10.6577, 6.32388, 24.3864, 9.06408, 14.3816, 10.8078, 13.0253, 12.4162, 5.22391, 27.9711, 10.2994, 20.7437, 22.5803, 11.1511 ], 
          [ 19.7118, 29.978, 28.2796, 18.6602, 14.133, 21.2192, 26.8566, 21.5612, 9.3936, 4.59356, 28.6902, 13.4699, 5.45016, 26.3494, 2.50848, 28.6656, 21.7253, 7.21555, 24.626, 19.0678, 12.4728, 4.72735, 7.84516, 10.7126, 28.5613, 24.945, 22.421, 5.63736, 17.8924, 17.1576 ], 
          [ 29.2262, 22.6194, 8.42676, 6.94274, 27.7081, 15.9308, 13.5495, 13.2689, 3.16771, 6.21038, 6.88416, 10.4836, 16.7186, 14.559, 3.93906, 14.2178, 23.4338, 18.2768, 27.0786, 28.8953, 4.17747, 29.1075, 20.7244, 23.4101, 6.43125, 20.1412, 25.7219, 15.1298, 14.0386, 4.48627 ], 
          [ 13.8716, 15.5604, 9.88042, 18.3556, 19.0333, 9.69052, 28.9233, 25.7973, 20.1114, 6.86749, 4.96625, 19.298, 11.403, 10.6293, 29.5917, 26.624, 13.5168, 28.8689, 24.1238, 15.6828, 1.94369, 18.44, 2.69807, 5.45827, 9.96964, 23.1219, 2.85387, 24.2274, 17.8329, 16.8246 ], 
          [ 18.8454, 19.4243, 6.85562, 29.4849, 12.1523, 12.2053, 5.5746, 25.6016, 8.00577, 12.9616, 8.60196, 12.6555, 27.7289, 4.78863, 1.29599, 8.03048, 17.5598, 9.37336, 13.5018, 5.81743, 2.64993, 1.57427, 28.5423, 12.9016, 24.182, 17.4063, 25.3683, 13.0611, 18.0987, 8.39672 ], 
          [ 18.9006, 11.3791, 12.9252, 17.8925, 19.2931, 24.9413, 28.0044, 9.27072, 14.7878, 29.4497, 4.48897, 5.22026, 17.1668, 24.1668, 25.5292, 29.6832, 6.53685, 27.3792, 12.4431, 28.9475, 12.5024, 18.0261, 1.22195, 14.1898, 29.6247, 19.6777, 16.82, 28.6256, 11.1863, 21.3634 ], 
          [ 16.7421, 11.9344, 15.5452, 7.12832, 15.8825, 11.3754, 11.5299, 4.92122, 23.891, 25.5891, 2.74558, 10.3923, 17.1406, 26.0554, 3.00527, 25.7554, 13.2068, 23.0242, 9.3009, 26.0233, 28.5454, 11.1949, 25.9457, 25.7547, 22.1844, 7.25114, 24.0009, 23.8967, 8.78203, 17.8566 ], 
          [ 7.51528, 22.7973, 16.2915, 21.3143, 5.23367, 23.7276, 11.5341, 13.85, 6.81157, 13.4372, 6.45125, 2.35167, 14.9114, 8.37909, 2.46401, 10.3851, 29.6802, 22.0551, 26.2835, 11.8345, 27.2013, 12.505, 17.473, 2.15691, 11.7501, 22.3379, 24.3567, 4.02664, 3.09847, 24.5774 ], 
          [ 7.72119, 12.5539, 3.00664, 15.511, 19.2373, 8.81024, 29.038, 4.18295, 2.75874, 9.31644, 6.82615, 16.3622, 28.8332, 28.7857, 6.36623, 19.5554, 7.61702, 28.2181, 3.05465, 24.4759, 13.817, 19.0185, 4.38417, 4.89717, 27.7816, 10.1394, 12.5424, 25.46, 12.2166, 9.7244 ], 
          [ 17.2006, 11.4325, 11.7993, 10.9263, 1.48329, 23.3166, 8.99878, 18.8884, 15.8666, 24.449, 16.3982, 3.91024, 10.2841, 7.62725, 2.57333, 14.4836, 10.2035, 29.3838, 18.8643, 12.2195, 29.1189, 20.7159, 24.2591, 3.514, 27.381, 26.6541, 7.66507, 11.5939, 20.4535, 12.6349 ], 
          [ 2.66663, 21.881, 19.4395, 12.8826, 5.07454, 25.64, 6.19625, 18.8197, 23.7309, 7.98599, 28.8489, 6.02896, 14.0637, 4.96809, 15.1156, 13.5434, 15.7698, 18.0768, 29.6038, 18.721, 23.5477, 19.4487, 8.16692, 14.4335, 17.8906, 6.70118, 21.7769, 1.4727, 20.4138, 29.964 ], 
          [ 10.4932, 27.8667, 16.246, 13.2149, 26.7806, 8.14985, 1.68944, 25.0687, 2.50717, 21.9326, 13.5506, 5.12894, 10.1156, 24.4416, 22.485, 11.6109, 29.8935, 10.4103, 12.6349, 27.1317, 2.7118, 17.5484, 7.64748, 24.6608, 12.3288, 18.1304, 2.46726, 22.2822, 17.3653, 10.27 ], 
          [ 5.93189, 9.83669, 22.0325, 20.1148, 10.7255, 21.7692, 26.8373, 6.91132, 11.8451, 26.8592, 24.9396, 5.24079, 25.9629, 12.546, 7.69877, 8.93355, 15.347, 22.7906, 18.2695, 29.5676, 7.29409, 24.2378, 2.11345, 21.5768, 8.21077, 15.8096, 25.3127, 4.99571, 29.1858, 10.9606 ], 
          [ 7.15564, 17.1516, 19.2084, 17.8834, 15.6946, 16.841, 13.4858, 8.18922, 24.334, 9.13659, 28.2593, 19.678, 6.6782, 25.9985, 20.6786, 20.1058, 16.8464, 19.4182, 10.6964, 11.1569, 11.4801, 1.81071, 19.3718, 16.8215, 28.302, 25.9137, 6.82333, 28.4615, 23.9472, 1.03619 ], 
          [ 15.788, 21.9352, 1.61527, 6.36639, 10.6445, 29.1126, 16.3758, 12.4386, 29.3441, 23.993, 13.9601, 8.73442, 2.69437, 3.51322, 2.97516, 22.4657, 27.0995, 25.1602, 7.31416, 28.9975, 4.87144, 24.7012, 19.5571, 16.2462, 12.6727, 3.83752, 17.2101, 24.2134, 29.9182, 4.65332 ], 
          [ 23.1251, 17.8961, 5.12507, 8.33375, 29.2123, 26.8017, 17.076, 2.6677, 1.71302, 1.31918, 17.6441, 22.7394, 5.04664, 27.7433, 26.3047, 3.16287, 22.5546, 24.649, 25.4182, 25.5472, 21.9181, 15.548, 26.7604, 11.6606, 8.27765, 18.1185, 22.5925, 14.8825, 18.1679, 10.3627 ], 
          [ 14.6206, 8.11911, 18.4774, 27.6417, 9.39847, 17.9697, 16.7938, 23.0765, 11.1696, 1.29796, 18.1477, 3.18619, 5.48969, 18.4402, 22.2683, 24.0332, 3.88227, 4.61301, 11.1788, 23.1684, 7.5875, 19.2329, 2.22182, 12.1253, 10.2425, 2.04459, 21.683, 27.8284, 8.82337, 28.8394 ], 
          [ 28.7033, 25.0026, 5.32968, 17.3891, 9.18416, 4.48996, 18.558, 25.2856, 13.4235, 20.6659, 3.09681, 26.9991, 11.1125, 3.96221, 19.5686, 21.8495, 14.3009, 13.4314, 7.77943, 7.99815, 7.43117, 7.10099, 12.5777, 10.2149, 18.1328, 11.7584, 20.549, 21.9527, 13.0942, 16.6182 ], 
          [ 8.93778, 25.3135, 11.5524, 23.6077, 2.05892, 21.3401, 15.4788, 23.8111, 24.9194, 21.6821, 27.3442, 3.24132, 9.7056, 28.2145, 4.25754, 26.1478, 25.7973, 28.0935, 9.17087, 25.5875, 8.25536, 9.41729, 21.7805, 22.1741, 20.5259, 8.22699, 18.3184, 2.11452, 12.8625, 12.8318 ], 
          [ 15.3546, 25.5842, 1.66591, 1.72229, 16.0884, 10.6553, 28.259, 25.9698, 20.2757, 24.1835, 6.90352, 1.87222, 8.49654, 26.9979, 2.02002, 19.6885, 10.9126, 16.1298, 22.8873, 12.0748, 22.6955, 4.30017, 22.0545, 13.1375, 27.5198, 25.4374, 20.9489, 14.4908, 25.2823, 21.0937 ], 
          [ 7.10183, 27.4439, 18.7518, 27.5354, 8.68327, 21.6149, 25.729, 1.65848, 26.384, 8.63643, 16.0437, 10.5486, 13.3383, 17.6091, 6.87547, 13.5867, 18.3003, 9.25633, 13.9169, 25.9002, 9.95362, 9.49958, 13.4149, 5.34469, 7.99879, 16.7364, 29.6386, 29.9465, 22.4107, 1.50192 ], 
          [ 16.5625, 7.48378, 22.8386, 18.7941, 16.5421, 27.8475, 20.8796, 25.371, 3.01907, 9.16223, 26.2713, 20.7054, 27.1403, 6.27624, 15.3973, 9.87571, 10.672, 24.0054, 18.2749, 7.77005, 9.69282, 11.856, 24.4073, 9.24422, 17.793, 3.19581, 10.187, 4.6956, 12.4193, 1.51689 ], 
          [ 12.1361, 17.577, 1.51601, 26.4014, 16.1165, 18.2706, 29.3136, 14.1978, 22.906, 2.18022, 12.5943, 9.92823, 10.0789, 9.03458, 21.5465, 7.47824, 8.70901, 28.157, 24.9104, 25.3828, 22.2753, 13.3195, 13.596, 13.9612, 18.0345, 1.71461, 11.0424, 20.9324, 4.26004, 15.8761 ], 
          [ 5.56926, 24.0826, 29.4302, 6.60679, 22.2019, 14.3159, 25.7348, 15.9153, 14.1664, 13.3923, 27.9801, 2.15451, 10.7785, 21.025, 13.8077, 23.4883, 18.0961, 17.45, 9.60346, 2.87862, 4.18905, 12.3421, 3.4682, 18.1502, 22.7709, 11.8327, 11.0915, 16.7489, 29.2653, 9.88647 ], 
          [ 27.2794, 4.93546, 21.6848, 29.9298, 14.5901, 11.9748, 28.0848, 14.2743, 15.7679, 4.02345, 6.43891, 23.8319, 9.63062, 28.6898, 14.1091, 15.3271, 25.2801, 17.349, 27.3693, 6.19242, 1.2751, 26.8426, 1.35628, 14.0547, 26.5388, 28.077, 19.3638, 16.8734, 1.95518, 1.02048 ], 
          [ 4.40477, 1.63895, 13.6163, 29.7939, 5.18346, 20.0425, 29.9928, 24.4654, 18.5679, 16.8892, 22.1206, 8.19855, 17.4395, 8.08048, 8.96179, 19.6648, 15.2925, 29.7795, 3.65751, 21.8698, 11.0914, 12.1786, 5.36732, 22.0226, 26.6987, 4.4986, 22.5706, 16.5975, 8.95108, 14.8786 ], 
          [ 29.2704, 8.77273, 29.0693, 14.7416, 8.18513, 2.62987, 4.21693, 27.5483, 10.9419, 22.7544, 1.33971, 1.11865, 3.71677, 21.4451, 9.00745, 20.3156, 19.8278, 27.6789, 22.8193, 16.8834, 22.6777, 22.1966, 22.9407, 22.654, 13.6122, 6.24094, 13.4191, 24.8862, 26.1409, 8.21045 ], 
          [ 15.9844, 18.089, 8.31586, 28.697, 25.6056, 16.7864, 19.4731, 6.05103, 10.9255, 14.367, 9.5657, 8.26916, 23.1041, 17.5753, 25.3847, 10.8611, 25.5412, 7.85894, 1.67335, 16.1436, 1.41634, 13.1072, 15.2981, 19.8667, 14.0369, 27.4533, 13.1926, 8.61592, 19.3564, 10.534 ], 
          [ 21.3183, 8.53148, 24.7775, 3.20936, 17.0083, 23.457, 4.63459, 24.7001, 2.04353, 5.45858, 27.0235, 7.63129, 11.8013, 29.872, 4.14537, 2.98225, 24.5703, 5.62119, 18.6584, 13.4722, 27.1892, 5.80371, 22.2758, 13.7372, 19.6516, 16.1823, 18.1974, 17.5591, 12.6413, 25.4293 ], 
          [ 3.20876, 4.95627, 28.9761, 12.6085, 22.2393, 24.4909, 15.4622, 4.36528, 16.2195, 22.3271, 9.50909, 3.97865, 6.33305, 22.4974, 27.0765, 19.1626, 27.9415, 19.7285, 4.75182, 10.4556, 17.4828, 23.4908, 9.15439, 10.146, 5.79283, 19.3609, 20.9961, 21.9782, 11.42, 17.5784 ], 
          [ 15.1916, 3.86575, 27.7211, 16.2065, 9.00918, 6.85745, 25.0557, 23.7774, 25.3427, 1.51339, 28.8487, 18.5938, 5.8626, 8.60723, 26.8184, 21.2272, 26.8492, 21.8894, 28.1872, 9.03013, 16.0521, 9.3993, 24.5064, 16.5381, 4.70649, 4.26321, 11.7346, 8.15001, 20.9521, 26.5095 ], 
          [ 8.20511, 1.73161, 5.04182, 1.64797, 29.1946, 1.94108, 3.11432, 3.07896, 5.299, 29.4146, 12.1639, 1.14871, 5.0315, 11.8438, 16.0394, 20.0587, 23.5625, 14.4189, 23.0031, 15.0289, 11.4053, 15.4117, 15.1655, 7.36559, 28.7792, 22.6483, 24.921, 4.61701, 5.01771, 20.8631 ], 
          [ 4.77954, 5.11907, 11.7854, 16.8676, 6.42843, 28.8795, 28.2105, 4.10023, 4.6841, 3.4442, 10.8383, 17.7214, 22.8129, 24.935, 8.0522, 12.9589, 10.4904, 22.8571, 2.13927, 1.00766, 12.5921, 23.9158, 29.5015, 17.7912, 4.86358, 1.15361, 8.20304, 26.8338, 25.3829, 9.15782 ], 
          [ 12.0437, 23.3522, 15.7661, 13.6425, 8.60634, 7.95158, 6.49301, 15.3051, 21.8769, 17.3835, 3.38039, 22.6054, 18.5418, 12.6891, 16.1194, 29.9951, 3.28592, 27.5816, 16.1917, 22.2124, 14.4336, 12.6437, 24.3299, 6.4655, 13.4888, 2.77943, 25.1957, 27.824, 13.1344, 27.0186 ], 
          [ 20.3286, 12.6567, 18.3934, 21.3427, 26.8347, 8.3354, 4.94622, 5.65903, 5.82928, 3.47813, 9.01182, 3.74973, 29.7426, 11.049, 7.77373, 28.257, 18.0805, 3.67197, 8.47939, 22.3375, 12.0616, 19.0704, 26.2264, 14.5333, 19.7648, 20.3346, 17.7567, 21.7422, 19.0596, 1.48179 ], 
          [ 29.5059, 10.9509, 3.32636, 9.47839, 24.0669, 3.91253, 16.4573, 3.744, 8.72667, 6.11479, 27.8718, 4.67631, 8.74966, 11.3566, 25.6473, 3.43133, 27.9756, 23.2715, 14.6704, 12.8571, 12.2162, 20.0901, 29.2117, 3.12442, 3.42231, 28.7643, 3.62662, 2.57456, 10.0458, 4.4672 ], 
          [ 11.4694, 13.533, 4.76713, 12.541, 15.3215, 8.43533, 1.45736, 10.896, 23.8452, 10.1814, 23.0086, 20.2901, 24.6517, 4.55748, 22.8152, 1.90676, 1.2212, 17.8161, 15.4664, 25.7611, 19.4188, 9.01682, 12.68, 4.63958, 6.56531, 12.2941, 1.87036, 20.6057, 27.7546, 22.0596 ], 
          [ 3.72416, 27.0334, 21.6734, 6.25432, 7.39757, 8.53587, 20.774, 22.1643, 13.5977, 8.49507, 8.4046, 23.1685, 13.0686, 26.522, 14.3824, 28.4908, 18.3769, 29.6151, 8.23207, 9.83767, 6.86924, 7.47678, 13.7589, 23.7078, 8.90361, 24.0083, 11.4952, 6.35257, 9.24333, 16.3263 ], 
          [ 20.1788, 27.0043, 22.8577, 6.50136, 29.2681, 24.707, 6.85669, 22.741, 27.8557, 27.6187, 19.2535, 1.80488, 3.07841, 22.1254, 10.696, 27.7149, 9.39626, 22.277, 6.23594, 26.5853, 27.4684, 14.2366, 29.5733, 8.65369, 20.0883, 10.6526, 11.7203, 24.0379, 8.37543, 18.8608 ], 
          [ 9.60154, 5.69116, 28.7695, 17.0647, 5.57826, 3.60134, 21.6763, 6.56042, 21.3574, 13.1089, 26.7986, 15.956, 21.2506, 9.83421, 16.8744, 19.708, 2.24337, 25.7427, 20.4653, 11.1, 4.96508, 12.3619, 2.10808, 13.6333, 20.6799, 26.3752, 21.5068, 22.7009, 13.7505, 17.1535 ], 
          [ 19.6362, 4.27682, 27.6357, 19.0887, 21.6837, 12.7084, 10.8853, 9.03583, 1.31601, 22.5666, 23.6458, 28.9299, 25.3578, 24.115, 29.6871, 16.7898, 21.3163, 8.79029, 8.69613, 23.4499, 12.7092, 26.4019, 27.5697, 2.12078, 18.2214, 20.4022, 23.3529, 9.53994, 14.9851, 1.52738 ]
        ], 
        [
          [ 18.1794, 5.19801, 8.23339, 29.3045, 20.5155, 9.87649, 12.3717, 14.6589, 10.5695, 15.6457, 3.06927, 22.5276, 8.79306, 15.3377, 11.4024, 12.561, 16.7963, 26.2381, 23.0178, 15.8665, 12.0935, 8.51823, 21.7575, 18.5651, 10.1823, 22.9231, 8.17145, 29.0631, 7.5531, 23.8612 ], 
          [ 12.848, 13.3631, 3.35935, 25.8079, 29.6057, 6.6627, 8.57103, 19.8864, 22.7316, 21.4684, 27.3525, 26.597, 20.0595, 15.1891, 10.0353, 12.1917, 6.1212, 17.4616, 27.789, 8.22456, 7.47061, 24.0859, 25.54, 13.3291, 15.0384, 21.7777, 11.824, 4.45896, 17.9438, 23.2738 ], 
          [ 7.40945, 21.3114, 2.98346, 5.16171, 27.138, 12.0912, 25.9938, 27.2555, 3.79508, 23.2765, 5.40944, 27.7108, 11.8842, 1.19653, 4.58539, 2.39458, 12.8912, 24.6431, 17.4507, 10.6037, 24.9275, 7.21731, 1.63362, 26.8567, 9.17862, 10.4512, 18.5889, 15.4248, 28.0889, 17.788 ], 
          [ 16.2306, 5.69284, 24.6341, 4.94508, 24.039, 5.72369, 29.4829, 5.37698, 9.11293, 9.07661, 22.2217, 2.51525, 25.014, 23.0987, 4.96077, 26.982, 18.4147, 27.827, 3.24511, 8.11733, 3.56602, 8.73327, 24.2339, 22.0852, 10.9637, 21.9519, 21.1202, 14.5126, 12.5979, 19.3473 ], 
          [ 12.8811, 8.60771, 1.78395, 26.3909, 4.94862, 28.1021, 25.5144, 16.4756, 1.50367, 14.422, 14.7504, 12.5997, 15.251, 5.53037, 20.1984, 13.215, 14.5495, 10.9614, 22.3103, 3.73128, 4.16394, 28.2825, 12.1328, 1.44334, 13.5432, 16.5825, 26.2527, 29.1722, 23.7974, 24.6504 ], 
          [ 18.9123, 8.20843, 12.3379, 13.5717, 11.7927, 21.9287, 2.5075, 9.45218, 14.0881, 14.3268, 13.6127, 11.0783, 26.205, 5.15239, 9.82964, 3.88309, 15.69, 28.3049, 7.45979, 27.6255, 19.2705, 12.9378, 1.31836, 15.9498, 1.29837, 13.5224, 12.577, 13.1155, 28.8937, 21.5301 ], 
          [ 15.8905, 10.849, 8.93741, 29.4698, 29.4348, 16.4076, 16.4399, 24.2615, 5.38732, 13.8326, 24.5723, 26.3158, 5.77763, 27.2416, 19.422, 27.4146, 16.9904, 6.65011, 16.0201, 14.4849, 18.1512, 9.04366, 26.3051, 1.24363, 29.9473, 20.1888, 9.08195, 18.7822, 5.76236, 20.6104 ], 
          [ 5.98917, 10.0382, 5.03382, 7.11202, 27.8518, 10.876, 5.11616, 22.2028, 7.94195, 25.3636, 9.36808, 17.4294, 14.3884, 19.2895, 11.0672, 13.7431, 16.6797, 26.6789, 10.6857, 24.3397, 3.28976, 27.0811, 27.5782, 9.84897, 5.0327, 29.7447, 22.6713, 2.79576, 18.8245, 17.2239 ], 
          [ 20.168, 26.5579, 6.8559, 12.6664, 11.8421, 16.8446, 1.65555, 3.83078, 29.0298, 18.0398, 19.586, 3.65522, 4.42431, 29.5036, 3.06957, 25.6938, 13.9645, 14.8293, 9.57651, 13.4473, 18.5967, 10.6337, 16.8649, 29.1434, 16.6688, 14.4375, 6.25212, 26.1468, 13.9655, 13.9565 ], 
          [ 11.172, 28.529, 1.31611, 7.65484, 21.3453, 13.8753, 15.6104, 28.8764, 8.05289, 18.9077, 25.029, 2.90961, 13.395, 23.713, 5.76249, 17.137, 16.3788, 13.2627, 3.63833, 26.0045, 15.0044, 3.64033, 28.5778, 8.95172, 25.7006, 13.2149, 18.94, 24.7616, 11.9594, 17.4939 ], 
          [ 26.5854, 11.9932, 6.03413, 26.3733, 26.9954, 9.76706, 21.1847, 18.8374, 17.2246, 16.7686, 7.55394, 12.3074, 10.523, 14.293, 24.3666, 1.88701, 24.3595, 15.2531, 11.4139, 20.991, 27.078, 19.3625, 1.21583, 3.39723, 4.20021, 3.76978, 28.6067, 19.6111, 26.7978, 2.63568 ], 
          [ 25.0506, 10.626, 2.20937, 18.8977, 17.3677, 28.0168, 21.8551, 9.58344, 6.81582, 11.3903, 24.6098, 2.91804, 17.8483, 8.40788, 9.27515, 20.6252, 20.3915, 20.8791, 13.8769, 16.2276, 4.51124, 3.01201, 20.0482, 26.5753, 24.2576, 8.17655, 27.0875, 13.5594, 7.23483, 3.41777 ], 
          [ 10.663, 22.5262, 11.2522, 25.3254, 2.32748, 1.68561, 12.6287, 13.4887, 2.91635, 1.48459, 25.7515, 5.68077, 6.35297, 7.14266, 15.4489, 23.8908, 16.1037, 18.2191, 17.933, 12.7244, 18.8542, 10.168, 24.1378, 28.1433, 16.242, 17.9491, 29.2279, 2.76664, 11.2157, 5.16406 ], 
          [ 15.462, 27.4414, 13.6798, 17.6375, 6.6513, 19.5344, 4.53569, 6.65566, 19.0334, 6.03111, 17.4164, 4.23015, 6.31544, 14.1282, 5.30845, 8.1825, 11.1343, 14.4828, 10.6002, 29.6766, 9.82473, 24.8791, 5.23545, 4.58979, 21.9789, 6.84214, 16.4043, 27.0683, 26.4273, 10.4221 ], 
          [ 22.0511, 14.8884, 25.0423, 20.0587, 27.68, 2.22764, 13.6038, 18.5719, 12.587, 18.4989, 4.57003, 8.98696, 14.9205, 13.429, 18.726, 17.527, 16.2763, 24.4986, 28.8977, 15.9133, 9.39594, 12.5248, 7.5166, 3.65457, 9.415, 19.412, 27.5194, 15.9882, 25.7374, 4.81098 ], 
          [ 20.0849, 29.3447, 22.0721, 23.1804, 10.6611, 7.61193, 5.88999, 29.8102, 25.353, 1.95575, 12.1154, 14.3408, 10.8547, 19.5283, 19.2514, 24.1157, 19.4948, 3.07763, 1.26204, 7.40312, 22.2572, 7.3031, 10.4332, 21.0427, 26.3835, 10.0276, 7.47776, 12.8362, 24.1094, 29.3145 ], 
          [ 12.0005, 9.78985, 17.832, 20.7999, 9.34876, 26.2721, 3.07453, 22.3493, 2.27784, 4.87267, 23.6145, 23.6073, 5.87776, 15.5722, 5.86164, 4.86356, 29.1712, 1.7681, 4.78483, 15.0338, 23.9849, 18.9768, 27.5148, 15.1365, 1.18658, 3.03109, 7.48409, 11.4821, 15.6818, 20.6802 ], 
          [ 23.0761, 14.7816, 23.3697, 6.46391, 4.87416, 14.7899, 4.11075, 5.47138, 10.4414, 23.3168, 25.9682, 11.0614, 11.977, 14.8937, 8.39012, 4.2686, 18.6549, 15.3046, 1.59432, 2.91137, 5.11667, 1.89469, 23.3838, 1.91619, 25.9258, 15.9893, 29.3579, 9.04813, 24.5078, 25.3713 ], 
          [ 3.86749, 25.7621, 2.74332, 19.5982, 26.8787, 11.9177, 17.5409, 10.2843, 4.77345, 2.85742, 27.1013, 1.02846, 8.70171, 25.2585, 15.609, 25.0471, 29.7879, 27.8742, 14.421, 27.692, 10.0138, 29.3823, 8.80187, 16.1083, 22.5679, 26.8118, 27.9052, 9.90441, 15.3576, 21.3691 ], 
          [ 8.33528, 16.2956, 12.3864, 7.30759, 7.79409, 15.0643, 12.3394, 11.7612, 13.6296, 28.7925, 4.36664, 18.4521, 2.47509, 27.8709, 4.72643, 16.1395, 20.9724, 27.306, 11.3621, 2.23138, 14.8631, 10.8406, 6.86807, 29.1778, 16.9236, 14.0559, 10.8632, 28.0121, 16.6599, 14.9723 ], 
          [ 28.7069, 27.6642, 18.1525, 6.42932, 14.5235, 25.5359, 5.9317, 18.9898, 6.42603, 19.9966, 5.0517, 2.87563, 25.8796, 2.47379, 22.1657, 19.5542, 26.8088, 22.7022, 2.82118, 22.0443, 24.8538, 4.81152, 14.5108, 9.85684, 29.0085, 10.8843, 24.9149, 6.19618, 11.1107, 18.4191 ], 
          [ 15.4132, 21.1112, 29.2543, 12.536, 16.8825, 15.5223, 17.144, 28.7241, 12.213, 9.17917, 19.0016, 15.1156, 19.0861, 5.26401, 23.2555, 29.9882, 10.3855, 22.9285, 4.98328, 7.45174, 28.1165, 17.1342, 2.41634, 29.429, 5.10816, 1.80111, 3.38669, 6.04367, 29.6908, 28.1329 ], 
          [ 5.04708, 7.71815, 21.5769, 12.4981, 1.87726, 9.39394, 13.8114, 14.4377, 7.65109, 21.3561, 21.4982, 22.1246, 9.14776, 9.81531, 23.7271, 6.32934, 28.8973, 9.92581, 22.7836, 1.27309, 14.423, 8.20956, 29.4233, 25.5738, 13.6107, 2.02425, 10.3099, 7.76482, 16.4771, 6.5967 ], 
          [ 9.7798, 9.00225, 17.5757, 28.9683, 18.393, 7.32315, 7.72522, 10.7916, 28.168, 13.4732, 21.6854, 14.8823, 24.2821, 15.7301, 28.1349, 13.7428, 20.6991, 10.2724, 5.55815, 17.1743, 26.8767, 1.17549, 14.8075, 4.00443, 14.9054, 16.7939, 8.07401, 4.73403, 4.82943, 25.6181 ], 
          [ 9.01073, 26.6492, 9.755, 4.44028, 6.11929, 10.9014, 10.5231, 24.9141, 15.2545, 16.6339, 9.79891, 14.5233, 6.33935, 29.3222, 10.2737, 28.4821, 25.7935, 23.7408, 23.056, 17.3045, 25.3105, 5.69439, 21.9012, 13.3796, 8.2588, 2.50647, 16.9817, 15.4982, 23.6299, 12.4638 ], 
          [ 19.0417, 22.584, 21.2234, 18.9648, 2.30393, 17.337, 27.1632, 29.4081, 25.8806, 13.8412, 19.2021, 21.9426, 8.53805, 16.5828, 29.7473, 1.7415, 17.7786, 20.4807, 19.952, 20.0357, 15.7669, 4.98156, 10.7661, 18.3938, 16.9841, 21.4183, 17.4326, 29.037, 21.5442, 6.90319 ], 
          [ 1.49278, 22.6235, 21.1002, 7.29277, 17.7669, 23.5053, 16.9979, 18.5015, 24.0486, 1.14357, 20.6534, 21.8727, 21.8888, 8.12233, 21.1433, 21.3957, 11.4717, 13.6744, 14.9853, 4.47308, 10.3118, 19.7317, 2.53448, 22.9649, 13.7071, 24.2134, 9.88819, 11.6041, 8.5657, 9.91177 ], 
          [ 26.4995, 19.9543, 29.9934, 18.6682, 3.28227, 19.448, 23.3322, 28.9391, 28.4012, 10.9796, 9.18127, 19.7597, 28.7745, 10.0607, 11.3847, 1.0775, 21.9183, 23.9811, 8.98065, 6.93184, 15.5266, 24.5297, 14.7616, 29.2174, 11.715, 4.60527, 22.3745, 19.67, 27.8434, 15.1096 ], 
          [ 18.5418, 29.3482, 4.70451, 27.5403, 10.9485, 8.84004, 14.7395, 21.809, 20.9258, 3.5111, 17.8636, 13.4407, 26.4186, 13.7166, 14.7418, 6.14776, 11.1299, 23.5602, 8.41267, 9.69156, 21.0055, 14.9568, 16.9138, 5.08756, 4.17756, 27.0909, 8.48828, 20.0283, 12.2597, 2.21058 ], 
          [ 2.57794, 19.1046, 2.48768, 17.8065, 16.261, 14.2197, 13.9691, 4.31713, 1.93493, 5.05094, 27.4998, 14.7404, 7.46756, 14.7162, 14.0405, 2.55092, 24.1259, 13.7749, 6.95564, 11.4372, 19.7904, 23.0883, 10.1136, 17.162, 12.937, 29.5657, 27.0025, 16.0799, 20.6502, 13.3503 ], 
          [ 9.7078, 15.0788, 26.7797, 10.0896, 27.8653, 15.873, 16.3366, 4.40488, 16.9364, 13.5886, 19.3232, 6.2405, 21.819, 10.4413, 5.92831, 4.2622, 10.0474, 12.094, 23.8115, 11.7986, 24.0614, 20.874, 18.5539, 23.597, 5.08794, 25.8163, 2.96339, 13.9975, 25.6352, 6.71238 ], 
          [ 23.6805, 27.5439, 27.5731, 24.0847, 18.1449, 14.1462, 23.2023, 19.2459, 7.70371, 16.015, 3.39919, 23.8616, 27.674, 28.8499, 2.89454, 11.0802, 18.2779, 18.8633, 12.7594, 17.4993, 7.18088, 26.0474, 21.5813, 27.4759, 11.6151, 1.51188, 23.6296, 14.3722, 15.2239, 25.5035 ], 
          [ 23.1411, 7.35536, 3.6549, 16.5519, 24.2644, 14.9501, 14.6136, 25.5257, 1.08425, 25.4578, 12.332, 1.86025, 22.0059, 19.5339, 23.181, 26.2655, 14.8272, 6.75813, 27.1571, 27.1464, 12.1964, 27.0021, 21.4754, 18.3217, 24.9365, 8.52961, 25.8511, 26.1715, 21.3613, 1.45126 ], 
          [ 7.15292, 24.4829, 16.5166, 8.13092, 22.8435, 22.3485, 13.7501, 1.31508, 20.1982, 26.4902, 29.378, 5.4076, 9.01565, 28.7775, 20.6912, 24.5233, 4.72348, 26.1087, 18.5838, 23.9418, 12.6492, 5.95322, 14.5221, 12.792, 20.1222, 8.95675, 20.2388, 2.31825, 19.4534, 22.3004 ], 
          [ 11.3067, 2.62451, 1.06047, 18.9144, 16.1722, 9.43927, 8.37859, 1.01309, 12.1145, 13.9328, 12.9427, 2.11049, 2.16318, 23.6041, 19.3212, 16.3801, 25.0795, 11.4192, 9.42967, 7.27905, 15.0595, 21.5126, 8.22616, 13.8981, 16.994, 23.9559, 3.3643, 20.3016, 15.7277, 13.2757 ], 
          [ 4.09181, 29.6943, 22.2636, 6.1296, 25.6896, 7.42968, 28.1504, 17.464, 21.4235, 19.0187, 17.0301, 21.6875, 28.0314, 21.5497, 3.83028, 21.3204, 9.0329, 7.08239, 26.4466, 20.0373, 7.60102, 9.14834, 12.8829, 14.7922, 4.21682, 10.9608, 16.4006, 22.9615, 17.2415, 26.3356 ], 
          [ 27.7795, 15.4691, 26.7746, 11.9544, 23.0464, 12.6171, 21.8938, 20.2775, 25.9629, 28.0711, 17.095, 6.8043, 20.7325, 2.83833, 29.7383, 24.6259, 20.0266, 24.1902, 10.1508, 12.1402, 18.666, 14.6345, 21.3261, 16.1204, 29.7373, 10.1496, 19.0926, 2.29533, 23.9009, 23.7579 ], 
          [ 25.727, 15.0892, 26.3985, 17.7553, 22.5031, 1.37018, 7.78048, 11.5695, 24.0607, 13.6598, 17.7501, 17.713, 20.7182, 2.753, 14.3023, 25.8071, 7.83595, 4.60497, 11.7805, 19.8447, 16.9483, 22.2166, 7.20765, 13.4347, 29.18, 2.01975, 13.0297, 6.03954, 7.201, 6.09981 ], 
          [ 8.61953, 15.452, 24.4864, 25.3876, 15.0825, 10.7757, 4.92988, 20.7126, 29.9236, 3.13881, 20.887, 9.65378, 24.5319, 7.97584, 22.1972, 28.6335, 19.4247, 22.7339, 18.2779, 8.87549, 23.6449, 24.0369, 9.47046, 28.4769, 2.09098, 5.59095, 29.8324, 7.20224, 22.0803, 5.36286 ], 
          [ 5.99151, 1.06825, 18.386, 11.7121, 20.4439, 7.7054, 22.3609, 19.4247, 19.7911, 12.5994, 4.69238, 10.4338, 24.2762, 15.6676, 23.2385, 9.85086, 14.0522, 25.4973, 1.89265, 4.67577, 20.5169, 1.33572, 15.2917, 14.8417, 1.07681, 14.715, 19.6022, 4.63734, 7.98058, 10.8378 ], 
          [ 21.6734, 22.2938, 6.08818, 25.6879, 7.21613, 13.9973, 21.9039, 26.4666, 13.4302, 20.7128, 20.746, 10.4415, 7.57319, 5.4005, 12.7767, 8.93535, 26.0909, 23.6965, 18.1625, 27.1818, 13.2159, 29.2742, 29.5831, 29.8215, 19.2736, 12.1373, 1.84689, 15.6311, 25.063, 1.65192 ], 
          [ 3.53772, 19.5586, 14.4966, 12.1284, 6.9129, 28.2151, 21.3143, 26.111, 16.0953, 14.8281, 18.3832, 11.1339, 23.0787, 29.8905, 9.98984, 28.8224, 24.5193, 7.85103, 18.6003, 6.79466, 13.0624, 4.38804, 21.2017, 2.29473, 1.17619, 10.0228, 1.67007, 24.7156, 1.99091, 24.8234 ], 
          [ 16.1632, 16.471, 18.4187, 9.16889, 3.14478, 21.2653, 16.3507, 27.7594, 19.1142, 26.893, 12.512, 24.0588, 27.614, 5.31146, 25.0407, 14.9066, 3.87594, 5.37745, 7.22821, 7.61195, 6.92779, 6.65151, 13.8431, 28.7414, 5.20208, 7.81104, 21.2287, 23.4121, 19.093, 19.1769 ], 
          [ 27.3927, 19.8049, 14.4796, 2.04417, 10.9392, 24.4215, 13.9161, 22.7645, 21.1896, 1.08624, 23.2794, 3.11104, 15.2287, 11.4979, 2.21161, 21.7152, 19.0717, 22.6604, 16.4193, 4.0171, 21.4793, 8.6498, 26.4245, 9.42934, 8.77923, 7.13373, 21.0692, 15.1242, 21.5728, 7.91654 ], 
          [ 18.057, 5.032, 24.1942, 29.4019, 21.3719, 21.0431, 10.2891, 15.6258, 14.8154, 8.42831, 2.97512, 11.9799, 14.3281, 14.7276, 6.67492, 18.2035, 10.7509, 16.987, 8.48631, 19.4652, 18.7498, 14.9552, 15.5301, 22.4305, 26.1636, 1.63822, 15.2369, 28.8244, 9.4257, 13.8883 ], 
          [ 10.8278, 17.6199, 1.54151, 18.8316, 22.8809, 11.424, 28.8982, 7.89994, 6.09891, 4.01864, 6.64752, 11.5585, 25.2289, 17.5848, 21.5112, 25.0211, 25.6868, 10.6743, 28.7525, 28.1199, 2.53882, 29.6095, 14.6124, 10.4015, 1.91196, 2.58046, 9.97142, 4.07476, 17.4338, 27.6336 ], 
          [ 10.2078, 29.3925, 25.0278, 9.29776, 6.53611, 19.0274, 3.41032, 16.2318, 11.8924, 4.42317, 4.08872, 11.2749, 25.1032, 1.03757, 16.3977, 26.49, 11.26, 8.58068, 4.53287, 7.67406, 19.7852, 29.888, 14.9056, 8.03903, 15.9497, 3.48094, 23.9775, 2.28221, 27.5967, 12.5655 ], 
          [ 16.8841, 26.5255, 3.16265, 15.7743, 24.5383, 24.0664, 19.4681, 13.2609, 21.693, 22.1508, 13.8151, 19.3709, 7.89167, 16.9023, 16.3547, 5.92093, 21.0725, 22.7822, 26.2116, 13.1077, 4.8708, 25.6506, 29.3268, 22.8114, 11.8246, 5.66227, 12.1129, 21.2115, 20.1024, 21.3225 ], 
          [ 25.0341, 5.89345, 8.31599, 14.6516, 3.7149, 3.12817, 23.4924, 28.9707, 3.14909, 28.8878, 10.0646, 3.0328, 3.65085, 18.2841, 21.5868, 2.78544, 9.52913, 8.61772, 27.4396, 1.00547, 24.0042, 9.82656, 21.6946, 23.862, 8.28382, 24.0678, 27.1274, 14.878, 24.5809, 26.7007 ], 
          [ 19.2714, 9.0177, 10.2213, 4.54308, 21.516, 28.5718, 22.8548, 5.98472, 14.108, 10.9102, 7.50449, 15.6688, 4.39413, 21.8559, 21.437, 13.8028, 12.4707, 21.5054, 17.6062, 20.2203, 29.2884, 6.91406, 28.7013, 28.7639, 29.7887, 22.801, 5.04383, 3.94914, 10.7366, 21.7595 ], 
          [ 10.4049, 16.2567, 16.7411, 24.7499, 4.09542, 24.8728, 12.0262, 17.3252, 19.8734, 10.114, 1.00761, 5.50258, 8.49848, 17.3218, 2.2738, 17.5144, 18.8676, 1.74255, 28.707, 22.3066, 7.96855, 29.2357, 22.6666, 21.0741, 29.3567, 7.24739, 14.1853, 26.9978, 4.19346, 2.89104 ], 
          [ 21.6903, 23.9386, 8.04291, 7.63316, 10.7831, 6.31618, 24.2335, 12.4246, 29.9657, 6.2417, 18.722, 14.054, 18.7549, 9.57245, 27.7573, 6.01049, 17.1929, 15.1187, 7.76446, 17.2923, 26.5313, 28.768, 25.6978, 4.96582, 7.44567, 21.6973, 26.2862, 6.0399, 14.9774, 24.5243 ], 
          [ 14.9116, 27.3888, 1.59077, 26.5029, 20.3506, 9.19721, 27.7794, 15.6867, 24.3598, 15.5617, 16.8294, 25.9431, 2.11401, 10.2378, 17.0172, 9.99619, 1.01295, 29.501, 4.77121, 29.4127, 24.7765, 23.7748, 13.8116, 20.5176, 25.571, 7.63492, 5.12012, 7.36476, 19.355, 16.6318 ], 
          [ 5.54906, 14.7489, 2.73413, 8.46126, 25.3118, 24.1134, 17.8674, 22.5551, 27.5405, 6.42561, 3.37715, 2.12654, 4.33628, 3.92806, 18.3841, 3.44374, 21.6622, 6.03436, 12.5384, 6.30503, 5.33258, 18.5316, 26.0375, 25.2569, 6.71301, 26.3997, 27.5336, 21.5027, 16.4012, 7.57567 ], 
          [ 18.6968, 1.86713, 19.628, 20.8389, 28.8787, 4.53493, 17.619, 24.3939, 13.1039, 2.95198, 25.1323, 6.71595, 6.73023, 5.26428, 10.1509, 27.005, 6.22644, 16.3689, 17.4363, 6.5323, 28.7592, 14.9549, 14.737, 5.23699, 16.1327, 19.182, 23.4123, 23.5863, 21.8186, 16.7339 ], 
          [ 4.11207, 28.2538, 29.1454, 18.2896, 8.46618, 20.4659, 3.0712, 20.6168, 27.3512, 26.9843, 18.4047, 7.29125, 17.5517, 11.1797, 27.8246, 15.7983, 27.6019, 18.8171, 17.5366, 28.9104, 25.4899, 19.963, 5.46332, 1.69569, 29.0368, 28.5347, 4.5191, 21.1376, 23.5594, 6.42542 ], 
          [ 25.5815, 20.9645, 26.4799, 23.5943, 6.59444, 9.38619, 10.0562, 3.87006, 19.7224, 27.1766, 4.22746, 10.5172, 28.2751, 27.7746, 14.8467, 9.8202, 12.1292, 22.5202, 21.8841, 3.53303, 4.54787, 11.7886, 24.4574, 13.3683, 23.5448, 6.95224, 28.9599, 17.2245, 7.5835, 14.7766 ], 
          [ 13.6793, 7.34352, 23.88, 11.5397, 14.4085, 4.49732, 20.7554, 9.81004, 1.87965, 15.823, 27.696, 20.5218, 27.5009, 8.27323, 20.2025, 7.33523, 22.9021, 18.3228, 21.2153, 8.62164, 25.3208, 21.4251, 6.88757, 19.7283, 7.63557, 16.6878, 19.0676, 6.3022, 11.6724, 11.1524 ], 
          [ 15.3085, 15.3843, 28.5314, 4.80147, 2.27463, 26.4397, 16.641, 7.33778, 11.7732, 15.9375, 23.7357, 21.7866, 15.698, 21.3095, 21.9307, 17.1941, 5.3904, 1.26175, 15.9728, 6.07125, 9.57111, 11.7577, 28.1759, 13.9918, 21.3191, 22.3046, 28.0669, 28.6807, 28.711, 23.5226 ], 
          [ 14.5372, 17.3538, 4.67132, 17.9299, 4.20655, 20.2994, 21.0882, 18.6104, 1.59527, 18.0335, 2.42139, 11.228, 19.5274, 1.231, 24.1138, 28.8788, 24.741, 20.7259, 1.0108, 22.9433, 28.264, 7.52208, 15.1797, 2.6102, 6.08428, 24.9746, 8.9306, 17.8131, 2.66413, 27.5924 ], 
          [ 27.6083, 4.76374, 23.7799, 9.12922, 14.9357, 24.2239, 21.1214, 13.0177, 12.5401, 5.616, 20.7609, 29.916, 8.00898, 26.2348, 10.365, 17.5842, 13.3645, 18.9762, 21.4246, 10.6827, 19.2428, 10.3929, 20.6862, 17.0998, 8.39459, 18.6568, 16.0146, 12.2319, 21.8284, 24.2563 ], 
          [ 29.8485, 8.32214, 15.5117, 10.4311, 21.0148, 1.43177, 19.3284, 26.4505, 11.2671, 23.2276, 26.4172, 4.92336, 4.93582, 3.5855, 4.30306, 16.8932, 2.68692, 2.82354, 10.6051, 18.8805, 8.76659, 15.8936, 18.5005, 27.0824, 17.1533, 21.1954, 24.7974, 29.7906, 27.3863, 26.6011 ], 
          [ 25.4275, 29.7091, 6.92032, 18.2121, 28.7527, 17.197, 25.4245, 18.3491, 18.6609, 11.0973, 3.34191, 12.7705, 12.4195, 3.02113, 7.94549, 15.2216, 20.8479, 2.01745, 19.8071, 28.3934, 8.16148, 17.481, 5.17301, 10.0531, 21.9945, 14.241, 25.1407, 15.2369, 7.03999, 4.70691 ], 
          [ 22.4548, 4.47293, 23.929, 13.8369, 3.36163, 2.83498, 22.181, 6.96096, 29.9835, 1.70406, 11.4144, 15.0141, 1.69467, 23.7065, 15.6093, 17.1224, 28.7584, 16.238, 19.1171, 7.06209, 5.64999, 1.34737, 6.74433, 22.9791, 6.90061, 27.1398, 19.6664, 9.96956, 8.23719, 20.6159 ], 
          [ 13.0247, 29.6318, 9.52204, 5.22317, 25.3489, 26.2436, 5.80503, 9.6283, 25.2735, 1.77446, 17.5652, 5.45947, 16.8096, 1.06917, 17.6656, 28.6477, 9.9576, 15.2259, 1.84899, 10.9218, 14.3116, 21.3573, 17.8015, 1.52045, 22.0495, 14.996, 10.9021, 24.6046, 29.9238, 25.7471 ], 
          [ 4.90183, 22.1273, 19.8524, 28.7564, 15.5451, 16.7033, 16.2628, 26.5112, 25.3844, 8.01776, 18.5552, 2.08655, 8.44603, 6.22356, 2.2405, 6.38361, 21.6787, 13.2462, 8.59601, 15.9303, 20.7402, 25.5513, 7.37131, 20.4576, 3.93215, 2.40587, 23.8692, 15.679, 3.35595, 4.03081 ], 
          [ 7.16481, 5.51701, 24.9953, 17.2414, 9.82801, 11.9483, 24.5494, 11.04, 17.7338, 18.5106, 21.7215, 8.53168, 7.86919, 12.3502, 8.04016, 11.6289, 8.35599, 23.5224, 26.4063, 11.5881, 26.2013, 25.0118, 2.23147, 4.12879, 9.38139, 10.8191, 28.2461, 15.5385, 10.3101, 28.196 ], 
          [ 17.2493, 1.13529, 12.3284, 26.2982, 22.972, 18.7644, 20.2524, 12.3037, 12.5187, 29.4633, 26.4471, 23.9475, 13.3583, 20.8067, 2.65908, 4.20566, 11.2589, 10.8758, 18.1691, 25.8198, 23.8171, 29.4498, 7.33024, 10.3387, 9.39522, 11.1771, 7.97855, 22.475, 5.24951, 3.40851 ], 
          [ 4.86832, 21.092, 24.137, 14.2541, 15.9276, 29.8251, 20.9428, 6.68644, 22.104, 29.0759, 8.99073, 3.1585, 6.76942, 4.94765, 5.50228, 3.36193, 1.06807, 15.9139, 5.93285, 9.44826, 6.40603, 11.2753, 29.8652, 19.7397, 20.7545, 1.6513, 11.1283, 22.2826, 10.942, 18.5961 ], 
          [ 10.5897, 23.7747, 12.1189, 20.053, 12.7149, 22.2832, 2.58487, 8.84992, 2.08945, 21.9948, 16.7368, 25.6375, 13.858, 14.3934, 22.012, 19.0079, 3.98058, 22.7042, 5.23388, 15.9852, 3.36105, 19.8483, 9.94511, 15.1102, 25.5046, 26.0105, 14.6216, 1.52754, 20.5209, 17.4871 ]
        ]
      ];
r = [
        [79613.7,72885.6,55479.6,52891.6,57555.1,54636.7,66496.5,74825.9,73646.1,72827.7,63700.7,60988.5,53806.5,79623.7,62417.7,51175.5,52778,76470.4,68082.3,81524.6,63026.6,56115.7,53820.4,52337.1,77132.9,52097.4,62343.4,51018.7,52147.8,58134.7 ], 
        [62315.2,52310.5,58956.5,63658.2,58794.9,73740,54949.5,57985.5,77398.6,51573.4,71396,64101.5,68893,74637.8,66451.4,74617.3,55342.7,58894.2,76681.7,72205.5,68114.7,51445.2,76953.8,73095.8,66141.6,79104.5,60592.1,62824.3,68676,54491.2 ]
     ];
d = [
        [63790.1,61289,12380.1,26038.3,10773.6,23289.5,72310.5,43325.3,79098.8,50613.5,66876.4,21572,43276.3,59049.7,41340.1,46305.1,39013.7,4180.64,37810.2,4459.28,88294.1,51575.8,21365.3,59558.3,59546,51112.2,29547.3,71220.3,78106.7,35641.1,9379.77,12236.6,45651,53913,20735.2,33352.9,23903.4,88191.4,7214.58,61529.3,83525.7,38690.9,54436.7,80345.7,39824.8,28102,61408.8,61426,9369.35,50239.1,88111.3,87392.1,40956.8,49868.4,17924.1,3893.43,45119,22415,70963.7,42119.4,81909,9268.78,36629.1,42938.1,59615.7,35552.5,8660.69,55372.1,32762.2,9053.53 ], 
        [44761.3,21276.1,49721.1,59647.3,51197.8,48825.3,34670.2,19399.1,12452.5,42770,66274.8,29743.4,5257.48,69039.2,88925.8,18688.5,64172,21089.4,46886.4,44780.5,50651.2,1048.89,10472.4,14729.8,43288.5,45400.6,61052.3,7399.79,27357.4,79120.5,71145.6,16149.5,70266.3,73946,64454.3,42104.4,12249.4,51713.2,17717.2,38502.6,51341.9,77658.1,27715,27371,31278.9,37808.1,30416.1,78228.1,35151.9,6350.44,23541.4,66979.2,64293.5,52302.1,35850.8,55604.5,43975.4,42113.4,87185.8,68600.7,11437.2,5766.48,11895.6,50995,5030.73,64971.3,60790,48907.3,16347,62791.6 ]
     ];
