/***************************************
* STOCHASTIC OPTIMITZATION
* OPL S2FVPP Data Generator
* by Jordi Mateo Fornes
* Model = S2FVPP; Stochastic (2S) MIP 0-1;
* Representation = Compact Representation;
****************************************/
I = 100;
P = 30;
C = 70;
G = 2;
p = [ 0.01, 0.01 ];
pc = 0.02;
ORCHARDS = { 1, 2, 3, 4, 5, 6, 7, 8, 9, 10, 11, 12, 13, 14, 15, 16, 17, 18, 19, 20, 21, 22, 23, 24, 25, 26, 27, 28, 29, 30 };
CUSTOMERS = { c1, c2, c3, c4, c5, c6, c7, c8, c9, c10, c11, c12, c13, c14, c15, c16, c17, c18, c19, c20, c21, c22, c23, c24, c25, c26, c27, c28, c29, c30, c31, c32, c33, c34, c35, c36, c37, c38, c39, c40, c41, c42, c43, c44, c45, c46, c47, c48, c49, c50, c51, c52, c53, c54, c55, c56, c57, c58, c59, c60, c61, c62, c63, c64, c65, c66, c67, c68, c69, c70 };
CGV = [ 12.3627, 25.4853, 10.2329, 20.683, 21.6957, 11.0756, 12.6637, 23.7192, 29.747, 24.3349, 1.6333, 4.32544, 17.4201, 25.5003, 10.542, 10.3069, 6.75382, 6.70016, 11.987, 21.4619, 7.0354, 11.8772, 18.5623, 13.2509, 13.4674, 27.7698, 8.32329, 29.4574, 27.4332, 21.3173 ]; 
s = [ 2.84972, 2.63639, 2.93451, 0.881518, 0.485698, 0.306994, 0.525129, 0.687612, 1.28742, 1.62071, 1.89602, 2.57658, 2.98629, 1.68668, 1.96442, 1.15665, 2.91276, 1.99352, 2.48752, 0.680003, 0.552075, 2.98777, 0.270194, 1.38969, 0.820449, 1.419, 0.795921, 2.74378, 2.73897, 28.9432 ]; 
CSV = [
        [
          [ 14.8073, 24.057, 14.3908, 2.24133, 19.7684, 15.5376, 15.8231, 17.3699, 23.1706, 5.81479, 2.36125, 28.5333, 14.0178, 16.3487, 2.99347, 16.3401, 10.0364, 26.5003, 10.6637, 1.4199, 14.9831, 11.0075, 13.1904, 6.84618, 6.3325, 9.11461, 6.08518, 1.12976, 25.3845, 10.9589 ], 
          [ 26.0613, 12.6565, 13.9109, 15.1259, 10.0342, 9.44678, 9.54639, 22.3625, 23.2016, 14.1036, 18.5423, 8.95391, 29.6375, 26.6427, 4.56019, 22.2212, 28.9004, 12.0383, 22.4744, 19.935, 19.7623, 14.2638, 6.78633, 24.3501, 28.5022, 25.554, 19.229, 28.6788, 8.0863, 3.27472 ], 
          [ 4.90683, 11.9392, 27.6775, 1.81659, 2.739, 14.8178, 22.8694, 25.6794, 23.8877, 25.7716, 10.495, 23.931, 8.90165, 10.3587, 7.81203, 10.8624, 1.50984, 21.5253, 22.1516, 21.7379, 16.0319, 10.9696, 26.5285, 7.92207, 14.0208, 28.5159, 1.21635, 22.2529, 18.8143, 22.8423 ], 
          [ 15.7299, 4.42806, 26.2679, 23.5241, 8.02044, 3.59005, 22.5504, 1.53505, 28.8644, 15.7627, 19.5954, 15.274, 6.01055, 2.96695, 27.5441, 28.0849, 1.62038, 18.0064, 12.5836, 19.7001, 8.06943, 27.3541, 16.2494, 27.3574, 24.4072, 24.8255, 11.1818, 22.3143, 6.88218, 17.0862 ], 
          [ 17.2961, 12.1993, 15.8091, 25.1263, 8.40412, 13.4634, 29.0893, 16.9114, 9.96624, 9.49288, 9.93537, 1.02641, 14.5241, 6.93507, 18.3031, 17.0963, 7.71701, 28.7952, 25.734, 15.8085, 21.5898, 15.6122, 16.0016, 13.8603, 12.6198, 20.5542, 19.5128, 2.00002, 4.38124, 13.1782 ], 
          [ 9.55468, 26.8829, 17.314, 11.4047, 27.7586, 5.68399, 16.4666, 19.2281, 9.39382, 6.40531, 12.6337, 28.3292, 26.4742, 18.7992, 8.62105, 9.46414, 25.4821, 13.2459, 8.12586, 25.9222, 4.42852, 19.0418, 6.51294, 17.844, 22.9972, 5.47925, 23.8098, 25.4473, 25.3562, 24.531 ], 
          [ 17.2672, 6.35695, 29.1252, 15.5726, 24.4206, 27.7686, 3.56975, 1.61766, 20.1425, 26.8867, 11.9203, 29.7078, 4.81207, 19.7555, 13.1646, 15.8309, 14.7197, 5.87422, 23.3256, 25.3527, 25.3103, 4.7798, 9.47, 10.9258, 7.51094, 5.47999, 25.1321, 3.09532, 25.2971, 14.8963 ], 
          [ 7.19283, 7.00527, 22.3899, 5.87038, 15.1991, 28.8782, 26.4206, 19.2028, 7.85135, 18.1887, 6.34174, 22.4732, 22.876, 29.7694, 19.848, 20.7119, 5.84437, 26.1758, 12.1978, 13.13, 20.6877, 19.3562, 12.2602, 24.6441, 22.8164, 28.2579, 27.297, 23.9421, 28.9782, 28.968 ], 
          [ 23.9645, 15.0523, 10.369, 11.4685, 27.6268, 6.87518, 13.2019, 5.21476, 2.58823, 26.4804, 14.7915, 15.1439, 27.0063, 11.694, 9.27837, 22.6914, 18.9285, 23.0275, 9.45214, 12.8843, 10.2666, 9.79919, 21.983, 9.37717, 10.4721, 13.8459, 19.2366, 24.6913, 6.78577, 6.27097 ], 
          [ 3.74899, 23.2704, 8.96353, 29.5124, 29.2723, 14.0738, 13.8686, 27.7975, 23.8695, 14.3402, 24.8744, 15.8338, 2.74021, 7.82545, 20.885, 26.4764, 8.27418, 11.3839, 24.9423, 29.1419, 11.3036, 6.67442, 9.75838, 14.8244, 3.43762, 13.475, 20.638, 27.3965, 26.9744, 26.4091 ], 
          [ 18.1236, 28.9673, 8.9451, 6.58901, 29.7278, 14.8695, 19.6648, 23.0777, 13.7614, 26.9464, 13.0081, 8.09952, 21.7146, 27.3472, 26.524, 22.4332, 29.6872, 16.4406, 16.6546, 8.02581, 15.076, 10.9768, 24.0774, 17.0108, 28.3531, 4.47484, 6.67454, 2.26898, 8.96535, 28.0161 ], 
          [ 5.73717, 26.6601, 12.473, 7.85989, 6.46023, 17.8446, 10.1359, 25.6664, 24.4275, 24.9417, 26.8255, 17.2094, 15.3372, 19.7524, 25.9222, 1.91304, 27.5626, 18.3543, 16.8705, 25.4138, 14.7006, 11.8677, 25.9221, 15.9938, 25.182, 17.9854, 8.19684, 22.5173, 8.27996, 22.6134 ], 
          [ 14.7097, 16.8777, 23.8291, 4.19913, 27.5963, 15.6477, 10.6102, 19.0559, 20.5393, 10.1568, 13.1689, 6.35988, 9.26433, 2.19434, 16.5067, 4.26254, 10.4015, 5.077, 19.4705, 21.7256, 28.905, 15.2785, 16.0544, 16.6801, 22.3357, 15.3206, 9.94146, 1.63522, 17.0988, 28.8547 ], 
          [ 14.86, 22.9633, 22.0045, 27.123, 4.92857, 15.0428, 20.4802, 28.781, 17.9624, 5.19205, 21.017, 26.8647, 1.43214, 27.9512, 1.60727, 9.48726, 27.8402, 4.78918, 5.29607, 4.33669, 13.8255, 7.05867, 6.423, 6.06125, 12.2804, 8.19733, 23.2226, 7.79217, 3.58094, 24.4739 ], 
          [ 3.66522, 13.2495, 19.1016, 8.48627, 15.7368, 24.9577, 15.0556, 18.789, 9.50319, 11.909, 29.165, 11.7675, 23.8054, 21.7763, 21.232, 24.535, 15.9639, 21.4063, 21.9275, 11.6408, 5.36418, 19.4466, 23.4936, 16.0328, 5.775, 21.9137, 20.7562, 25.4519, 15.6912, 16.2079 ], 
          [ 26.6055, 11.809, 29.9287, 27.4373, 5.21378, 24.645, 20.8005, 23.4119, 5.77674, 26.7121, 26.2724, 17.5738, 10.6106, 29.9366, 29.235, 2.99158, 11.7902, 22.208, 19.9947, 16.0369, 7.28221, 21.979, 23.7779, 2.02101, 1.81912, 29.2726, 2.24917, 22.6156, 29.1679, 18.8056 ], 
          [ 5.85462, 26.6436, 17.3545, 19.1156, 10.48, 27.355, 26.696, 29.164, 26.7648, 9.22455, 3.41949, 27.9838, 18.7275, 26.6569, 7.14645, 3.67145, 7.17994, 25.8208, 2.9396, 1.88605, 18.0912, 27.874, 24.8686, 20.2808, 24.123, 24.5859, 5.67299, 25.0372, 24.9171, 14.3197 ], 
          [ 23.6322, 1.97243, 28.3608, 1.42184, 12.4827, 17.1874, 29.6463, 24.2644, 22.4731, 27.0289, 22.3068, 25.4215, 19.6006, 27.0492, 15.066, 26.8688, 4.03791, 2.4766, 18.3305, 21.9878, 24.1556, 19.1298, 18.2116, 19.6164, 8.33215, 4.72965, 7.553, 23.9328, 6.89183, 11.1154 ], 
          [ 26.9237, 3.28329, 23.2162, 29.2833, 3.83036, 2.39259, 19.4838, 13.3818, 10.3569, 11.9283, 12.8907, 28.3874, 2.18509, 21.8837, 1.32559, 11.0939, 17.7205, 1.57833, 20.4354, 7.81779, 18.9378, 28.8122, 28.0476, 24.2654, 10.7924, 2.25378, 1.04334, 6.42794, 10.2906, 27.7892 ], 
          [ 15.4992, 2.19818, 6.25063, 20.5848, 16.8809, 20.1303, 2.03043, 16.9949, 28.2193, 17.5184, 1.81239, 11.5579, 12.1037, 12.5338, 26.0222, 29.429, 6.02445, 12.4047, 28.4538, 14.5377, 17.5755, 5.9917, 19.6252, 10.4235, 1.56675, 14.0765, 24.5924, 27.8298, 28.3492, 12.932 ], 
          [ 4.70133, 25.015, 22.5234, 11.8516, 25.5442, 21.2808, 18.7365, 17.3472, 26.8898, 20.4327, 1.05011, 22.1215, 3.5736, 1.52534, 6.63703, 17.8861, 26.5391, 27.5247, 13.5819, 21.1996, 13.9337, 11.9247, 13.7507, 8.19637, 10.9779, 4.92092, 27.2555, 14.5594, 2.25202, 15.6608 ], 
          [ 2.27892, 24.1052, 12.343, 29.1578, 5.10892, 16.0232, 13.7253, 21.621, 24.4681, 9.12465, 18.5835, 14.1135, 6.25974, 10.3064, 13.0682, 26.7339, 10.0601, 11.3969, 20.9799, 26.1415, 18.675, 10.6009, 16.3709, 7.58883, 10.3546, 10.4914, 9.89096, 25.4214, 2.44428, 28.3935 ], 
          [ 26.3573, 20.1505, 4.98501, 22.3032, 4.99229, 2.8938, 22.0281, 13.5872, 20.4316, 24.0403, 6.26897, 7.37882, 11.6531, 17.2183, 25.535, 29.5843, 26.8406, 19.9116, 16.6166, 3.73948, 29.3556, 27.1886, 7.4679, 10.7014, 15.0732, 11.6423, 20.1275, 3.94599, 18.259, 6.48159 ], 
          [ 6.28376, 1.04454, 6.45516, 27.8521, 7.62682, 28.5848, 17.5424, 24.3826, 11.8108, 26.5228, 19.4386, 27.1433, 18.9878, 9.43083, 20.2722, 3.14295, 13.9685, 27.5789, 17.5966, 5.22221, 9.57177, 5.31555, 1.10574, 25.9187, 16.5101, 27.5418, 26.7841, 19.3233, 16.1613, 1.51599 ], 
          [ 10.1152, 26.9106, 9.11538, 21.3251, 22.6321, 19.9837, 11.431, 12.249, 5.06274, 12.4101, 18.725, 15.946, 5.40668, 14.2765, 29.2236, 4.83895, 14.9472, 14.8364, 26.3253, 24.4904, 28.8714, 9.02885, 27.2427, 20.4888, 19.9899, 7.93136, 25.2675, 15.3092, 12.0963, 21.9264 ], 
          [ 26.9418, 7.87738, 11.1473, 17.9744, 8.73002, 26.4966, 26.1434, 5.44647, 27.1204, 5.35479, 20.6577, 29.7265, 25.0668, 27.8943, 23.9715, 9.38704, 14.9601, 16.1824, 16.9012, 11.1913, 4.80069, 16.8058, 25.5858, 9.06049, 20.0141, 2.04877, 7.7849, 15.5626, 12.7841, 10.5684 ], 
          [ 20.1271, 27.2007, 8.53575, 12.2693, 16.9003, 20.5742, 6.6818, 24.518, 8.38892, 5.11316, 8.71564, 8.63371, 23.9847, 14.9126, 8.24485, 6.43289, 7.86315, 11.2924, 27.4162, 28.6033, 28.7245, 7.72925, 8.4851, 28.5186, 6.95165, 11.4405, 27.3332, 15.2882, 20.4588, 11.2665 ], 
          [ 3.96999, 19.4938, 9.065, 19.3753, 13.6691, 23.8115, 4.33997, 9.30487, 27.4615, 17.3256, 6.88411, 19.5696, 20.6946, 20.6523, 21.5371, 2.60691, 14.2634, 2.49244, 22.7886, 26.9132, 21.6851, 21.7484, 11.2065, 3.60128, 29.6892, 28.9663, 23.9877, 8.57568, 2.07792, 27.5124 ], 
          [ 27.8258, 12.3738, 19.4031, 4.9607, 29.0639, 12.896, 2.38412, 24.3987, 27.907, 19.9135, 13.9301, 17.0229, 21.0198, 3.20636, 11.9767, 12.8053, 27.415, 12.2037, 2.44818, 12.2862, 22.465, 7.42992, 14.0888, 29.9358, 5.45416, 15.9102, 12.3881, 20.7039, 5.46814, 1.04349 ], 
          [ 3.47344, 23.6008, 25.2587, 12.9965, 17.634, 4.63839, 18.5362, 13.2845, 21.3, 2.8197, 23.2951, 17.1549, 16.9594, 25.7039, 4.10323, 7.18107, 12.5254, 16.2376, 12.0265, 3.36344, 5.73291, 12.4861, 16.3536, 27.3136, 22.5169, 28.1091, 22.606, 4.84871, 14.609, 4.50701 ], 
          [ 7.1953, 11.191, 28.2006, 26.0377, 11.422, 15.0226, 21.9652, 24.8805, 28.7028, 24.4334, 26.5201, 8.54253, 17.0933, 1.6077, 22.9471, 12.0878, 21.3447, 24.1266, 28.7689, 22.5289, 10.8397, 2.58925, 4.97244, 29.9083, 14.971, 8.90267, 19.3675, 13.3356, 3.48804, 24.9028 ], 
          [ 14.0475, 1.71353, 10.5553, 28.8966, 3.77566, 5.29729, 19.9244, 16.5121, 28.7399, 20.2398, 21.4763, 27.6843, 19.748, 5.88348, 2.70034, 15.925, 3.9528, 10.9335, 28.8831, 2.76386, 19.2229, 5.35931, 7.35045, 18.1203, 11.9556, 1.5513, 26.0265, 7.80564, 22.8093, 21.4815 ], 
          [ 24.3172, 1.62521, 25.0387, 13.0282, 22.907, 26.6197, 23.339, 11.8535, 13.1121, 22.3387, 4.97767, 28.3647, 19.8029, 12.2645, 11.011, 26.571, 11.0769, 14.9171, 12.1309, 25.3837, 21.0467, 23.7595, 10.4054, 8.00738, 19.3537, 25.7813, 25.0986, 22.4185, 19.0287, 9.44301 ], 
          [ 13.2157, 27.9061, 25.4764, 4.29788, 17.615, 20.4266, 20.9657, 7.21282, 6.02628, 1.91849, 3.2903, 3.21507, 3.0733, 5.78908, 4.99506, 23.8766, 9.99407, 16.9646, 19.2072, 2.81912, 29.5549, 22.3686, 16.398, 3.07554, 5.56309, 14.0466, 28.1891, 27.0196, 18.7555, 3.06127 ], 
          [ 18.4021, 10.6049, 29.4388, 29.1681, 20.885, 17.5772, 10.7809, 26.8889, 23.6179, 18.8137, 29.289, 27.4263, 25.4649, 19.9131, 3.04485, 23.701, 24.2212, 15.749, 11.3706, 16.677, 2.29879, 11.7794, 25.9028, 15.5192, 29.4281, 28.4532, 21.5178, 28.6576, 29.9715, 11.5448 ], 
          [ 23.191, 6.68039, 16.8034, 7.36552, 6.78418, 16.7293, 24.2637, 4.93454, 27.0463, 17.3498, 13.8859, 24.7263, 2.07987, 22.4973, 27.1127, 8.47767, 10.7209, 18.9472, 20.2041, 18.2631, 14.8369, 29.4636, 25.0131, 27.7046, 10.7836, 15.7637, 21.2726, 28.4912, 27.4171, 7.13242 ], 
          [ 17.7425, 16.1424, 22.4732, 18.0735, 11.8211, 19.6788, 26.9665, 13.3782, 10.6435, 2.99649, 28.804, 28.9684, 19.087, 6.71526, 25.2212, 7.66643, 17.9687, 25.714, 6.02952, 16.8845, 5.51788, 20.9999, 3.06054, 22.5119, 23.6385, 14.7944, 6.31404, 6.79635, 15.503, 2.97764 ], 
          [ 29.3675, 13.7509, 8.97574, 16.2927, 3.06047, 14.2032, 23.1097, 22.2967, 27.4467, 28.4869, 9.33409, 22.5371, 13.2753, 15.7666, 17.3658, 7.88096, 27.0116, 8.99564, 26.6576, 20.1039, 12.331, 22.7323, 22.3571, 8.00253, 12.9364, 1.60492, 27.3211, 7.25239, 27.7112, 18.6828 ], 
          [ 26.8123, 21.7923, 21.8184, 18.5807, 18.0892, 9.15513, 18.0443, 23.15, 9.00683, 20.6952, 11.8969, 19.5217, 24.478, 28.0092, 20.3399, 10.7448, 17.5775, 25.3456, 26.3953, 22.4519, 12.158, 10.5251, 8.81268, 21.9668, 5.57374, 25.4749, 20.7517, 5.71322, 4.53258, 7.47064 ], 
          [ 14.9698, 15.0478, 22.0334, 23.804, 22.5527, 13.5938, 7.3382, 1.28228, 8.64868, 3.46352, 26.9089, 3.32912, 11.1615, 7.69082, 22.006, 3.34212, 9.15023, 5.68147, 3.58395, 3.45823, 2.83432, 28.3863, 26.3545, 1.78756, 24.5122, 29.3897, 14.4809, 3.90938, 18.9205, 26.1637 ], 
          [ 7.69902, 23.0654, 2.44158, 4.82981, 6.66694, 28.4392, 7.25389, 15.082, 26.7241, 24.7903, 7.51991, 6.11278, 17.4225, 22.612, 10.9866, 23.7991, 19.714, 8.62798, 25.4481, 27.6755, 5.07899, 18.955, 6.45299, 11.9271, 16.4858, 19.4315, 6.32861, 19.5022, 25.8393, 20.8075 ], 
          [ 10.1683, 27.5462, 10.2037, 3.77304, 19.8334, 16.0888, 13.7853, 15.1154, 13.682, 19.2312, 9.61749, 29.8963, 17.9137, 25.3709, 24.4161, 18.0368, 20.6169, 28.0045, 23.4351, 20.1574, 16.1112, 7.14204, 1.21513, 3.54093, 2.17897, 5.15009, 23.1377, 20.3786, 15.6486, 14.1288 ], 
          [ 19.0379, 22.0767, 10.5119, 28.0406, 16.5556, 17.9852, 13.7521, 6.609, 8.61261, 16.1625, 15.6069, 17.0725, 7.26157, 2.52648, 10.782, 19.1317, 12.7838, 1.16909, 26.1094, 12.1916, 27.0655, 19.2468, 24.8715, 18.4859, 4.51022, 12.9401, 2.32616, 6.57781, 23.6267, 22.2795 ], 
          [ 13.0316, 28.0504, 24.3655, 8.17818, 1.56682, 2.5765, 29.6973, 16.5326, 6.97837, 15.2709, 24.1042, 6.38306, 14.4991, 3.5849, 20.8782, 23.0331, 22.2709, 29.6886, 14.3597, 4.25869, 6.26102, 18.3348, 14.0244, 10.8546, 29.3209, 17.217, 13.8589, 27.1324, 19.5001, 5.14636 ], 
          [ 2.86079, 19.012, 14.0595, 8.45106, 24.0676, 29.0957, 24.0928, 26.9052, 4.89116, 29.3337, 25.1698, 6.24653, 14.5473, 11.2727, 19.1814, 9.0624, 6.21135, 16.2413, 7.08262, 13.3021, 27.699, 13.5053, 18.4069, 20.5547, 13.672, 26.3193, 9.84619, 16.2449, 7.18511, 16.2506 ], 
          [ 2.48677, 19.7262, 18.7594, 24.5557, 6.7077, 27.8988, 19.7204, 24.2405, 22.7397, 4.80106, 25.5093, 22.0389, 12.9604, 25.8634, 14.4123, 1.56373, 2.13146, 8.58099, 29.4881, 2.19051, 14.6741, 23.2532, 23.2408, 11.9418, 27.089, 27.0228, 14.3264, 12.1854, 7.52521, 27.083 ], 
          [ 2.09406, 20.8762, 1.20534, 11.5491, 13.0513, 23.7229, 5.8662, 17.472, 21.9712, 11.5825, 12.8482, 24.2356, 27.3888, 7.52176, 25.4276, 19.4237, 12.5104, 12.2691, 10.8957, 25.7382, 25.3124, 20.4235, 18.9531, 9.90967, 5.70587, 15.0337, 23.6891, 11.8539, 8.64747, 2.73596 ], 
          [ 27.1564, 8.41854, 4.61868, 26.9296, 20.2262, 14.323, 12.4849, 25.886, 29.0811, 23.3105, 25.6233, 7.22578, 10.1782, 21.8841, 25.2467, 28.8091, 2.27646, 11.121, 25.013, 10.6436, 29.8892, 12.4327, 15.1726, 13.1333, 18.8478, 15.871, 29.8381, 13.8769, 27.001, 10.7392 ], 
          [ 21.191, 1.28862, 8.31242, 6.19961, 26.2964, 20.0995, 21.3493, 21.0984, 28.7738, 17.7837, 5.77139, 20.4867, 3.09616, 22.2342, 5.95657, 18.2549, 5.31727, 28.0814, 1.21038, 26.9238, 20.5811, 11.7871, 19.8833, 20.9312, 23.538, 29.8691, 11.786, 15.597, 25.6458, 22.2083 ], 
          [ 2.85791, 2.16752, 22.166, 1.94928, 24.7989, 5.81832, 11.499, 20.6777, 3.42151, 12.5673, 26.5794, 25.1651, 13.0249, 1.18436, 18.999, 20.8278, 11.8411, 22.9517, 16.834, 8.90653, 12.1295, 29.4203, 19.06, 3.69465, 21.1724, 5.78939, 18.9147, 11.5985, 18.1963, 4.28831 ], 
          [ 13.94, 29.9611, 13.8002, 24.26, 16.7265, 11.2222, 16.3307, 28.547, 19.4767, 3.91103, 19.3862, 29.0447, 25.0327, 3.27798, 16.95, 3.16571, 21.7476, 9.68369, 7.59174, 25.2587, 26.8189, 14.7269, 13.9189, 28.0246, 25.8517, 12.4539, 14.9773, 5.40679, 3.42604, 1.7393 ], 
          [ 17.1374, 17.4331, 17.4366, 14.3703, 29.3887, 14.2651, 10.6926, 23.8714, 18.0583, 23.4356, 10.1092, 4.07289, 8.39891, 21.8297, 25.4819, 24.2577, 20.2029, 24.9833, 4.41599, 26.4247, 5.28014, 16.2818, 8.71735, 7.14365, 12.2483, 25.0759, 3.4316, 20.1117, 19.8609, 28.2457 ], 
          [ 26.699, 8.68722, 23.532, 28.0747, 1.65614, 5.71903, 24.3384, 25.5459, 22.4814, 23.9509, 9.92008, 21.0321, 24.9521, 4.83214, 1.17407, 2.44188, 15.7867, 23.0327, 22.99, 18.2756, 22.1636, 16.4629, 14.5271, 3.20351, 23.1644, 10.9418, 7.56222, 1.96761, 1.70126, 13.8235 ], 
          [ 26.3089, 21.9633, 26.5645, 14.3069, 1.25199, 19.0624, 1.97017, 7.32214, 4.15842, 7.78835, 25.573, 26.137, 27.9454, 26.6948, 15.5612, 2.62558, 12.1096, 2.39176, 28.8051, 4.05784, 25.051, 10.7125, 25.4133, 16.2786, 9.7845, 20.8079, 14.0385, 14.9484, 2.92543, 9.36745 ], 
          [ 4.46565, 22.9301, 6.16017, 17.9485, 4.06382, 5.22238, 29.7162, 26.2174, 13.7045, 22.7391, 29.2921, 9.12126, 7.26231, 26.9278, 1.34417, 24.7335, 10.3813, 29.5503, 24.349, 27.713, 14.5965, 2.30033, 9.11718, 14.7949, 29.6846, 16.9022, 26.9983, 3.245, 6.70753, 11.9318 ], 
          [ 28.6598, 1.64729, 5.73495, 14.8726, 3.81826, 27.7756, 19.8804, 2.0365, 12.852, 27.6258, 1.74626, 3.22417, 19.1142, 25.8643, 4.92325, 14.4963, 7.50076, 10.741, 2.36605, 27.0801, 19.2897, 10.1937, 7.94834, 20.8998, 12.4567, 21.482, 17.0703, 5.35034, 28.5874, 7.47131 ], 
          [ 22.5161, 12.2895, 29.5642, 19.793, 6.09833, 4.67499, 24.7482, 9.60689, 22.0703, 10.2793, 21.1901, 28.2523, 7.59476, 8.29446, 17.9653, 23.4826, 22.8598, 25.2194, 22.5061, 25.0311, 18.0997, 2.20253, 28.6272, 3.04661, 3.00641, 25.9041, 26.006, 24.2849, 11.6781, 17.5695 ], 
          [ 4.28889, 27.2167, 7.76603, 15.9147, 11.7801, 23.4267, 3.50382, 25.3303, 6.25926, 11.899, 7.44997, 1.31769, 7.48641, 8.86674, 13.1179, 4.22086, 17.2559, 8.94916, 17.4544, 17.1743, 26.2263, 20.1785, 23.4053, 5.27457, 19.2149, 26.1471, 12.4561, 23.6297, 3.68778, 14.9586 ], 
          [ 24.1253, 16.9367, 4.6968, 21.91, 7.05988, 19.4208, 7.77097, 8.70018, 16.3863, 11.6791, 10.4182, 29.4705, 7.07391, 1.2983, 6.83117, 18.4289, 28.5644, 26.8506, 20.9515, 22.2327, 14.8673, 28.2603, 12.1738, 27.1581, 26.934, 6.62768, 9.22014, 13.4702, 4.97864, 12.8639 ], 
          [ 12.5144, 12.8808, 8.62109, 9.96764, 18.3514, 1.98639, 3.76395, 19.333, 15.4611, 17.2324, 4.136, 28.3555, 8.12623, 28.5133, 22.6867, 3.04067, 14.4847, 18.8441, 20.1544, 27.0637, 24.7745, 16.7065, 19.0501, 15.5029, 19.8806, 22.0141, 21.9487, 28.0946, 3.38404, 25.8358 ], 
          [ 6.47903, 19.6451, 15.0788, 17.3108, 23.8957, 28.6479, 17.0554, 15.3095, 25.1496, 29.2384, 4.74776, 10.4343, 16.7218, 2.25859, 9.57247, 2.60187, 25.8276, 8.74521, 8.44219, 16.7065, 10.756, 11.4391, 7.08082, 13.5284, 22.3426, 29.1237, 28.8522, 26.3763, 21.1928, 16.572 ], 
          [ 13.0138, 11.9475, 17.9819, 20.1931, 25.0947, 18.9076, 5.0198, 18.1242, 5.11048, 11.6927, 10.4567, 7.3625, 7.51758, 6.7832, 1.79401, 4.44173, 17.1995, 18.1763, 25.096, 24.5129, 16.8044, 18.1134, 13.9261, 9.72453, 13.7725, 9.38959, 5.73079, 15.4219, 5.34419, 18.0724 ], 
          [ 21.6647, 9.62043, 23.1321, 26.5475, 1.42591, 3.14117, 16.9409, 9.57958, 11.0656, 2.05953, 14.1478, 5.02405, 25.9943, 2.92598, 4.77585, 20.4127, 22.9155, 4.21315, 17.3752, 24.715, 6.28042, 18.9547, 28.7335, 9.43521, 11.3455, 22.4982, 14.7724, 4.45299, 19.1276, 23.5513 ], 
          [ 16.6874, 28.5607, 26.1048, 4.39102, 21.4263, 10.372, 3.26281, 10.9376, 24.0411, 16.9577, 15.0744, 2.05001, 5.32745, 3.7474, 15.4722, 29.19, 15.1531, 25.9592, 1.81241, 2.02369, 14.6647, 13.1412, 29.2227, 26.5429, 4.56566, 15.5351, 9.37491, 22.394, 4.42478, 26.7471 ], 
          [ 22.9826, 8.23316, 11.6247, 5.3129, 22.959, 17.9244, 5.30455, 4.76317, 14.8467, 1.38456, 18.1503, 7.82918, 3.01591, 10.8344, 4.36507, 23.1908, 9.85169, 16.4922, 16.6967, 28.1968, 19.1903, 13.0916, 24.8558, 5.01085, 6.89401, 16.6498, 23.0546, 16.3818, 5.40908, 7.06457 ], 
          [ 25.2855, 22.4704, 19.873, 16.0601, 6.28843, 19.1495, 16.5956, 26.3317, 6.31042, 20.0535, 19.7194, 6.47305, 25.0518, 3.76517, 7.30136, 16.8518, 1.59125, 12.7762, 15.7141, 5.22519, 17.3801, 23.4269, 25.185, 2.31653, 21.1249, 13.307, 21.9713, 2.00209, 14.2554, 8.32934 ], 
          [ 20.825, 24.238, 23.361, 1.56498, 9.47494, 8.39765, 4.0403, 2.24892, 29.2096, 3.68703, 4.43498, 1.06238, 16.0565, 4.02418, 14.0097, 29.3775, 1.59353, 5.60593, 28.3035, 6.40644, 14.2339, 20.2901, 20.3581, 6.69105, 12.1569, 25.5087, 11.353, 20.7186, 16.817, 7.39316 ], 
          [ 17.2512, 15.6322, 15.3301, 10.5229, 27.2544, 10.2623, 10.5416, 12.7904, 18.8492, 25.1123, 4.10713, 9.73861, 13.0294, 2.90328, 8.5459, 20.8107, 13.0817, 25.4017, 1.08668, 24.8972, 13.1868, 14.1062, 15.7929, 16.555, 25.6012, 9.36616, 13.2931, 28.8805, 16.9171, 4.16934 ], 
          [ 9.50849, 12.5064, 27.9245, 21.2848, 9.00217, 23.0439, 8.96488, 15.4688, 3.05316, 28.0145, 17.1734, 10.9835, 12.2223, 18.4556, 23.7125, 10.1273, 5.35217, 4.85848, 14.7544, 21.3695, 25.3375, 1.43869, 4.04992, 10.4787, 4.52178, 22.2119, 13.7138, 16.6665, 5.66444, 26.3197 ], 
          [ 18.9979, 6.16099, 4.38444, 1.3014, 29.3474, 24.1343, 17.9823, 14.7214, 19.7532, 5.60531, 22.7975, 16.1184, 26.7104, 24.5267, 2.9626, 16.7474, 19.2283, 6.66526, 1.96707, 24.8315, 22.4088, 29.323, 4.19815, 17.9924, 28.5334, 22.0236, 13.3696, 11.2402, 11.3515, 14.2703 ]
        ], 
        [
          [ 15.6451, 2.70236, 2.25201, 27.0493, 13.7752, 18.7135, 25.9677, 15.5623, 20.8948, 4.49438, 27.555, 5.90505, 11.7974, 3.44354, 19.8151, 17.3621, 11.7063, 18.9354, 21.8597, 26.6161, 19.9725, 3.21353, 5.03521, 5.70608, 4.75664, 13.9455, 17.0319, 22.5897, 14.3641, 4.83539 ], 
          [ 2.95276, 7.52229, 10.1886, 9.00673, 19.7036, 7.20942, 18.5452, 7.45654, 15.3201, 27.4774, 21.36, 26.6502, 8.23178, 25.0387, 29.7988, 23.8909, 11.8538, 9.74773, 4.3685, 5.47123, 23.0961, 5.66454, 14.2147, 1.6733, 23.1686, 19.1748, 21.9182, 7.70656, 29.786, 25.124 ], 
          [ 25.8297, 17.7676, 19.6486, 6.27838, 22.726, 7.03131, 19.5813, 17.7507, 15.9027, 28.7511, 24.5619, 23.093, 15.0113, 6.47774, 7.56536, 22.1452, 10.5714, 2.94689, 18.9344, 7.29727, 6.17328, 20.6274, 23.0177, 2.47406, 11.9585, 5.68198, 7.12589, 23.4626, 1.06646, 7.32462 ], 
          [ 10.8334, 27.602, 26.8536, 5.6601, 19.1662, 27.0107, 1.46192, 24.0133, 7.72706, 9.5067, 19.4194, 3.08987, 17.4904, 3.65435, 15.686, 24.7457, 19.4295, 6.24911, 24.1842, 17.8561, 8.30685, 19.0144, 18.6543, 2.95592, 15.4043, 24.2114, 15.3822, 25.8828, 16.7703, 4.30493 ], 
          [ 4.27516, 10.8484, 22.273, 9.222, 29.1618, 13.788, 21.9746, 28.2196, 22.6903, 22.795, 12.8906, 19.0309, 12.9763, 7.16173, 14.1272, 16.7524, 25.2811, 16.1287, 22.4755, 14.1228, 27.1206, 2.24881, 3.214, 20.5706, 1.63619, 27.2923, 28.3473, 27.6374, 18.2336, 9.89307 ], 
          [ 8.76937, 1.54718, 15.2726, 3.75794, 28.1414, 28.714, 6.24621, 3.92333, 4.93101, 23.0839, 13.533, 13.0413, 21.9273, 18.6529, 24.8301, 13.1728, 24.2665, 9.10686, 24.6733, 16.5566, 13.071, 6.20893, 3.80597, 29.1895, 3.2354, 25.0084, 17.2941, 9.48994, 1.1591, 1.94512 ], 
          [ 6.09378, 19.5698, 7.21882, 16.4623, 22.6013, 4.11936, 27.882, 20.9567, 16.7592, 22.9594, 1.42631, 20.421, 12.7018, 4.25528, 13.2925, 4.78502, 16.3167, 22.169, 5.85689, 10.1006, 17.0976, 3.26383, 13.0076, 2.3151, 7.22252, 11.0049, 27.8318, 3.61074, 22.7177, 6.6539 ], 
          [ 6.16761, 21.2889, 24.0296, 1.28055, 4.82278, 21.5435, 23.1017, 8.21341, 17.6604, 5.32801, 3.02573, 15.1264, 1.96633, 20.3297, 2.40571, 8.92999, 18.6209, 22.5187, 3.26624, 16.3777, 13.496, 17.4709, 21.0614, 18.9736, 29.3031, 19.2554, 24.3247, 11.3248, 13.7147, 20.9906 ], 
          [ 17.4374, 4.04202, 23.9739, 22.09, 20.6322, 24.5272, 8.10202, 19.455, 15.9388, 28.3369, 5.28619, 19.5567, 19.939, 27.0408, 26.8335, 20.1348, 9.50518, 8.99496, 4.02443, 24.0902, 24.4947, 19.0139, 21.3155, 23.2815, 18.4872, 25.9328, 12.2037, 11.8962, 19.2164, 15.4075 ], 
          [ 10.2835, 2.79619, 1.58611, 2.79443, 23.0971, 9.32747, 19.5656, 15.4526, 14.9962, 21.0388, 3.71437, 10.5919, 3.76628, 3.22272, 27.6159, 18.1755, 11.6104, 14.6802, 28.0794, 16.0118, 13.8037, 16.6434, 2.52442, 17.703, 4.26833, 29.1795, 29.1498, 14.2261, 14.3886, 17.6504 ], 
          [ 11.8365, 2.71497, 11.0184, 12.1991, 26.5651, 19.4355, 7.53456, 14.2321, 9.22326, 21.2668, 13.0788, 9.59585, 28.6207, 3.69207, 15.5769, 8.34452, 18.6739, 21.789, 15.7017, 12.6526, 19.1286, 15.7651, 12.9232, 22.5202, 24.1619, 2.74953, 8.63086, 26.8881, 20.8242, 9.32643 ], 
          [ 27.2566, 1.45543, 6.65897, 22.3633, 21.6609, 22.7831, 23.1733, 12.4718, 29.3649, 4.88965, 7.66694, 18.1496, 24.0931, 20.9816, 6.04656, 15.5749, 20.7828, 29.4147, 4.12481, 1.26655, 24.3559, 27.7038, 19.2531, 22.495, 14.2683, 12.8904, 29.4848, 17.3638, 18.8479, 5.91314 ], 
          [ 18.2399, 5.61698, 2.92694, 24.0047, 9.10117, 21.3088, 18.4812, 28.4973, 11.1854, 12.8518, 21.2891, 10.4723, 20.208, 3.40053, 17.9462, 7.29966, 11.267, 23.3754, 28.1311, 4.39164, 11.9007, 1.29435, 5.9219, 15.4081, 2.85438, 13.6649, 16.5003, 27.8001, 29.4034, 29.5801 ], 
          [ 3.09709, 21.6244, 21.7048, 27.6509, 16.7108, 23.3969, 22.5141, 21.5175, 6.84739, 28.6676, 18.9419, 4.56517, 8.29925, 15.7211, 13.4285, 20.2179, 24.935, 4.712, 28.5974, 4.4853, 29.0449, 11.0372, 11.5811, 26.9625, 1.91227, 14.3937, 23.9083, 24.2878, 2.67683, 29.928 ], 
          [ 21.0041, 7.89712, 10.5137, 2.12455, 28.7572, 23.1696, 23.4827, 10.0536, 12.1177, 27.6342, 13.4913, 19.8703, 3.9094, 6.39814, 6.47861, 13.4163, 7.1637, 14.8263, 1.96499, 13.6574, 20.8498, 3.05488, 13.2563, 15.9935, 21.0841, 21.1591, 7.13363, 12.5944, 16.3764, 13.7517 ], 
          [ 8.73962, 16.0063, 26.653, 29.1439, 3.54709, 3.23052, 2.97532, 8.58636, 3.42776, 26.8253, 2.64306, 17.6584, 27.3051, 24.8318, 29.8187, 2.16701, 19.6773, 26.8374, 20.5614, 27.9204, 23.2394, 17.5361, 18.4504, 15.4997, 25.6449, 24.0265, 4.79615, 29.5488, 17.7039, 8.21966 ], 
          [ 12.5733, 18.4821, 19.528, 11.6248, 9.27271, 26.215, 4.32271, 20.3372, 14.2907, 23.5149, 26.6392, 12.6203, 16.2601, 11.7552, 14.4659, 22.5809, 6.49327, 10.8276, 3.98154, 24.4775, 20.7988, 19.576, 12.018, 18.1708, 20.6113, 1.12744, 15.4476, 16.3213, 5.03546, 28.9386 ], 
          [ 21.2922, 10.7759, 22.4091, 17.5538, 12.3515, 14.804, 10.9061, 21.4517, 15.5422, 27.2976, 1.98109, 4.31055, 11.6011, 10.3523, 15.8582, 27.0244, 20.5018, 16.3658, 13.1676, 2.86265, 27.4373, 12.8076, 17.5179, 18.5273, 9.44046, 10.9658, 13.0352, 3.01113, 1.0099, 15.4096 ], 
          [ 25.6197, 24.1452, 12.3553, 28.2972, 15.8171, 5.46252, 28.6485, 2.89418, 29.0888, 10.7696, 6.1462, 10.2651, 14.8237, 24.6438, 12.1317, 24.2974, 5.98806, 19.2668, 18.7072, 26.8482, 8.63688, 25.991, 29.417, 10.9883, 25.7354, 11.848, 2.2466, 8.39309, 17.6351, 7.31174 ], 
          [ 21.0671, 10.6313, 2.32316, 19.4653, 18.6128, 9.6663, 17.6026, 29.8842, 17.8292, 14.8242, 12.4446, 23.327, 14.6647, 22.504, 1.2302, 9.84175, 17.3464, 14.4929, 2.22125, 21.2926, 16.4059, 19.6935, 16.92, 9.02574, 23.6888, 24.475, 13.4389, 27.6228, 1.16886, 19.4453 ], 
          [ 9.10596, 17.3663, 9.75008, 12.229, 3.84003, 12.3352, 18.9381, 25.231, 26.0783, 17.9582, 15.6139, 28.2186, 15.7779, 8.21762, 3.52009, 16.1732, 18.9471, 22.1453, 7.41545, 13.3094, 15.1077, 18.1394, 6.84475, 3.00214, 10.0928, 28.8284, 26.3236, 29.8196, 4.21247, 18.6475 ], 
          [ 3.6701, 6.56477, 23.0534, 21.5245, 6.9625, 15.0157, 12.9101, 9.09791, 5.49639, 1.52135, 18.7845, 18.5223, 23.8614, 3.38828, 25.4218, 12.0695, 4.66267, 27.0947, 27.2031, 14.4205, 1.34321, 18.5006, 27.7311, 28.9778, 18.9844, 15.7811, 5.62287, 3.02396, 20.0437, 2.15934 ], 
          [ 19.4283, 27.8503, 24.9612, 18.8628, 20.8119, 25.5652, 8.81704, 7.22517, 23.0295, 18.8582, 19.8949, 18.7692, 6.86187, 25.6424, 3.30788, 19.2643, 8.22308, 20.9462, 1.77677, 19.4901, 20.2773, 3.01168, 22.1933, 1.43403, 14.446, 21.0952, 21.2655, 16.7264, 13.5924, 17.8547 ], 
          [ 7.65715, 25.1045, 19.0729, 16.5598, 16.7347, 16.4491, 4.43265, 9.49807, 18.7324, 28.6745, 19.27, 3.87219, 1.91106, 25.2006, 10.1935, 29.8406, 8.97744, 13.4219, 21.6199, 3.68885, 23.4731, 6.03204, 28.7493, 10.124, 19.5376, 4.38482, 3.59499, 13.3102, 24.6526, 5.80733 ], 
          [ 21.8331, 7.28878, 22.1491, 5.83717, 29.4996, 24.3176, 26.771, 26.0779, 7.67255, 17.5089, 2.34487, 28.45, 9.14632, 12.0331, 12.4119, 6.02165, 18.1848, 15.2126, 22.8205, 20.7552, 2.05646, 22.5865, 29.3498, 17.9402, 25.2079, 11.3747, 1.37372, 12.025, 10.6305, 2.88134 ], 
          [ 4.35079, 20.9329, 24.7993, 3.70225, 29.5703, 18.8851, 18.2662, 4.7961, 8.80842, 1.62506, 2.85319, 29.5864, 22.4942, 25.7006, 19.9777, 7.13193, 7.06493, 8.56685, 24.5478, 13.8537, 1.59555, 10.9706, 26.1754, 26.0244, 20.1541, 14.0013, 19.2099, 1.97301, 9.8208, 11.4121 ], 
          [ 6.80077, 27.6242, 26.5458, 23.7525, 4.30397, 23.3284, 1.87115, 1.49883, 6.49796, 12.0059, 26.7578, 27.1338, 23.3095, 17.7338, 13.426, 8.52913, 1.38651, 26.2318, 29.1281, 12.0887, 4.38336, 10.4239, 28.8344, 27.952, 12.7305, 27.7671, 28.6452, 5.59132, 14.7312, 15.6604 ], 
          [ 24.0077, 25.7226, 17.4046, 20.6053, 12.2737, 11.9496, 8.823, 25.1951, 23.5526, 18.0091, 25.3176, 20.1699, 18.3541, 23.5352, 9.39058, 1.27559, 26.7667, 26.3813, 3.26941, 12.6091, 15.4559, 2.73034, 17.8148, 10.2647, 4.45822, 18.8287, 6.38472, 10.6059, 26.3543, 27.3783 ], 
          [ 28.8655, 16.0521, 8.72351, 21.6193, 14.8972, 21.1764, 11.4949, 28.0851, 10.9007, 28.5451, 25.5895, 23.498, 11.1774, 11.7852, 25.8047, 20.4092, 18.7671, 7.4998, 20.7389, 9.51539, 11.2217, 5.47703, 10.9138, 1.49371, 26.8361, 20.4742, 26.3262, 14.9968, 28.1777, 10.4344 ], 
          [ 11.5665, 8.60863, 1.48166, 1.27324, 2.55929, 12.1878, 8.66367, 11.2012, 24.773, 25.5972, 5.378, 12.8911, 26.8664, 1.84709, 16.0521, 27.4636, 20.0994, 19.1929, 17.1195, 17.1138, 20.9757, 14.6066, 11.1401, 24.1802, 28.9096, 19.1093, 6.59887, 5.42256, 18.3663, 19.3961 ], 
          [ 17.9422, 6.72786, 2.8966, 29.0825, 19.2739, 27.61, 27.2906, 28.4113, 24.1021, 25.6857, 13.9919, 9.1787, 29.2512, 1.10163, 19.1255, 29.3047, 16.0788, 23.9224, 6.20898, 20.1321, 7.75051, 2.32721, 17.1787, 13.641, 12.6131, 28.4486, 1.22572, 23.4357, 8.82298, 9.54386 ], 
          [ 5.29244, 23.7516, 12.8043, 21.1622, 5.87591, 21.4074, 14.8307, 22.6425, 12.8559, 25.5423, 26.8947, 1.08034, 24.3616, 2.82845, 12.552, 21.5465, 8.02168, 19.9334, 6.83414, 4.73034, 23.5748, 4.50858, 19.0503, 10.1544, 7.94916, 23.748, 7.76409, 22.149, 26.6046, 7.64089 ], 
          [ 4.53594, 2.30422, 10.0019, 9.51194, 12.9626, 20.1608, 29.8009, 26.6794, 20.6276, 15.9955, 29.1694, 13.4981, 23.3636, 20.1065, 11.7642, 11.7885, 8.02602, 5.20723, 5.34115, 3.61815, 25.9728, 20.6971, 21.5822, 6.32257, 29.6061, 2.87382, 20.8553, 14.706, 15.3155, 28.0526 ], 
          [ 25.6671, 4.06152, 29.2186, 17.5171, 5.7113, 19.6961, 26.3047, 26.8814, 20.0407, 20.1714, 16.9618, 12.3189, 24.3514, 8.69992, 10.4279, 17.9969, 16.5623, 6.14016, 27.0357, 6.70256, 24.8105, 8.78543, 10.9966, 17.4966, 7.5988, 17.996, 19.7068, 20.9625, 18.46, 13.5003 ], 
          [ 19.5398, 28.8561, 16.5275, 28.0369, 29.6076, 19.2138, 8.79415, 1.67495, 23.5336, 6.08189, 24.1037, 23.5915, 22.4122, 15.4534, 6.47222, 28.4874, 12.0841, 13.6293, 18.2139, 14.5925, 13.0616, 12.8367, 19.6693, 18.0155, 18.6113, 28.7708, 4.29652, 6.46315, 19.1078, 8.64066 ], 
          [ 13.0497, 27.001, 6.82852, 5.54249, 12.7545, 13.1339, 28.9694, 17.6246, 24.9325, 16.1122, 29.8018, 7.40022, 18.3533, 22.0415, 6.3111, 14.241, 23.3826, 3.52726, 23.0086, 21.3732, 18.0605, 12.7545, 26.4919, 8.96183, 2.2946, 19.0915, 15.6206, 17.1193, 27.8199, 14.0911 ], 
          [ 19.0662, 17.1816, 5.58766, 11.264, 20.0466, 29.7827, 15.7623, 24.3014, 27.1796, 4.06459, 22.7501, 4.27382, 29.6337, 10.8216, 28.2389, 10.4566, 5.96725, 12.3484, 6.40767, 7.589, 24.7949, 28.3064, 5.95145, 19.384, 13.5787, 23.7797, 17.9648, 28.3563, 2.1568, 3.21 ], 
          [ 12.3451, 16.3603, 6.86773, 28.1888, 23.9948, 3.49922, 5.46098, 1.61044, 2.81118, 28.8504, 29.8384, 13.1841, 15.8902, 9.98066, 26.66, 14.5295, 9.45111, 28.7787, 25.198, 3.84775, 20.0111, 27.993, 6.428, 25.9817, 6.40439, 28.6933, 27.8933, 10.0396, 4.26373, 26.5489 ], 
          [ 13.6255, 22.14, 22.4901, 12.0738, 6.12282, 12.4199, 16.9046, 6.35234, 11.6444, 8.95293, 10.298, 10.1416, 15.2846, 4.08009, 1.95089, 24.7611, 15.8299, 11.0922, 5.25211, 24.5191, 28.8707, 14.4694, 8.78656, 2.85119, 26.232, 25.0597, 11.8875, 11.6468, 26.735, 1.95003 ], 
          [ 24.8612, 24.4136, 15.3787, 1.63813, 2.17644, 25.1274, 8.23621, 10.8759, 5.20772, 10.9242, 15.1625, 12.0188, 3.73407, 25.6403, 26.2791, 28.5165, 14.3116, 20.7876, 29.1008, 15.7981, 24.5564, 24.2971, 13.6614, 16.1547, 5.37642, 11.7696, 15.7759, 21.3409, 15.4005, 8.07742 ], 
          [ 23.7144, 25.1331, 28.4357, 7.59414, 7.38411, 15.4653, 5.06166, 12.4773, 5.33857, 24.6795, 18.0663, 16.198, 18.6911, 5.60213, 19.8087, 24.179, 1.91801, 23.8751, 13.8048, 3.72635, 13.4141, 17.0038, 10.9239, 5.91839, 19.7951, 2.5076, 21.0612, 9.6234, 22.893, 2.11042 ], 
          [ 4.70862, 21.5997, 21.6823, 19.99, 4.49874, 9.59841, 5.27691, 27.7558, 12.0292, 7.29983, 9.26955, 21.2305, 8.41095, 27.4379, 15.4316, 28.7462, 27.0792, 1.13859, 16.7016, 16.9817, 17.5992, 28.2025, 28.6826, 28.4131, 5.83515, 1.16664, 12.3442, 21.3744, 16.7986, 20.3333 ], 
          [ 21.8724, 13.8793, 11.0614, 5.73933, 12.4212, 17.9088, 3.13635, 12.7606, 10.6784, 1.62793, 13.9381, 18.9867, 17.0165, 5.67489, 4.69382, 4.12926, 9.88522, 7.38359, 7.9174, 9.64742, 11.3333, 1.60341, 21.2755, 11.976, 25.6128, 5.99407, 9.75805, 23.2634, 22.7615, 15.3924 ], 
          [ 25.9985, 1.81159, 28.1755, 19.3573, 12.4742, 19.6883, 24.2523, 28.6171, 20.7022, 21.8891, 25.1717, 21.0264, 26.3793, 28.28, 15.2288, 15.7452, 27.9243, 15.8599, 14.7056, 3.13106, 12.909, 10.6773, 26.8905, 28.0896, 26.1045, 20.5346, 3.43567, 29.8985, 27.5249, 6.36924 ], 
          [ 12.3721, 15.7178, 28.3696, 1.34144, 24.2897, 6.54639, 1.24316, 21.905, 1.15776, 27.125, 26.0814, 7.4638, 3.28317, 10.7608, 19.0157, 3.3361, 21.219, 24.5859, 18.7297, 28.6942, 18.9494, 3.36897, 10.9233, 16.275, 4.55375, 15.272, 6.01177, 28.9452, 25.2407, 16.821 ], 
          [ 15.4581, 2.52061, 21.5038, 16.8883, 28.6115, 19.1812, 12.4459, 5.27288, 28.4095, 29.569, 19.9019, 18.3446, 11.0255, 19.0907, 12.9838, 7.59839, 4.18327, 1.75749, 25.4853, 21.0463, 16.266, 29.8113, 5.49789, 28.182, 5.86198, 26.407, 16.2822, 21.8996, 9.77342, 25.7916 ], 
          [ 15.8507, 21.866, 4.79377, 7.87136, 20.4546, 10.4705, 11.5205, 4.08586, 11.3716, 17.0389, 28.057, 12.6836, 4.22689, 6.63318, 28.994, 23.1616, 13.7437, 12.9137, 20.0945, 25.3243, 19.1045, 20.6643, 10.3847, 3.41131, 9.25202, 4.50546, 29.3741, 10.6399, 6.1198, 11.3644 ], 
          [ 4.14633, 17.8422, 21.3085, 17.4468, 19.001, 9.9217, 1.55846, 9.919, 18.0204, 14.1845, 8.2616, 11.9494, 20.6975, 17.6418, 16.8529, 17.8003, 3.52974, 11.4017, 19.0086, 13.079, 15.0816, 20.5361, 19.8165, 20.7786, 1.237, 2.6423, 19.6118, 7.35977, 27.5274, 10.1567 ], 
          [ 25.9135, 8.2565, 11.1182, 29.7153, 2.20606, 1.74535, 4.645, 13.3695, 22.4236, 19.8599, 29.4252, 28.6515, 14.0136, 9.63165, 23.4581, 6.59306, 19.5752, 4.61946, 22.6429, 12.5487, 12.1033, 29.6108, 26.859, 15.1404, 20.7814, 18.7119, 9.85531, 8.04748, 13.2674, 29.6047 ], 
          [ 27.7969, 9.48882, 5.86276, 8.28803, 28.673, 5.66521, 6.86543, 20.2521, 17.956, 12.5442, 8.78688, 28.3607, 28.3979, 29.1665, 28.4912, 7.54847, 27.6759, 14.5428, 10.6315, 24.8308, 16.5063, 15.9382, 11.6592, 16.5009, 15.2256, 29.4609, 12.1376, 8.31963, 27.6077, 9.20015 ], 
          [ 6.03888, 24.3612, 10.9916, 19.4304, 14.065, 22.0726, 8.20903, 28.0231, 13.0832, 18.3406, 20.5123, 9.2925, 13.099, 16.1428, 7.01834, 8.24373, 9.02015, 28.5823, 12.1483, 29.8855, 12.8662, 23.3685, 2.70824, 22.5206, 6.05263, 23.284, 6.19982, 7.05481, 1.61756, 12.857 ], 
          [ 6.73417, 28.2147, 20.2445, 11.8858, 28.8588, 8.18916, 15.9899, 3.87901, 20.7888, 16.465, 8.34558, 5.02656, 14.9715, 14.727, 23.2147, 19.6146, 15.3621, 19.5064, 21.2178, 19.0404, 19.9777, 28.1099, 15.4065, 27.009, 22.4086, 11.0582, 19.2436, 10.848, 4.33822, 18.8378 ], 
          [ 10.1201, 23.9951, 9.80052, 21.0061, 27.6538, 23.1793, 16.7454, 12.659, 20.1469, 10.7291, 25.943, 16.4407, 13.7863, 11.8449, 18.9958, 2.42006, 24.6919, 16.2071, 25.8337, 12.7704, 3.04849, 17.3473, 13.5256, 28.6416, 18.8031, 2.38008, 28.4488, 13.8009, 1.76844, 8.12705 ], 
          [ 1.26291, 14.534, 19.006, 17.0876, 10.9471, 23.827, 13.6247, 7.78723, 18.6614, 25.1459, 15.3815, 27.7101, 16.9611, 10.6137, 6.48541, 15.6349, 9.84298, 15.4332, 27.4884, 9.39304, 23.6071, 5.05304, 22.6899, 17.0151, 12.0248, 6.6524, 3.12023, 2.09739, 21.5555, 18.2394 ], 
          [ 24.4429, 17.2208, 14.8198, 29.5194, 4.49411, 20.8055, 25.8968, 21.4547, 3.8739, 17.4229, 23.9123, 21.0895, 29.7277, 11.7715, 12.1923, 5.11199, 23.6593, 21.819, 3.79994, 12.974, 14.3819, 2.73165, 10.2419, 23.1546, 17.9921, 20.3034, 11.9235, 13.0078, 27.3927, 10.5628 ], 
          [ 24.1234, 14.3617, 12.577, 6.23653, 14.6766, 18.5742, 22.7008, 7.7804, 13.46, 27.433, 20.6549, 4.79388, 16.6836, 13.8528, 20.7087, 15.0259, 4.80615, 28.5731, 24.67, 12.7722, 21.1794, 9.96585, 9.07892, 3.91977, 5.96245, 28.3243, 9.41957, 9.09745, 22.7855, 1.73086 ], 
          [ 7.33273, 5.35306, 5.30729, 15.6076, 25.5305, 1.48069, 2.16061, 26.4289, 5.80403, 25.3259, 21.8835, 27.4906, 17.7741, 23.069, 11.1503, 13.6024, 15.433, 4.67409, 8.8042, 5.87369, 5.24107, 2.38696, 22.2563, 1.80505, 1.11636, 24.7094, 5.94865, 17.1067, 3.95026, 6.53183 ], 
          [ 23.6597, 1.6024, 7.96314, 25.7472, 17.5948, 24.6576, 4.4223, 24.8039, 11.6597, 6.17599, 6.15577, 24.5121, 8.56946, 19.692, 18.6697, 9.57, 20.6134, 13.47, 16.338, 2.43011, 18.7269, 27.7423, 8.61886, 11.3575, 24.0051, 11.5508, 20.6519, 29.5887, 26.0865, 19.093 ], 
          [ 8.79718, 28.8076, 25.2908, 28.8772, 22.3195, 3.22758, 5.50677, 28.705, 12.926, 22.848, 1.97174, 10.404, 14.4925, 28.4287, 29.0866, 2.11089, 25.0665, 1.15563, 24.8554, 20.2281, 24.461, 6.37509, 28.2772, 29.9834, 23.0811, 25.6115, 28.8915, 16.9029, 3.11067, 14.8901 ], 
          [ 28.5661, 12.0571, 15.0429, 17.3605, 28.4585, 25.9152, 15.2528, 8.14076, 17.047, 14.8613, 2.27837, 2.83106, 22.1834, 29.9175, 25.3768, 8.17616, 10.0898, 13.0426, 19.5351, 18.0828, 27.6934, 29.7764, 21.1515, 1.06892, 27.1216, 16.5491, 23.0902, 22.408, 15.031, 26.9882 ], 
          [ 27.276, 17.9379, 25.4147, 21.2319, 13.3996, 6.78172, 16.3782, 26.4315, 29.5853, 13.6015, 17.2021, 19.0047, 9.32131, 10.5574, 8.21406, 19.1649, 4.83248, 20.6011, 3.92915, 14.1948, 15.3952, 18.3642, 29.9955, 24.677, 28.3525, 3.89112, 2.39995, 13.7245, 17.4928, 17.4304 ], 
          [ 2.9282, 7.55344, 3.76161, 27.6226, 14.5955, 7.02768, 10.1777, 24.9997, 21.8341, 22.7683, 8.78176, 27.0559, 22.0626, 10.1926, 20.3819, 11.8183, 4.88371, 11.2792, 5.81127, 18.2728, 2.38542, 17.1433, 11.7698, 26.3962, 27.6425, 4.34076, 18.6438, 27.5555, 27.054, 6.67933 ], 
          [ 3.10359, 25.2925, 1.67827, 7.33705, 21.5319, 3.65159, 1.18844, 14.3538, 24.3432, 5.02512, 17.4615, 15.8172, 25.1488, 15.2486, 17.4594, 7.16225, 15.1092, 13.2962, 12.4542, 21.0755, 19.8317, 5.56, 27.706, 28.4099, 27.2316, 11.3479, 5.7875, 18.124, 8.66461, 22.5995 ], 
          [ 12.912, 9.9947, 22.6167, 13.0367, 25.1977, 24.537, 17.6147, 21.9513, 21.3437, 20.2015, 22.8514, 11.2419, 23.211, 26.86, 28.3575, 18.2489, 12.3522, 19.5734, 29.6883, 11.1228, 18.6297, 5.82377, 29.4694, 2.09189, 8.44829, 23.3923, 15.7968, 9.28702, 6.16959, 10.7357 ], 
          [ 18.4486, 25.1695, 13.5924, 28.6236, 29.2589, 10.3197, 11.4772, 13.5389, 13.279, 23.2952, 16.7958, 29.459, 20.2053, 28.9377, 29.7626, 2.09337, 12.2114, 5.82597, 9.84838, 18.04, 13.099, 27.9087, 2.52005, 24.2058, 11.1551, 18.4376, 8.95745, 9.47776, 13.4917, 10.4834 ], 
          [ 27.2932, 29.5979, 11.2416, 20.4222, 5.69405, 21.2196, 8.58499, 14.9168, 27.7964, 7.41372, 4.07137, 8.18366, 9.50409, 7.30863, 21.5546, 23.7561, 13.6568, 1.29926, 4.4624, 8.88123, 28.1224, 22.0374, 16.4437, 29.8135, 10.9362, 21.9654, 7.77615, 4.10847, 14.9395, 20.746 ], 
          [ 6.68683, 7.30492, 27.4556, 27.3624, 3.50107, 25.829, 19.5042, 15.7042, 2.17325, 13.1541, 12.881, 20.9449, 13.1588, 21.6885, 12.3229, 28.5147, 5.5734, 6.69286, 2.04891, 26.9369, 18.1907, 27.5998, 15.4943, 24.7909, 22.913, 27.5415, 12.2603, 22.7582, 4.07039, 25.2266 ], 
          [ 29.0894, 9.72953, 21.2413, 22.286, 3.88969, 23.8822, 2.02255, 16.4963, 23.2631, 19.5645, 19.1185, 15.4979, 26.128, 21.0242, 17.1518, 14.0859, 17.2035, 3.15685, 28.2388, 23.9532, 18.421, 17.5591, 29.8592, 6.29013, 13.9356, 24.6935, 11.5591, 22.5922, 5.56303, 2.86037 ], 
          [ 4.22684, 1.51405, 24.6591, 26.8502, 11.6338, 5.0976, 2.3446, 22.8998, 19.5721, 21.5401, 13.1013, 6.69928, 5.01749, 9.30577, 8.61054, 13.8368, 25.7611, 12.822, 19.0439, 16.7001, 28.3418, 23.2525, 26.2358, 26.8778, 25.4319, 19.1095, 20.4886, 15.6281, 12.366, 4.08341 ], 
          [ 1.83912, 26.4693, 3.23677, 10.0223, 2.9951, 20.3183, 7.29659, 4.73946, 1.5805, 6.38794, 4.3626, 10.7763, 11.2224, 12.7004, 9.97018, 15.3053, 17.8783, 13.0537, 14.7829, 25.7347, 7.27456, 17.1997, 19.2478, 8.49353, 5.36264, 2.18945, 11.3649, 7.19018, 14.1897, 2.57048 ]
        ]
      ];
r = [
        [63916.9,81828.1,79204.2,77103.6,76455.4,74713.5,52442.1,80779.7,54221.8,64822.6,63823.7,74115.4,63081.8,65071.7,51925.7,78573.7,66166,73261.3,51581.1,79357.8,62104.7,77377.1,80672.1,69674.3,55738.5,63661.8,81074.9,64635.3,56069.1,76892 ], 
        [74759.4,76734.5,51690.2,56059.7,74298.2,62676.8,51707.6,66729.6,55062.8,60324.2,78473.7,56363.9,58318.2,68886.7,69295.7,67414.6,56481.4,61590.1,58870.2,63214.9,79660.8,54039.6,79910.7,59887,77316.2,75730.8,58263.6,78362.6,65961.8,53731.1 ]
     ];
d = [
        [32724,48023.2,68814,6775.22,82792.5,16858.6,7615.43,50568.2,60210.3,26977.7,51653,84671.8,32914.6,72420.3,83201.4,39863.3,4191.44,52584.9,55900.2,68477.8,15313.5,2588.74,72837.8,33257.1,30748.6,86508.2,14705.3,71190.9,62204.2,41676.2,24019.2,58565.8,17406.7,46545.3,19675.4,22382.4,56086.1,50629.3,38867.2,47302.1,65298.6,31531.9,33424.3,68004.1,66629.1,32775.6,56075,5438.71,86068.3,82648,69530.8,16832.5,52438,45487.1,31173.3,53265.2,75634.8,3347.36,87743.4,20096.9,79860.3,17716.6,49504.6,57508.3,29979.7,55770.4,3936.73,51714,63576.5,29596.7 ], 
        [14497.1,33856.8,55691.9,68538.8,85631.8,4487.21,80968.4,34253.1,72957.4,14152.4,39534.9,16449.5,89092.6,38148.1,22006,23479,32988.6,18970.5,25093.4,29418.2,67772.6,24399.6,6165.46,88733.2,28970.5,8122.57,26926.2,82494.2,83147.1,55209.2,84707.6,55768.1,42530.1,4233.33,18306.5,25455.3,71106.9,50764.5,36356.2,7269.54,7730.76,42691.1,70290.5,17607.2,4458.93,48259.5,71076.7,34608,60302,51911.8,31184.9,3821.3,63566.7,31343.2,72830.3,76270.2,15622.7,26402.7,41517.4,89729.3,63771,52635.5,35785.2,16174.2,81580,83084.1,66071.8,71889,26658.7,16069 ]
     ];
