/***************************************
* STOCHASTIC OPTIMITZATION
* OPL S2FVPP Data Generator
* by Jordi Mateo Fornes
* Model = S2FVPP; Stochastic (2S) MIP 0-1;
* Representation = Compact Representation;
****************************************/
I = 100;
P = 30;
C = 70;
G = 2;
p = [ 0.01, 0.01 ];
pc = 0.02;
ORCHARDS = { 1, 2, 3, 4, 5, 6, 7, 8, 9, 10, 11, 12, 13, 14, 15, 16, 17, 18, 19, 20, 21, 22, 23, 24, 25, 26, 27, 28, 29, 30 };
CUSTOMERS = { c1, c2, c3, c4, c5, c6, c7, c8, c9, c10, c11, c12, c13, c14, c15, c16, c17, c18, c19, c20, c21, c22, c23, c24, c25, c26, c27, c28, c29, c30, c31, c32, c33, c34, c35, c36, c37, c38, c39, c40, c41, c42, c43, c44, c45, c46, c47, c48, c49, c50, c51, c52, c53, c54, c55, c56, c57, c58, c59, c60, c61, c62, c63, c64, c65, c66, c67, c68, c69, c70 };
CGV = [ 12.3627, 25.4853, 10.2329, 20.683, 21.6957, 11.0756, 12.6637, 23.7192, 29.747, 24.3349, 1.6333, 4.32544, 17.4201, 25.5003, 10.542, 10.3069, 6.75382, 6.70016, 11.987, 21.4619, 7.0354, 11.8772, 18.5623, 13.2509, 13.4674, 27.7698, 8.32329, 29.4574, 27.4332, 21.3173 ]; 
s = [ 2.84972, 2.63639, 2.93451, 0.881518, 0.485698, 0.306994, 0.525129, 0.687612, 1.28742, 1.62071, 1.89602, 2.57658, 2.98629, 1.68668, 1.96442, 1.15665, 2.91276, 1.99352, 2.48752, 0.680003, 0.552075, 2.98777, 0.270194, 1.38969, 0.820449, 1.419, 0.795921, 2.74378, 2.73897, 28.9432 ]; 
CSV = [
        [
          [ 5.94174, 11.1251, 16.3364, 16.8591, 9.92266, 26.3454, 27.1529, 27.0969, 3.09164, 14.1807, 27.0033, 19.7999, 23.5799, 16.184, 25.7181, 15.7148, 23.9884, 29.6867, 9.47232, 21.7798, 26.3383, 19.3795, 21.2171, 8.02789, 29.5105, 18.1872, 18.4774, 4.40124, 11.8917, 29.9491 ], 
          [ 7.0881, 3.63781, 26.7661, 4.70519, 20.8006, 7.58303, 8.28641, 18.7838, 4.15789, 10.0214, 18.113, 16.3888, 13.5562, 25.9098, 5.54579, 10.6878, 13.811, 6.01254, 6.40205, 17.275, 18.5777, 11.188, 3.39485, 11.1046, 19.5738, 22.7606, 12.9932, 8.74042, 20.2506, 1.71583 ], 
          [ 26.993, 11.1595, 9.59706, 18.8216, 16.7318, 13.3117, 26.1932, 17.4308, 7.2429, 17.3787, 11.6256, 27.4554, 24.3959, 3.10496, 5.02038, 29.2391, 9.72403, 1.37676, 8.45952, 13.7106, 12.0502, 24.5056, 17.8465, 1.97664, 16.327, 15.0521, 16.3932, 26.287, 27.5337, 4.58979 ], 
          [ 11.9158, 23.6438, 18.0325, 20.8305, 4.05247, 4.92797, 25.3594, 15.8837, 22.6088, 18.7312, 19.7327, 23.164, 5.03505, 13.2463, 25.3957, 9.84434, 23.3701, 10.7233, 15.2931, 27.2127, 16.5071, 7.35801, 6.11532, 3.62295, 26.9534, 11.5656, 1.09945, 7.14115, 2.32844, 9.66207 ], 
          [ 10.5235, 18.3946, 21.233, 10.1074, 19.2455, 25.4855, 12.6688, 8.14723, 20.9119, 13.1563, 8.29698, 5.47117, 3.44432, 10.2071, 17.8157, 15.0724, 14.423, 4.82315, 14.9079, 3.05507, 10.0343, 1.52462, 20.2756, 1.14614, 10.5169, 8.76106, 22.1923, 13.1818, 19.6387, 7.14715 ], 
          [ 16.9872, 18.7537, 21.0652, 28.7684, 17.9383, 17.5691, 14.3263, 13.83, 4.96841, 9.88155, 29.4646, 15.5432, 21.7284, 28.8146, 6.14155, 15.612, 16.9766, 20.2152, 20.3544, 2.97707, 26.0278, 10.2805, 8.8464, 27.8827, 28.7751, 26.4063, 3.73211, 3.7618, 29.7772, 20.4019 ], 
          [ 25.0745, 28.2394, 25.3063, 16.1715, 28.509, 26.734, 2.48081, 14.9891, 2.95098, 10.4946, 21.1893, 2.47574, 16.541, 11.7854, 18.2537, 3.3451, 21.3275, 15.7431, 14.2309, 22.7816, 22.1217, 26.2527, 23.9978, 20.0562, 3.8979, 29.3658, 21.4786, 23.1847, 25.6107, 9.00598 ], 
          [ 6.41867, 15.7382, 5.30982, 17.1372, 5.53291, 28.4047, 19.9005, 17.3266, 2.36272, 6.08319, 15.7498, 3.99421, 15.1933, 22.2343, 12.6024, 24.8354, 28.1613, 24.2334, 16.8205, 12.9785, 25.6613, 25.1938, 16.6627, 9.86803, 15.8352, 21.0223, 27.5028, 3.13291, 24.2118, 3.8589 ], 
          [ 10.9652, 8.77843, 4.35086, 8.00688, 14.6325, 10.0205, 7.48502, 6.31203, 19.3707, 17.9465, 15.4344, 3.60562, 9.35949, 11.3603, 21.4853, 1.44342, 9.50101, 22.8577, 11.5614, 5.15666, 18.42, 7.56697, 4.31442, 23.809, 5.32045, 22.5692, 16.9257, 7.84988, 4.38246, 6.38723 ], 
          [ 10.518, 28.9761, 17.3557, 11.7812, 29.2189, 21.7711, 17.9178, 2.3485, 16.9918, 19.5808, 8.31225, 17.1162, 20.612, 4.78293, 20.7184, 15.7863, 26.9369, 23.1447, 18.302, 22.2889, 10.4643, 2.41703, 8.0859, 1.16256, 29.2142, 3.24876, 5.41679, 21.5786, 16.6161, 19.8801 ], 
          [ 24.9112, 7.36455, 21.64, 12.2332, 4.01561, 1.30386, 28.1463, 26.8309, 14.5601, 20.3241, 15.0291, 10.1789, 4.91528, 11.4639, 14.5602, 8.77332, 5.35391, 7.40438, 13.9441, 19.6471, 18.9575, 15.8785, 3.72411, 28.581, 3.1828, 10.0619, 26.4036, 28.6497, 25.6837, 15.1778 ], 
          [ 29.1259, 18.0996, 19.7151, 28.3295, 15.9034, 3.80026, 8.47569, 17.2228, 3.55079, 2.69631, 7.80555, 3.8633, 6.42736, 14.7615, 1.19069, 19.8974, 18.7267, 26.0512, 6.32677, 21.1147, 17.3996, 28.8738, 8.14619, 14.4984, 6.82204, 12.7032, 9.41534, 18.0678, 21.8254, 27.0208 ], 
          [ 28.6036, 26.9322, 8.57216, 26.2183, 23.1832, 14.5758, 18.2986, 11.5528, 22.0305, 17.7284, 23.2609, 21.3072, 29.4738, 3.98395, 21.5991, 4.0821, 8.80236, 6.52362, 14.0439, 26.8726, 1.9761, 20.475, 19.2682, 27.0722, 8.86863, 27.3681, 16.7072, 9.4775, 20.6852, 9.21949 ], 
          [ 12.8473, 24.9352, 2.18941, 11.7331, 21.9431, 27.6159, 13.4084, 27.3909, 29.4839, 29.6796, 14.5687, 13.0743, 3.70862, 7.48499, 21.6312, 12.193, 10.5572, 16.3285, 13.1309, 19.4175, 13.2686, 25.5198, 26.7623, 28.4961, 8.11466, 2.63777, 22.1203, 19.848, 12.2209, 12.4591 ], 
          [ 16.0436, 5.89308, 12.5177, 20.1016, 16.2218, 23.4002, 11.3822, 26.4823, 13.0721, 24.8111, 6.21494, 23.8061, 24.8276, 17.6596, 20.1113, 19.8996, 29.3195, 28.8982, 19.5252, 25.2717, 14.896, 2.27308, 3.75051, 13.8308, 13.1987, 23.6767, 20.7573, 26.8615, 1.12943, 10.3364 ], 
          [ 13.2606, 18.955, 15.765, 27.1546, 8.30738, 4.61187, 11.1307, 26.343, 21.475, 10.1832, 3.55785, 15.3883, 28.6588, 19.7488, 10.4253, 12.0585, 26.2546, 2.71186, 11.1884, 25.3511, 15.9499, 18.0319, 11.6051, 18.225, 25.4324, 10.5273, 13.0771, 18.2062, 17.8769, 16.7175 ], 
          [ 13.417, 17.2799, 18.3674, 25.289, 23.1834, 14.4634, 21.3135, 27.0574, 10.4113, 11.0427, 7.44503, 19.0588, 18.5929, 17.7901, 23.8977, 11.0851, 3.76714, 6.89192, 15.7656, 29.5318, 29.0204, 21.1605, 10.2826, 3.34608, 1.80529, 22.9935, 6.43082, 21.3401, 12.4607, 24.0487 ], 
          [ 15.8269, 28.9436, 2.77918, 23.4347, 29.6605, 18.7525, 4.59486, 22.0345, 21.5497, 11.8577, 11.1913, 20.3612, 1.93083, 9.42938, 9.79165, 20.085, 28.3206, 28.1096, 17.5816, 8.38401, 26.7995, 26.6132, 24.2575, 21.4155, 23.601, 25.2262, 23.7215, 13.0117, 19.3828, 21.4128 ], 
          [ 26.8702, 5.13205, 18.8095, 4.05412, 2.62232, 18.9933, 16.128, 2.62913, 8.40743, 3.87813, 1.97728, 1.13713, 21.2426, 21.4506, 12.0815, 9.48064, 15.3046, 3.01124, 19.9306, 8.5737, 24.9368, 10.7795, 20.4189, 29.596, 11.0414, 14.4528, 2.09448, 23.3004, 7.65836, 12.418 ], 
          [ 25.8404, 5.55266, 8.80885, 23.3591, 25.487, 20.4733, 28.7195, 3.84825, 13.0517, 25.1747, 17.7231, 1.02604, 5.95662, 2.18464, 15.5241, 28.9203, 8.25878, 28.8258, 11.8697, 8.82281, 6.21991, 15.5684, 20.0576, 26.1198, 28.6217, 9.65655, 14.8619, 13.8323, 2.65513, 26.2393 ], 
          [ 29.4496, 18.7058, 23.5424, 17.9188, 4.16633, 6.53798, 17.0721, 18.9872, 4.97803, 16.8767, 9.61409, 19.2455, 6.40257, 21.3258, 29.664, 27.9311, 28.6805, 27.1814, 5.82316, 6.65396, 13.2217, 2.97745, 21.2365, 21.4523, 1.14878, 18.0266, 4.29575, 17.0536, 25.0891, 27.3235 ], 
          [ 27.9111, 29.2105, 11.6036, 18.2973, 6.56338, 29.1004, 19.9752, 21.7026, 23.3719, 24.0064, 2.39585, 2.88987, 21.1488, 17.0827, 8.92401, 13.4909, 12.6536, 20.3468, 10.0943, 10.4896, 4.06561, 10.4889, 23.373, 21.107, 8.91636, 9.85552, 28.1512, 2.22794, 26.4603, 7.5625 ], 
          [ 22.0604, 23.2368, 9.13838, 20.6559, 16.1605, 29.1338, 19.4346, 27.5648, 13.4773, 9.72766, 7.18261, 29.9086, 8.23016, 17.2559, 2.07649, 15.0361, 11.7954, 29.6189, 21.7262, 28.3348, 16.6867, 24.4562, 13.7847, 14.82, 16.4502, 6.23965, 2.61927, 14.6829, 24.9309, 17.7574 ], 
          [ 14.3321, 11.0196, 29.0577, 13.7294, 9.71866, 16.1747, 10.1924, 27.5201, 11.1481, 23.9968, 19.18, 17.8454, 9.18037, 4.0979, 20.2854, 29.2075, 20.3844, 21.8996, 4.89022, 15.5469, 10.0017, 26.8838, 7.336, 27.9329, 24.0853, 11.5875, 3.63715, 11.2831, 21.7276, 12.3555 ], 
          [ 28.5277, 11.6949, 24.1546, 14.067, 4.06527, 1.49779, 4.46333, 9.46071, 22.4659, 26.5489, 17.5508, 5.25347, 19.7222, 6.63394, 20.0564, 28.2897, 17.9803, 28.2221, 15.6391, 18.8633, 16.0751, 22.5571, 28.754, 9.93253, 11.0347, 16.9043, 25.7009, 28.8989, 1.17027, 14.5722 ], 
          [ 8.19916, 21.2373, 16.8527, 7.12467, 26.8218, 27.0202, 21.0057, 1.32415, 12.7574, 27.7559, 21.0528, 15.4845, 25.5381, 21.9366, 17.8409, 24.4526, 28.574, 19.4945, 18.2487, 17.6753, 9.61483, 17.7157, 11.5071, 27.4975, 18.6004, 17.0329, 21.7323, 26.0108, 25.4216, 17.9269 ], 
          [ 7.67595, 14.8716, 29.735, 22.9641, 25.5576, 18.2475, 24.6323, 6.87044, 1.94585, 2.77506, 21.8622, 18.3501, 15.5556, 1.04377, 5.04758, 15.2815, 27.0424, 19.1466, 8.86714, 15.9304, 20.1043, 12.0193, 24.667, 21.1094, 15.945, 18.9571, 5.16009, 22.2073, 14.9123, 10.9081 ], 
          [ 28.626, 24.49, 19.2308, 22.7084, 21.0008, 10.1815, 7.42191, 28.6888, 4.76281, 15.1531, 1.23734, 18.6276, 7.17743, 16.808, 28.8769, 26.1175, 18.1958, 18.6147, 13.7935, 4.85798, 24.329, 18.0547, 20.5426, 16.8224, 28.534, 13.768, 4.18357, 14.6947, 6.77224, 7.19956 ], 
          [ 22.2407, 10.3712, 10.573, 16.59, 7.12374, 14.2796, 18.8536, 3.19969, 29.263, 17.4558, 20.5455, 28.1894, 13.1784, 15.2663, 1.04982, 19.1667, 13.1887, 8.0641, 5.66356, 25.7095, 4.55195, 19.6404, 25.7679, 19.5964, 20.1561, 25.4729, 26.0643, 11.7217, 20.9093, 7.29947 ], 
          [ 23.8718, 4.52928, 21.7069, 29.2762, 24.3658, 12.5745, 17.2747, 12.9269, 5.6399, 26.7537, 18.4664, 27.3693, 1.58678, 1.64829, 24.0059, 5.4299, 22.5947, 12.6217, 18.4782, 24.4382, 24.1298, 23.947, 8.59633, 2.10457, 27.3023, 29.0443, 11.3906, 26.1739, 11.76, 14.8978 ], 
          [ 4.01253, 6.56302, 10.117, 27.3247, 12.63, 21.3748, 29.3712, 15.9073, 1.75672, 22.9792, 5.01556, 21.98, 13.4416, 15.635, 18.4538, 5.88364, 7.43037, 26.2432, 9.56311, 6.2415, 19.4448, 2.68112, 4.71598, 6.73973, 25.3524, 12.2724, 7.519, 8.1686, 11.6235, 5.06888 ], 
          [ 21.3984, 2.28604, 2.30895, 29.5221, 9.49911, 21.2859, 5.14033, 17.807, 3.34986, 4.21305, 19.9161, 9.08427, 4.67771, 4.72839, 23.3946, 22.2166, 24.9191, 4.32612, 23.9131, 6.8496, 24.0782, 5.25559, 23.0803, 4.1085, 12.0266, 21.5838, 16.7062, 25.7302, 9.53085, 11.9601 ], 
          [ 11.1678, 25.5404, 15.5728, 26.8075, 27.6252, 4.9218, 12.8441, 12.4784, 8.64236, 13.53, 26.347, 3.86011, 14.1367, 5.96629, 18.6678, 20.9588, 15.5017, 8.96841, 14.8256, 7.24322, 26.0224, 24.0461, 2.95048, 24.9724, 22.7967, 12.9981, 18.9977, 21.6179, 16.0818, 17.6463 ], 
          [ 26.6609, 8.42315, 7.85894, 20.5096, 16.9713, 16.8964, 13.5417, 29.0411, 6.36614, 11.9071, 28.924, 2.85677, 4.46267, 6.80223, 20.095, 28.8308, 5.38012, 3.92367, 22.9773, 25.867, 20.2635, 10.5804, 16.358, 19.6777, 21.0274, 6.98322, 15.3944, 3.81547, 21.4315, 8.22328 ], 
          [ 14.6652, 13.6042, 22.8458, 19.471, 10.6197, 16.348, 18.577, 17.7925, 28.6439, 7.34387, 1.72931, 22.9356, 23.0928, 22.5215, 20.6005, 18.2618, 25.847, 16.869, 25.4753, 28.4066, 28.9001, 18.4017, 1.11576, 15.8723, 29.5516, 2.50566, 21.047, 25.5504, 15.0851, 16.5918 ], 
          [ 15.4138, 5.91132, 23.6062, 12.8593, 21.1316, 3.52389, 6.05857, 25.1845, 1.51602, 3.8513, 17.9618, 11.5888, 2.5196, 24.2308, 29.3501, 8.74551, 24.2868, 27.9432, 15.1196, 6.27915, 25.3782, 26.6034, 19.7224, 4.33899, 12.6162, 25.089, 20.8799, 8.86458, 4.46922, 5.97991 ], 
          [ 12.8806, 29.5263, 6.98406, 22.3039, 2.93901, 20.4515, 29.991, 14.7946, 28.232, 20.4591, 17.6377, 15.3865, 20.6763, 16.2513, 22.8875, 4.09104, 22.2197, 19.0657, 25.351, 24.2649, 1.3594, 1.67979, 22.6746, 8.35824, 17.1032, 6.96661, 19.3196, 15.1125, 10.4476, 25.0579 ], 
          [ 9.55929, 10.0423, 3.06475, 2.1131, 23.7474, 4.95956, 16.2367, 23.0315, 25.2515, 25.3555, 18.9497, 3.89531, 13.924, 24.8344, 2.37278, 19.4732, 2.03334, 25.5044, 13.1078, 24.4772, 4.54048, 6.01886, 3.52122, 6.60173, 12.4108, 28.2216, 29.5926, 19.3375, 2.58199, 4.41172 ], 
          [ 3.85591, 18.1231, 7.78761, 22.9607, 24.9199, 17.7409, 24.2883, 23.6289, 6.48845, 23.3318, 15.5555, 22.8236, 25.1401, 2.75125, 15.561, 28.0794, 11.174, 20.1266, 1.50145, 13.4334, 5.21365, 2.93301, 23.7118, 26.5372, 26.8593, 5.92569, 25.1829, 25.8121, 2.51024, 14.411 ], 
          [ 13.4148, 6.0567, 29.2009, 1.15668, 12.3874, 9.16706, 13.8678, 25.1053, 14.9423, 24.2625, 25.1043, 14.3391, 6.20154, 3.96725, 7.17799, 24.542, 17.1876, 23.0532, 5.33152, 4.6504, 6.69422, 28.323, 2.75645, 25.7941, 24.838, 3.03868, 28.3237, 22.9666, 3.63615, 28.5429 ], 
          [ 25.3119, 21.5771, 18.1244, 28.1216, 1.60303, 25.5226, 4.99352, 28.8267, 3.15718, 11.6163, 28.3782, 23.586, 7.58605, 13.6654, 6.92476, 17.5287, 8.39172, 10.3233, 12.1838, 25.3306, 20.9554, 18.4818, 3.44119, 23.4991, 16.8697, 27.6648, 29.0506, 27.0439, 26.4068, 4.62876 ], 
          [ 23.383, 7.30681, 6.27581, 3.68103, 11.8727, 27.4499, 18.1269, 19.5336, 12.587, 26.4402, 3.93213, 13.8651, 15.823, 11.2329, 7.6719, 1.48161, 23.5566, 15.5212, 17.3981, 21.8204, 13.5448, 9.1124, 27.9841, 13.3982, 24.8168, 21.5421, 6.70471, 22.6958, 12.6371, 1.92716 ], 
          [ 26.2244, 1.2773, 23.7245, 19.5093, 5.66135, 28.9536, 24.2628, 24.4205, 1.48088, 13.3705, 16.1087, 18.935, 25.4763, 4.31413, 12.2525, 22.7377, 28.0935, 5.77447, 28.2334, 10.0025, 24.2954, 27.3356, 10.3396, 19.2721, 24.283, 24.6137, 9.38089, 6.78824, 11.8374, 8.2638 ], 
          [ 6.11533, 29.0098, 16.6003, 6.51204, 26.0676, 23.7994, 3.27838, 19.5357, 23.2114, 4.97601, 24.9462, 28.4046, 15.0136, 7.04195, 18.3566, 26.1379, 28.9631, 2.66251, 8.63792, 1.38881, 8.10131, 29.0068, 2.49269, 3.72307, 18.4889, 4.25037, 9.23922, 28.334, 29.0723, 16.0485 ], 
          [ 25.0849, 16.107, 4.93535, 3.54523, 11.2529, 7.02581, 20.0343, 19.4299, 19.0294, 5.50468, 25.6136, 29.6442, 3.34927, 22.3149, 28.3016, 26.2009, 25.5848, 16.2771, 6.07758, 22.3669, 12.2346, 26.5051, 28.3388, 14.6024, 7.01839, 14.8343, 16.1944, 26.9852, 20.8638, 8.58194 ], 
          [ 27.5176, 13.9121, 12.8608, 2.91425, 5.5035, 8.15084, 4.63664, 9.17749, 24.709, 17.0484, 17.8651, 3.07481, 8.21144, 7.07959, 16.1873, 8.10548, 27.7318, 25.8859, 17.1146, 9.44732, 5.17159, 22.3086, 29.9877, 2.0665, 6.86588, 16.8207, 19.5682, 19.2492, 26.7902, 21.5051 ], 
          [ 22.1353, 8.4819, 10.4783, 20.9691, 21.3154, 14.2979, 28.6576, 28.6008, 24.6794, 7.24754, 22.4025, 9.80522, 18.4706, 24.1031, 5.63383, 21.8967, 5.59281, 14.4983, 5.52293, 19.8816, 20.2241, 28.3542, 21.3026, 2.73637, 10.5431, 11.0961, 17.7113, 23.6289, 2.54861, 14.7532 ], 
          [ 9.62549, 28.8819, 3.50315, 8.68347, 8.5765, 18.577, 23.4813, 21.6795, 18.3777, 1.33239, 21.4506, 9.08332, 4.39577, 15.6803, 2.36364, 12.2562, 14.3675, 5.16179, 15.2852, 12.4944, 6.77493, 27.3015, 4.33181, 3.65432, 25.2002, 27.5072, 9.35389, 10.9578, 10.1798, 4.71454 ], 
          [ 15.9064, 24.1256, 19.0597, 5.81444, 3.14114, 14.7392, 18.0332, 8.69867, 28.3605, 9.01449, 17.0743, 27.1768, 13.3309, 26.4119, 24.4169, 25.8443, 4.83904, 7.23643, 11.3521, 11.1393, 9.00648, 3.23856, 21.492, 7.98186, 16.523, 12.1681, 2.15613, 12.2675, 4.28213, 10.9335 ], 
          [ 2.10477, 17.9878, 2.05814, 29.1493, 29.3743, 20.6705, 29.0432, 5.11403, 25.1286, 14.0937, 11.3883, 26.9704, 4.9954, 22.1143, 17.3533, 19.9003, 16.5082, 21.2792, 14.8136, 19.4934, 15.0918, 16.9524, 3.9958, 4.14538, 18.3413, 6.74761, 17.1686, 3.73437, 27.7787, 8.44801 ], 
          [ 15.2522, 25.2456, 22.5325, 1.23112, 13.4548, 21.5035, 4.60148, 28.3216, 24.4301, 5.20118, 20.4035, 13.9811, 7.77894, 28.7445, 2.6136, 19.1136, 22.6761, 3.20675, 20.9924, 11.0187, 23.4934, 8.58128, 16.4035, 22.8848, 19.9833, 8.78449, 23.5845, 25.6228, 17.0018, 9.81118 ], 
          [ 18.3853, 27.2857, 10.0575, 21.5787, 21.659, 16.545, 19.5066, 26.074, 9.22257, 21.9748, 1.54573, 24.9282, 27.9355, 14.9713, 23.2659, 15.9262, 10.8735, 10.1771, 20.3746, 8.42089, 16.3391, 26.1668, 6.52203, 24.1747, 6.5757, 14.9573, 15.7748, 2.3813, 23.6636, 1.57541 ], 
          [ 5.70277, 16.9218, 1.19562, 24.3335, 6.39569, 6.4196, 22.6669, 14.5246, 28.8188, 15.5184, 20.9956, 27.1241, 3.12238, 26.8109, 11.377, 21.0055, 4.10805, 16.6019, 10.9992, 14.4097, 20.5494, 11.5425, 27.1018, 2.0258, 15.2968, 17.9362, 23.8105, 25.5358, 21.4277, 6.45595 ], 
          [ 15.9009, 26.6188, 27.6927, 28.9485, 9.12032, 10.941, 25.722, 21.5181, 4.67885, 4.78641, 3.05872, 13.0633, 15.5141, 25.9354, 13.4503, 12.0684, 13.3578, 12.3824, 14.9963, 25.9312, 12.2115, 24.3684, 5.42079, 28.1967, 7.35001, 8.09226, 29.7909, 27.2215, 16.6634, 26.8415 ], 
          [ 11.7433, 15.2207, 1.38148, 21.0663, 8.33822, 28.2514, 24.8228, 7.19005, 19.3713, 2.69671, 8.59236, 9.25809, 18.8813, 29.6354, 17.3989, 24.7285, 21.8848, 9.18425, 13.7911, 8.36054, 15.5664, 13.1853, 7.09355, 24.1328, 26.9121, 5.81813, 10.2715, 21.8999, 11.9826, 17.4181 ], 
          [ 3.53198, 23.4912, 17.5849, 9.60758, 10.6443, 14.9906, 12.1199, 6.13354, 22.4921, 19.0668, 6.80048, 12.5253, 14.0675, 25.1688, 8.81213, 13.4164, 9.04704, 21.8136, 14.5765, 29.2458, 19.775, 2.77796, 16.6755, 15.0096, 9.62064, 1.41125, 5.90135, 16.5545, 16.0222, 5.25074 ], 
          [ 29.0693, 2.59208, 16.8792, 25.7371, 16.9893, 29.6257, 3.70253, 9.59221, 28.8973, 11.9215, 26.756, 27.3801, 12.6306, 13.8204, 15.9622, 2.2413, 23.5077, 5.7546, 17.2635, 28.5295, 25.4723, 5.87413, 28.5572, 26.6727, 6.11712, 18.509, 23.9718, 15.4915, 12.1838, 15.8934 ], 
          [ 10.4502, 27.0801, 15.0061, 24.1661, 2.02423, 26.0472, 16.5338, 17.1848, 13.056, 22.9663, 22.2889, 19.2328, 6.4201, 21.2303, 6.52303, 6.82431, 27.8563, 24.3217, 14.3959, 16.0177, 2.00879, 8.31683, 12.2338, 6.55968, 4.82206, 27.825, 21.1654, 10.7335, 23.869, 14.5367 ], 
          [ 10.5008, 22.2354, 2.08846, 1.21926, 2.12529, 20.2432, 13.457, 7.58663, 23.6365, 20.5107, 2.80421, 22.5721, 21.5154, 7.83735, 14.8796, 7.26443, 29.2326, 11.9262, 22.7091, 2.63503, 3.05699, 28.1843, 4.23448, 28.4906, 22.6422, 19.1377, 27.3011, 20.3455, 5.7598, 12.1828 ], 
          [ 1.67839, 25.4966, 5.88632, 20.6842, 14.2198, 10.8994, 5.18844, 4.55845, 9.83901, 13.3501, 26.9237, 23.072, 23.9625, 23.6098, 11.9776, 19.4726, 20.6495, 23.1842, 20.5058, 26.441, 27.8744, 14.5391, 26.5847, 15.2104, 3.18161, 3.28724, 1.70142, 14.0132, 19.2454, 24.9121 ], 
          [ 23.9281, 15.2677, 9.45565, 4.12836, 18.6631, 15.8352, 14.9344, 28.6118, 25.6639, 7.26131, 23.1442, 14.3419, 15.3378, 4.13517, 17.9135, 19.9459, 1.11952, 27.1239, 24.5611, 23.213, 18.2725, 20.2326, 25.0423, 16.6931, 21.4285, 14.9838, 5.9914, 1.39202, 1.15766, 2.23794 ], 
          [ 29.2638, 23.1008, 17.99, 27.1844, 7.7051, 10.4669, 13.1916, 22.8983, 26.1196, 26.4063, 6.23134, 29.6036, 15.6247, 14.2476, 24.0961, 25.8109, 29.1644, 23.6916, 13.7509, 18.8166, 17.2796, 22.8612, 8.82179, 18.4004, 4.17285, 22.9044, 26.7884, 13.0136, 27.5559, 2.43316 ], 
          [ 14.1635, 14.3362, 19.2343, 17.9085, 3.61329, 24.4586, 1.44285, 10.122, 7.22954, 23.637, 6.65245, 20.0914, 21.4429, 11.2791, 16.4303, 7.2931, 3.58833, 25.3658, 12.5693, 14.9375, 27.9628, 27.9463, 13.568, 9.83678, 18.5092, 29.3106, 19.2793, 25.6465, 18.0033, 1.063 ], 
          [ 2.43421, 15.4016, 3.34296, 26.2689, 20.5448, 6.83084, 1.68249, 3.18912, 6.11787, 16.9991, 23.7539, 2.13152, 22.2111, 21.8858, 18.1024, 15.1796, 19.5722, 27.1772, 6.77068, 29.4491, 2.14715, 18.236, 15.591, 20.3606, 10.5493, 6.15589, 18.993, 13.7928, 2.13875, 24.3393 ], 
          [ 24.1251, 28.2261, 27.3916, 23.9834, 6.10311, 3.80142, 1.5595, 22.9085, 6.06382, 28.4833, 13.6512, 26.3189, 16.5325, 22.0716, 25.8416, 1.98666, 10.6948, 7.61139, 26.6317, 11.3664, 4.40185, 23.218, 20.3492, 2.80251, 27.8413, 12.8239, 18.051, 15.0343, 29.6686, 17.495 ], 
          [ 28.709, 20.5011, 27.1268, 1.99414, 11.8327, 22.4445, 23.5163, 8.90084, 28.1655, 22.6608, 5.91837, 13.8895, 25.473, 3.22663, 20.1104, 6.48112, 28.9043, 4.96173, 23.1518, 17.8666, 1.0276, 2.37182, 26.6744, 7.04555, 11.318, 14.3028, 3.28724, 19.8926, 3.05645, 15.0936 ], 
          [ 19.3261, 22.1678, 18.5226, 24.0694, 21.8299, 15.2257, 22.7779, 2.65577, 5.88954, 28.3639, 11.7086, 19.1721, 20.8393, 3.92586, 15.5812, 27.2048, 6.71645, 10.8518, 25.8081, 27.8396, 13.9819, 4.34952, 3.22423, 22.8627, 14.3339, 14.2912, 3.32827, 8.31869, 10.5959, 22.1094 ], 
          [ 15.5171, 16.0469, 8.13533, 21.1124, 13.3075, 13.6521, 8.7434, 11.1478, 13.5143, 2.75351, 23.6392, 24.0334, 4.02036, 27.1832, 25.8437, 18.0586, 18.9635, 19.4264, 11.9373, 18.5265, 27.9876, 26.3605, 13.1007, 22.0298, 4.15585, 9.33309, 29.3255, 29.5533, 23.2536, 5.70491 ], 
          [ 21.217, 17.5376, 18.6457, 4.14775, 5.34993, 5.63874, 13.3523, 26.2749, 2.55049, 16.2143, 17.2339, 25.3492, 14.7003, 25.2099, 21.1681, 4.22854, 17.6156, 6.74891, 3.93685, 1.10496, 15.4812, 12.9561, 4.11186, 20.0575, 25.6018, 10.2873, 12.2181, 19.8421, 12.7181, 13.4246 ], 
          [ 22.1399, 15.1939, 24.4962, 20.8766, 17.5381, 5.6039, 29.6509, 10.9463, 14.4419, 12.377, 10.5453, 9.102, 3.21439, 10.1758, 25.695, 18.2045, 8.96097, 23.3926, 1.6943, 18.8176, 3.45702, 19.5723, 13.5962, 1.98055, 11.4014, 21.4958, 25.2144, 11.6509, 26.6194, 26.4221 ]
        ], 
        [
          [ 19.1658, 2.44917, 14.5884, 23.7893, 9.99996, 3.18393, 18.747, 20.1556, 1.74946, 11.2568, 21.3047, 13.0587, 28.1573, 15.6658, 23.268, 15.173, 3.33809, 9.12358, 6.70798, 10.5814, 11.167, 15.1029, 12.0187, 3.37748, 20.8986, 11.2003, 6.97022, 23.1805, 18.3693, 28.3375 ], 
          [ 1.65623, 4.67496, 6.69845, 10.4789, 28.1134, 26.2479, 16.0429, 26.2092, 7.04699, 5.73916, 3.99266, 20.3149, 11.8289, 23.3479, 18.0253, 23.8567, 10.8769, 6.08844, 10.603, 10.3117, 18.2358, 20.3914, 7.44129, 26.1744, 22.6844, 12.9886, 22.9411, 3.32916, 20.0752, 1.64909 ], 
          [ 15.1989, 4.04821, 27.1818, 23.894, 17.7409, 4.38432, 10.4436, 17.3159, 22.4753, 26.8899, 6.45343, 3.99075, 5.44511, 9.44796, 21.7331, 14.0688, 13.6661, 24.9623, 25.7544, 27.1255, 28.6608, 15.7108, 17.9347, 29.4409, 6.21223, 21.684, 16.9931, 14.1943, 2.69732, 27.5125 ], 
          [ 21.5311, 12.3225, 10.8675, 8.64575, 24.3976, 21.8572, 14.7059, 27.7987, 13.9688, 26.8198, 10.6545, 7.48174, 13.1858, 21.2683, 16.0363, 9.23851, 17.4875, 7.82409, 21.4491, 19.4655, 17.2404, 24.6284, 8.04592, 8.86012, 19.9728, 10.9201, 27.5883, 7.85912, 29.8752, 4.43268 ], 
          [ 10.5459, 7.41243, 21.8987, 27.6011, 19.9041, 17.1815, 1.20965, 21.0612, 25.5513, 9.18476, 2.57359, 12.4046, 2.17607, 7.17719, 7.80071, 15.3297, 12.1601, 24.6176, 7.74642, 9.98593, 28.7995, 25.5858, 22.0056, 11.2722, 8.39222, 18.088, 20.5971, 4.27534, 14.6005, 10.7826 ], 
          [ 25.7471, 2.95688, 3.9349, 14.2228, 29.1491, 4.08991, 16.1699, 13.8581, 10.2196, 21.2108, 7.15946, 9.12795, 18.1796, 8.73877, 10.9564, 10.7992, 26.11, 20.3137, 24.8067, 10.077, 14.936, 26.3469, 22.239, 23.2488, 20.2194, 4.2284, 21.6886, 20.5763, 29.6372, 2.62996 ], 
          [ 27.1236, 1.44467, 3.7025, 13.0947, 11.4377, 26.0929, 26.9148, 23.8944, 10.8739, 3.87361, 25.7658, 11.8885, 11.8226, 1.59673, 7.06254, 19.7847, 3.89579, 28.1341, 21.4666, 28.672, 26.4882, 19.6091, 10.8566, 16.8572, 13.5862, 21.2844, 27.7673, 10.719, 3.56848, 26.7413 ], 
          [ 27.1375, 22.5331, 16.675, 20.6635, 7.8186, 3.34802, 15.5611, 11.8631, 17.8394, 15.1105, 9.33115, 8.48477, 9.89264, 3.62909, 14.2534, 21.7555, 7.21323, 29.3931, 11.9843, 7.62843, 18.5193, 20.0844, 11.5768, 14.493, 16.2687, 16.0508, 14.6082, 21.8911, 21.4711, 23.1862 ], 
          [ 17.1789, 12.5662, 3.87055, 2.37246, 29.3483, 19.4677, 14.5406, 29.7282, 7.74956, 16.8401, 19.8198, 19.2054, 11.9446, 21.6918, 22.4819, 28.1677, 19.2253, 24.0985, 12.5474, 15.6502, 17.6335, 29.945, 25.7778, 8.42689, 21.4338, 2.30307, 3.4686, 6.11253, 18.559, 13.5595 ], 
          [ 1.08077, 8.69537, 7.21215, 3.72068, 4.2493, 13.4939, 27.6276, 3.54562, 19.0693, 14.8053, 16.263, 15.5484, 29.915, 6.82073, 9.4219, 27.0011, 9.67521, 8.87344, 5.75326, 21.8536, 20.606, 17.8188, 7.00648, 18.4765, 1.26719, 21.3002, 15.149, 24.6987, 21.2624, 20.0052 ], 
          [ 1.64192, 26.7461, 10.7742, 23.6769, 18.0786, 23.6171, 7.99802, 28.1433, 14.836, 26.3549, 27.3116, 23.1431, 13.1944, 1.46616, 7.51445, 27.0594, 15.6652, 10.102, 7.1807, 21.1059, 25.4766, 15.8353, 19.1064, 2.24055, 14.8991, 23.3678, 7.81046, 24.8278, 18.1913, 21.3245 ], 
          [ 29.2294, 19.8478, 13.2867, 22.9491, 5.19221, 29.0981, 17.9695, 14.5883, 2.49005, 1.64548, 13.6358, 23.6855, 22.8432, 25.4861, 6.88254, 18.2866, 25.0114, 28.7864, 18.412, 2.23764, 2.06608, 5.0966, 4.99092, 14.0653, 23.0263, 25.409, 23.607, 23.1398, 24.7192, 19.558 ], 
          [ 28.148, 22.681, 5.97549, 1.08687, 17.7698, 10.282, 25.5338, 22.3107, 22.8953, 20.4984, 3.37635, 4.82109, 27.5231, 8.43981, 9.23421, 21.8177, 16.0945, 25.7361, 24.3374, 22.7656, 21.1778, 13.879, 9.987, 6.88795, 21.2209, 22.4337, 15.985, 20.1079, 26.1147, 7.55365 ], 
          [ 24.4649, 11.8001, 11.376, 15.9228, 24.2842, 18.015, 15.0394, 2.25011, 20.8619, 24.8885, 23.7931, 4.42565, 26.8031, 29.7791, 14.5359, 25.0028, 28.4515, 6.11208, 15.1323, 5.99405, 26.6947, 22.4663, 23.3189, 22.1108, 13.2548, 24.3807, 14.5426, 29.8069, 18.4814, 28.0167 ], 
          [ 28.4474, 14.9301, 27.832, 27.8519, 23.1645, 3.57853, 10.5671, 22.9329, 1.09125, 9.80556, 12.3947, 9.91835, 17.4429, 21.7086, 17.2941, 17.0592, 14.7282, 15.2398, 11.1952, 23.1101, 22.5438, 21.6571, 11.4208, 29.3512, 29.8822, 28.2664, 23.38, 25.9031, 17.9751, 11.5699 ], 
          [ 8.13772, 15.6894, 12.1815, 26.3239, 3.51229, 23.0308, 14.601, 8.84254, 24.8761, 21.2218, 20.6346, 24.1381, 5.38838, 18.7946, 22.7447, 29.2864, 16.3188, 29.6284, 25.5027, 19.3604, 6.80686, 4.60973, 20.3957, 6.52745, 9.9356, 26.1186, 14.3294, 28.7515, 4.21467, 4.76599 ], 
          [ 27.4339, 13.7267, 25.7732, 29.9185, 22.8774, 5.13836, 9.29732, 12.2654, 11.3092, 10.2565, 5.41902, 3.00538, 21.2442, 17.7551, 8.75864, 10.1198, 22.8292, 22.2278, 22.5853, 16.5234, 12.662, 15.8818, 16.2046, 16.8456, 18.0115, 11.712, 27.379, 5.91499, 17.5646, 3.9241 ], 
          [ 26.2026, 1.48474, 22.3534, 10.1542, 14.4869, 14.2746, 1.1457, 26.0471, 12.6747, 29.9026, 12.8058, 1.26121, 5.64351, 18.5712, 15.6036, 26.2849, 5.9944, 29.9108, 28.8315, 17.4812, 15.0122, 12.8675, 19.182, 1.11349, 29.5732, 11.1038, 29.3225, 27.6359, 14.7118, 19.7622 ], 
          [ 5.95055, 21.6313, 27.8887, 2.7987, 4.48639, 27.6623, 7.96454, 11.3453, 17.4615, 29.9063, 7.4346, 26.0006, 11.5851, 7.35279, 15.4795, 16.5018, 3.85324, 6.40608, 4.89534, 23.8913, 1.56049, 5.36663, 7.23538, 12.2856, 7.16263, 19.1363, 29.6649, 12.5718, 11.3072, 29.689 ], 
          [ 13.8158, 12.1431, 21.7081, 4.11265, 28.0157, 26.9915, 28.3381, 17.19, 2.4326, 6.62094, 17.1345, 18.8606, 6.88264, 9.39658, 25.7707, 23.219, 23.7599, 19.4256, 19.8471, 19.3959, 10.9951, 23.8119, 18.4148, 27.8207, 20.4464, 10.5404, 6.98368, 4.11692, 23.827, 8.63625 ], 
          [ 25.9425, 22.7005, 18.9999, 11.2835, 25.3674, 3.87992, 2.55742, 2.87075, 7.61573, 19.4993, 2.74633, 1.01646, 11.6444, 12.7267, 20.6576, 29.7482, 17.9168, 1.97584, 23.8086, 17.1359, 15.5696, 7.62776, 6.24135, 14.3519, 4.82244, 15.4499, 22.3031, 10.0432, 9.52986, 7.81362 ], 
          [ 7.62509, 3.48881, 20.198, 19.4233, 20.3969, 22.116, 26.2084, 15.6064, 3.01931, 10.5957, 12.6231, 17.4043, 26.781, 28.846, 18.482, 27.4656, 10.9468, 6.99362, 13.1544, 12.7977, 16.8899, 17.0592, 8.8326, 21.044, 27.0948, 15.1425, 29.0772, 12.2512, 6.309, 8.88713 ], 
          [ 21.9356, 14.4501, 2.50699, 17.0365, 5.0134, 13.1953, 23.498, 10.1387, 21.3577, 11.508, 18.7505, 1.25131, 21.025, 9.27738, 17.9453, 20.1688, 1.05105, 13.9478, 3.96521, 27.397, 5.63841, 18.8485, 10.9202, 29.2848, 8.36371, 20.8884, 3.74747, 2.41007, 27.3205, 20.3504 ], 
          [ 15.2006, 5.33409, 9.31878, 26.1105, 1.95599, 27.6534, 22.0296, 23.8102, 16.5493, 16.1443, 27.7734, 18.2866, 28.0703, 2.4901, 14.2477, 12.031, 26.8414, 7.10857, 22.6638, 10.1489, 26.3766, 1.47146, 28.9383, 3.40651, 7.99921, 1.23157, 18.615, 3.4748, 7.58686, 16.9572 ], 
          [ 11.0689, 7.5313, 8.29139, 13.3528, 13.3638, 21.5438, 22.1612, 22.0011, 28.092, 14.3777, 21.1047, 28.6444, 21.68, 7.22547, 16.6216, 8.23552, 1.05721, 6.96196, 29.0807, 25.7832, 12.2937, 24.0972, 16.8799, 20.7863, 16.436, 24.1125, 26.59, 2.60043, 10.1164, 8.95341 ], 
          [ 9.79399, 7.3811, 20.6683, 3.03972, 20.7234, 12.0989, 22.3873, 10.0005, 6.30225, 24.5921, 9.52046, 11.4133, 11.8872, 7.48812, 3.28994, 4.67532, 5.79247, 15.4091, 27.7113, 26.7701, 29.7158, 3.52548, 21.9396, 23.2353, 22.6448, 18.4494, 21.1196, 13.5915, 13.6729, 28.3856 ], 
          [ 17.0801, 28.3525, 18.1525, 23.7034, 8.37684, 28.5104, 16.9785, 4.91561, 9.81766, 18.9446, 3.36162, 28.2372, 21.8791, 7.41188, 29.2064, 21.4948, 12.567, 2.88418, 18.7015, 14.1972, 17.224, 1.83446, 5.01327, 12.3098, 3.99692, 25.0807, 19.3731, 29.8883, 12.2968, 29.666 ], 
          [ 26.9574, 8.10604, 12.17, 17.2835, 1.58866, 28.4408, 21.8549, 1.40252, 13.3234, 8.89261, 2.61643, 5.4268, 27.6978, 8.21208, 8.38276, 12.744, 24.3846, 29.8793, 23.35, 25.1672, 14.5296, 27.1879, 12.5601, 1.16987, 22.4778, 28.1374, 20.2118, 23.9387, 6.29309, 9.58983 ], 
          [ 8.87269, 25.7818, 22.9263, 27.4972, 24.9884, 3.97805, 2.10162, 16.7272, 15.3121, 3.18574, 9.42006, 25.071, 29.3399, 12.8318, 19.3906, 7.51029, 18.7802, 29.1555, 16.8494, 27.3318, 29.4079, 25.348, 28.0418, 13.0657, 27.5413, 28.7205, 20.1542, 19.7391, 28.8532, 10.8709 ], 
          [ 29.2781, 13.2245, 21.7877, 10.5861, 10.8586, 24.9887, 7.07894, 25.0279, 16.0435, 15.5043, 2.21297, 18.0169, 29.295, 12.949, 13.8539, 29.3338, 24.7454, 7.50105, 8.87337, 9.12512, 10.9039, 5.42681, 22.0135, 28.8027, 1.31275, 1.97711, 10.6277, 29.2865, 23.7495, 10.7362 ], 
          [ 18.2567, 24.1694, 11.1546, 18.1115, 20.6232, 14.4772, 28.984, 18.0049, 4.90514, 7.99174, 21.5199, 5.58647, 18.3317, 16.1148, 4.89508, 10.9033, 5.49351, 27.736, 2.66041, 8.5701, 16.082, 27.4655, 5.79776, 25.1424, 2.64051, 8.05144, 27.2379, 20.9088, 22.503, 29.56 ], 
          [ 11.3632, 2.42091, 1.6036, 27.8444, 26.3002, 20.9343, 14.8725, 9.70559, 8.30516, 21.8598, 7.20479, 3.23155, 1.24071, 14.3983, 21.0769, 13.6142, 24.2641, 22.6788, 10.9078, 7.63604, 2.44215, 11.5105, 8.08514, 2.38029, 22.3492, 4.89859, 25.9521, 1.885, 6.7446, 10.1013 ], 
          [ 28.7551, 5.51557, 13.5622, 5.26477, 16.3335, 4.76628, 21.1974, 28.5355, 23.0293, 2.13008, 20.0246, 13.8916, 16.2542, 24.196, 19.1633, 29.31, 27.5303, 21.2063, 10.5851, 16.806, 24.7469, 23.4083, 13.4004, 8.29915, 14.1752, 1.09159, 10.0235, 13.6751, 4.45647, 9.69678 ], 
          [ 13.647, 17.8891, 12.8551, 19.0002, 28.9378, 18.68, 9.55878, 12.2046, 15.1472, 20.4193, 18.6669, 22.1283, 5.61539, 9.56067, 19.3798, 8.68134, 9.15909, 14.2672, 5.24766, 26.2003, 7.71789, 19.8966, 6.63097, 13.1751, 17.207, 20.5089, 16.7368, 17.2834, 25.7616, 2.18871 ], 
          [ 8.25366, 26.73, 19.2085, 22.3621, 21.8713, 26.4843, 27.4113, 14.2601, 15.2373, 10.5782, 24.6713, 13.5297, 27.4481, 19.0789, 18.2581, 24.5169, 15.1428, 1.24856, 27.0364, 5.50023, 12.7268, 12.6401, 22.716, 11.3227, 17.6729, 5.77117, 20.1817, 26.7207, 24.4393, 15.8837 ], 
          [ 16.7086, 10.9091, 2.66853, 26.3602, 26.8104, 18.4425, 9.01015, 8.73147, 27.5945, 13.5163, 27.3272, 21.7181, 18.5214, 10.0492, 24.3301, 6.8204, 20.0581, 24.2451, 9.99584, 28.0968, 29.5436, 25.6067, 1.09796, 21.1157, 17.2625, 17.3889, 24.2736, 15.0206, 18.2833, 15.6343 ], 
          [ 17.2068, 22.3195, 12.3989, 15.4053, 15.4418, 20.5969, 29.9868, 29.6053, 22.0614, 5.40828, 1.43959, 22.5185, 3.94372, 17.4372, 8.75006, 8.74706, 4.68797, 17.6324, 28.7276, 16.0348, 7.66711, 14.7615, 11.4053, 4.8497, 23.724, 24.217, 15.7394, 20.6208, 22.7922, 21.0085 ], 
          [ 18.0388, 24.747, 1.71371, 28.2305, 1.47297, 15.7294, 10.9084, 15.5206, 7.92056, 18.2651, 12.2757, 9.02469, 16.2575, 6.97702, 9.8233, 25.8723, 10.5963, 23.1937, 26.2072, 11.9813, 14.1559, 2.20901, 27.7603, 21.8508, 9.80152, 25.4901, 25.847, 18.648, 16.4487, 18.7128 ], 
          [ 8.19771, 6.1157, 29.4391, 3.66717, 7.08052, 15.5221, 24.4474, 12.6867, 20.8429, 4.51645, 1.34772, 14.2286, 5.32073, 1.48254, 11.6391, 12.0695, 8.86551, 20.826, 27.4474, 8.03639, 21.2746, 29.3917, 15.5774, 25.8049, 9.11887, 11.486, 8.61979, 17.8226, 29.7056, 24.4285 ], 
          [ 19.1811, 4.55001, 22.4783, 14.2383, 5.55764, 7.06637, 8.00189, 17.9725, 8.08084, 13.4779, 3.43785, 24.4526, 16.2676, 28.2222, 4.96009, 16.8104, 15.4673, 9.06187, 6.28261, 6.59002, 13.9041, 9.39564, 26.5619, 15.741, 6.19186, 2.5964, 22.4053, 28.5048, 9.00758, 22.6272 ], 
          [ 25.6007, 24.1216, 25.5183, 13.415, 18.4296, 19.9996, 2.35794, 13.5781, 8.21521, 29.1046, 17.4248, 17.9917, 6.19777, 2.30518, 9.01384, 27.6685, 4.19822, 10.171, 26.2365, 15.9553, 23.0126, 27.7799, 23.0079, 23.9363, 5.17089, 20.1091, 17.5049, 28.1885, 17.3153, 19.3624 ], 
          [ 19.2573, 17.859, 16.0362, 14.0019, 1.66692, 14.8632, 5.88577, 2.57962, 25.5766, 27.3771, 10.1228, 8.31421, 9.02223, 22.5177, 24.5827, 10.1519, 17.1068, 1.46474, 21.5689, 20.7035, 3.26527, 21.2157, 13.3691, 18.5579, 17.0839, 11.6673, 11.8932, 14.1395, 17.1881, 13.357 ], 
          [ 13.4087, 17.0223, 2.01892, 27.637, 12.8557, 1.33649, 2.17666, 19.1285, 15.3078, 21.2076, 21.2933, 9.28801, 18.7363, 27.2061, 20.6867, 7.15773, 10.5427, 6.83215, 22.666, 7.24226, 1.31611, 28.1085, 28.5538, 8.30199, 21.8691, 20.3503, 7.06338, 1.23675, 3.91485, 2.26203 ], 
          [ 27.5749, 1.09691, 10.5601, 14.8157, 17.7623, 14.7477, 26.8137, 26.8163, 5.89105, 5.50015, 11.1201, 2.68443, 16.3102, 19.917, 29.3164, 8.06484, 2.44554, 14.9757, 1.83137, 12.0613, 26.0925, 28.5311, 12.9937, 2.08319, 7.35397, 29.4552, 11.0202, 18.3582, 7.10792, 22.7667 ], 
          [ 5.18637, 12.0137, 7.94752, 29.4954, 28.0519, 10.8645, 8.59724, 26.3781, 10.8281, 15.6462, 23.1142, 15.7369, 22.9811, 21.1745, 5.34372, 28.5134, 27.7597, 6.22183, 23.2825, 11.1899, 18.573, 15.2058, 6.20982, 3.28231, 6.44662, 19.0816, 1.34796, 26.7884, 2.6022, 24.2821 ], 
          [ 29.1034, 18.1786, 3.91736, 18.1129, 12.9134, 22.0782, 15.5903, 26.9334, 2.10955, 23.5795, 19.766, 12.2736, 18.8285, 23.04, 28.151, 16.7423, 21.0778, 20.795, 22.2067, 27.134, 6.14893, 9.14688, 11.6843, 11.4454, 25.188, 23.0355, 10.3518, 25.5635, 17.1997, 16.0574 ], 
          [ 27.7134, 12.3697, 21.559, 16.4423, 25.7665, 6.08597, 27.3245, 3.38508, 15.5649, 2.33813, 7.45509, 18.6719, 24.3511, 20.7268, 18.2148, 14.7293, 12.1545, 24.8192, 5.28409, 17.1457, 24.1706, 13.1467, 19.5429, 15.5587, 19.261, 14.6741, 22.2707, 16.8059, 18.8929, 16.7399 ], 
          [ 12.8499, 21.2595, 16.3481, 6.89558, 14.6271, 25.5188, 20.4087, 6.19445, 11.9258, 11.8547, 29.4156, 17.2675, 18.2364, 9.89335, 3.76752, 11.5187, 27.3512, 29.5742, 19.3815, 3.5527, 23.1796, 9.13822, 11.6024, 1.45951, 27.6628, 16.0921, 7.29899, 9.06208, 12.68, 24.4828 ], 
          [ 22.1318, 5.25516, 22.5811, 21.1703, 7.31906, 16.3111, 29.441, 8.72059, 16.7783, 10.7682, 14.7124, 29.2352, 24.8796, 18.9366, 10.1402, 29.7672, 25.5097, 2.38201, 22.9855, 19.6248, 4.57289, 20.2433, 29.7523, 24.0451, 11.7192, 6.17153, 21.8861, 25.29, 5.81211, 27.4802 ], 
          [ 24.403, 29.7146, 11.7279, 10.7829, 23.8287, 23.9359, 25.2813, 1.75957, 17.8133, 9.93875, 22.32, 9.77309, 28.8085, 27.3317, 14.2211, 24.1884, 29.3948, 15.8818, 12.5923, 20.0787, 9.76445, 11.5532, 10.4664, 28.8695, 28.5258, 4.29825, 3.9952, 14.5627, 29.7188, 15.7235 ], 
          [ 11.265, 11.1571, 8.93215, 21.0565, 26.5909, 1.59239, 4.59539, 19.7207, 7.71325, 15.9261, 24.3438, 16.1546, 18.5401, 14.1992, 22.5333, 29.3001, 29.1901, 1.79343, 18.7943, 23.5292, 29.1185, 24.298, 10.8146, 6.62778, 26.4326, 25.1184, 14.9351, 10.8919, 14.9102, 15.4622 ], 
          [ 8.58353, 20.0021, 28.0759, 6.37972, 27.0425, 17.4267, 17.3401, 28.2225, 13.2063, 21.5479, 18.1403, 29.0372, 5.63288, 18.9441, 23.2715, 20.5261, 17.6979, 6.37993, 14.8759, 17.8971, 12.3296, 29.9939, 21.293, 28.0968, 24.8064, 18.9034, 1.10408, 25.3522, 26.6553, 24.0601 ], 
          [ 24.244, 11.9327, 9.81885, 9.99726, 29.3461, 18.6704, 25.1129, 16.6236, 21.3201, 29.666, 20.6935, 28.1572, 14.6434, 27.478, 3.18741, 8.80719, 19.1695, 13.4403, 7.20381, 11.6021, 19.1706, 14.8591, 19.8945, 13.658, 12.4981, 20.5212, 5.52646, 6.92283, 5.88933, 5.14596 ], 
          [ 20.638, 2.03961, 14.8438, 16.6652, 24.7918, 23.145, 15.3957, 9.62052, 8.99136, 15.8955, 2.38994, 6.54212, 27.1655, 1.19907, 3.50962, 29.3689, 9.04925, 4.50039, 7.25739, 23.182, 13.0272, 25.7039, 5.9529, 7.61204, 3.77731, 15.2265, 10.7868, 3.29272, 15.0608, 26.5882 ], 
          [ 20.6651, 18.1015, 12.4983, 7.07001, 9.64026, 21.4191, 17.3289, 20.4133, 10.1005, 25.5541, 5.50652, 4.97355, 17.1473, 12.2409, 18.7927, 6.78725, 19.8704, 2.54326, 4.159, 23.4989, 17.9746, 13.9236, 11.3292, 1.55763, 12.2108, 6.31171, 16.1038, 25.8012, 29.7947, 12.1038 ], 
          [ 15.5911, 1.55347, 2.65159, 8.07169, 17.3218, 15.4566, 1.03535, 9.28664, 26.9196, 5.95811, 8.61843, 20.231, 24.9132, 23.8763, 9.70535, 6.22667, 23.7234, 19.874, 26.5703, 21.1676, 28.0691, 20.2305, 29.5701, 19.1743, 9.89523, 6.15568, 26.1558, 21.4264, 5.68388, 13.1672 ], 
          [ 8.80787, 19.1319, 29.6479, 21.742, 3.10799, 20.4725, 12.4172, 26.2009, 16.5304, 16.9899, 7.79997, 15.1513, 25.5397, 29.0852, 1.2036, 15.2163, 8.03033, 2.49449, 3.45139, 7.2778, 26.9251, 21.9028, 8.54396, 13.9484, 5.89424, 25.6469, 28.8877, 9.79874, 2.4262, 27.986 ], 
          [ 8.52, 29.3926, 15.5735, 19.5689, 16.0167, 19.5914, 10.0866, 15.1746, 1.10319, 12.215, 7.89795, 10.293, 11.8895, 28.8543, 12.365, 7.05265, 20.19, 23.6427, 12.0526, 11.4942, 22.0601, 17.692, 17.7766, 1.93325, 9.55914, 9.99863, 13.6697, 5.01932, 25.6024, 10.8494 ], 
          [ 23.6427, 5.30514, 4.35359, 16.2614, 24.3394, 13.8552, 14.8675, 26.9532, 9.38105, 17.7768, 3.89191, 10.6303, 27.5196, 8.78548, 28.7488, 11.3292, 18.0752, 10.8807, 1.96558, 13.3839, 13.9671, 27.1306, 26.6345, 6.93706, 9.8309, 21.4103, 9.35648, 25.8453, 28.1746, 16.3086 ], 
          [ 27.8053, 14.5318, 2.93584, 6.99139, 21.7452, 17.2676, 26.3228, 28.2106, 17.6941, 7.76679, 7.57665, 12.1252, 27.5882, 18.9417, 22.4098, 4.43951, 1.22459, 25.8415, 21.2719, 18.5718, 13.1974, 10.1409, 6.03563, 23.535, 5.82985, 3.875, 6.80369, 28.696, 4.94155, 14.5737 ], 
          [ 1.76768, 13.3962, 15.3753, 9.80271, 12.2293, 1.28748, 17.9546, 22.1935, 21.1657, 17.6136, 26.3674, 5.23006, 6.0344, 28.3456, 10.9454, 10.1793, 11.8091, 25.8411, 17.1449, 28.8155, 23.7384, 1.4547, 27.7253, 29.2773, 17.0422, 27.7384, 13.2315, 18.5672, 26.1989, 2.78547 ], 
          [ 24.5453, 26.9321, 6.7995, 18.0436, 1.45395, 2.86049, 6.2009, 12.6365, 18.6845, 25.2207, 9.4958, 20.027, 16.5668, 14.4567, 20.1418, 28.4719, 6.222, 18.9773, 3.31219, 9.56737, 20.5161, 2.53805, 27.3755, 10.987, 18.3574, 20.8888, 9.52817, 16.8621, 7.50561, 5.0795 ], 
          [ 15.6941, 19.9104, 8.91938, 14.6349, 21.0751, 15.6739, 24.7011, 27.2379, 13.2142, 13.6562, 16.6851, 3.00708, 4.34969, 7.27391, 16.6676, 14.3395, 8.23297, 16.3635, 10.1886, 16.566, 21.434, 15.77, 13.1012, 17.0516, 8.84494, 9.0372, 3.19577, 27.013, 5.0859, 22.0945 ], 
          [ 4.36216, 12.5649, 10.3394, 16.81, 1.34249, 18.3522, 18.627, 18.648, 15.078, 2.84741, 21.2543, 21.8378, 22.441, 14.7722, 24.3994, 4.42668, 22.0803, 13.3449, 8.29489, 21.6896, 7.3434, 9.72645, 2.5951, 29.2878, 16.2628, 14.1349, 9.2407, 19.5901, 1.87214, 21.3219 ], 
          [ 21.1909, 9.55367, 19.4461, 1.60352, 7.01874, 4.2988, 5.92423, 12.8127, 23.9681, 6.67379, 2.77097, 9.85828, 9.08844, 29.5606, 9.4169, 18.7512, 22.2916, 18.9618, 2.59915, 25.7666, 16.1282, 2.25916, 24.482, 25.8388, 12.3932, 5.34422, 25.0058, 21.7018, 11.2109, 28.8853 ], 
          [ 13.1007, 4.30211, 18.627, 12.2888, 17.3678, 19.9431, 1.8304, 10.7416, 2.20323, 19.01, 5.24766, 27.445, 14.7194, 10.4533, 12.7811, 1.21332, 5.0926, 25.1204, 17.0049, 11.9698, 19.2299, 4.46116, 25.161, 8.03055, 28.6299, 7.31049, 18.3547, 3.33147, 11.8463, 29.1335 ], 
          [ 21.6151, 7.15236, 18.6386, 17.9919, 21.3837, 18.8785, 10.8543, 20.9794, 23.7181, 25.8082, 6.53867, 7.45492, 21.1882, 29.4166, 5.69197, 23.0614, 7.74172, 24.9377, 8.84895, 21.4955, 17.7193, 3.88431, 1.49667, 27.5043, 8.38825, 17.7484, 6.27698, 22.2877, 27.9079, 26.0303 ], 
          [ 28.5552, 25.9428, 29.802, 19.1236, 12.7413, 28.6471, 12.645, 13.0277, 11.9772, 1.31644, 3.64002, 22.3781, 22.9667, 11.6119, 19.0475, 19.3563, 13.9521, 11.5224, 9.86585, 9.73649, 5.40316, 29.4523, 16.1561, 6.91871, 21.5655, 23.7989, 10.177, 24.7352, 15.7049, 20.7859 ], 
          [ 8.29297, 18.1075, 29.4849, 16.5719, 18.9357, 12.6196, 9.12751, 16.834, 11.0683, 14.3209, 12.8507, 8.5772, 4.0467, 8.9214, 26.0666, 9.57442, 6.48599, 22.6078, 18.344, 1.08447, 12.0211, 12.9108, 25.0544, 3.82706, 13.5046, 19.8415, 26.6888, 22.1225, 7.76457, 8.0494 ], 
          [ 22.589, 15.2789, 23.4626, 20.3517, 15.2016, 16.4194, 11.1111, 21.5229, 24.7933, 1.77807, 10.5366, 5.4631, 24.8679, 28.8448, 6.02939, 6.15274, 15.8174, 15.3707, 13.7481, 7.41418, 27.9064, 6.39003, 16.6099, 22.9053, 11.9534, 25.7734, 25.0789, 2.02782, 25.3832, 12.4601 ]
        ]
      ];
r = [
        [67686.4,79789,74666,64197.7,59397.8,79428.4,55268.6,57077.9,52753,78461.4,71328.5,57537.5,59293.9,75907.7,77041.2,67944.3,51980.8,52027.2,79562.1,77780.1,69852.6,72537.3,64344.9,73694.3,77121.8,62488.3,78040.2,63056.1,55426.5,69612.8 ], 
        [50215.1,61870.9,75785.2,66755.6,52733.3,78326.2,63450.5,54854.6,68750.9,55958.8,66924.9,62250.9,59639.8,63020.5,81237.1,77166.6,77208.2,68908.6,67800.8,60457.9,55024.2,69592.1,80500.6,77950.8,76181.1,59117.7,80348.8,51166.2,67508.7,70862.6 ]
     ];
d = [
        [6121.83,53114.4,60903.4,46819.5,25313.5,80756.8,35355.6,51264.8,49733.9,16994.6,13554.6,60980.6,67597.2,82079,19198.3,52609.3,50562.3,53423.9,54619.4,32591.4,86569.9,3237.64,16441.3,38333.4,79523.6,84284.9,84257.5,55296.6,52159.3,83972.5,36724,16665.1,35288.7,72748.3,29285.5,66560.4,38319,70834.8,69290.6,5766.44,44001.1,64705.9,84825.3,36467.2,88856.9,30868.9,38352.7,24289.2,35299.6,82186.2,75759.8,45609.7,17046,15436.9,85262.9,40075.2,89333,31009.6,81047.5,16904.9,46282.1,8396.85,48043.6,83328.8,36029.5,36149.6,43437.9,33888.5,75543.9,68393.8 ], 
        [24859.8,31873.6,16844.5,87180.7,64805,28226.3,81409.5,32270.7,78702.5,58462.7,48378.4,45933,45469.9,1142.69,31811.2,18870.9,8054.32,42996.5,20255,29189,69190.1,29518.3,86630,7236.84,70689,82943.6,59516.7,12801,79192.2,39774.1,73518.3,33520.2,50796.8,60098,59704.6,67801,6645.25,2571.58,76288.1,5452.35,33215.4,87881.4,42516.2,85931.3,72373.4,37365.4,38834,75053,46484.7,77108.3,41043,9863.61,31810.1,82056.6,40676.7,66965.8,86508.2,33294.3,6093.74,48271,73719.2,34606.2,46959.6,43332.9,20698.3,54277.4,18955.9,22546,21129.3,71767.1 ]
     ];
