/***************************************
* STOCHASTIC OPTIMITZATION
* OPL S2FVPP Data Generator
* by Jordi Mateo Fornes
* Model = S2FVPP; Stochastic (2S) MIP 0-1;
* Representation = Compact Representation;
****************************************/
I = 100;
P = 30;
C = 70;
G = 2;
p = [ 0.01, 0.01 ];
pc = 0.02;
ORCHARDS = { 1, 2, 3, 4, 5, 6, 7, 8, 9, 10, 11, 12, 13, 14, 15, 16, 17, 18, 19, 20, 21, 22, 23, 24, 25, 26, 27, 28, 29, 30 };
CUSTOMERS = { c1, c2, c3, c4, c5, c6, c7, c8, c9, c10, c11, c12, c13, c14, c15, c16, c17, c18, c19, c20, c21, c22, c23, c24, c25, c26, c27, c28, c29, c30, c31, c32, c33, c34, c35, c36, c37, c38, c39, c40, c41, c42, c43, c44, c45, c46, c47, c48, c49, c50, c51, c52, c53, c54, c55, c56, c57, c58, c59, c60, c61, c62, c63, c64, c65, c66, c67, c68, c69, c70 };
CGV = [ 12.3627, 25.4853, 10.2329, 20.683, 21.6957, 11.0756, 12.6637, 23.7192, 29.747, 24.3349, 1.6333, 4.32544, 17.4201, 25.5003, 10.542, 10.3069, 6.75382, 6.70016, 11.987, 21.4619, 7.0354, 11.8772, 18.5623, 13.2509, 13.4674, 27.7698, 8.32329, 29.4574, 27.4332, 21.3173 ]; 
s = [ 2.84972, 2.63639, 2.93451, 0.881518, 0.485698, 0.306994, 0.525129, 0.687612, 1.28742, 1.62071, 1.89602, 2.57658, 2.98629, 1.68668, 1.96442, 1.15665, 2.91276, 1.99352, 2.48752, 0.680003, 0.552075, 2.98777, 0.270194, 1.38969, 0.820449, 1.419, 0.795921, 2.74378, 2.73897, 28.9432 ]; 
CSV = [
        [
          [ 1.69618, 3.00453, 17.2121, 13.0651, 13.7465, 3.58117, 20.6014, 8.19935, 21.0388, 29.3588, 16.179, 21.2566, 6.15573, 4.38133, 28.5464, 18.9845, 17.3578, 9.06228, 24.2274, 8.81303, 8.67991, 9.73404, 3.68132, 15.7547, 24.8634, 9.19593, 14.4196, 11.0228, 12.0909, 22.1172 ], 
          [ 28.0545, 13.4964, 21.0998, 16.1608, 20.4626, 6.06046, 13.3421, 14.9522, 14.2832, 18.5633, 12.0914, 6.19252, 2.91169, 14.3146, 21.9646, 8.09671, 25.7312, 4.18389, 21.0051, 20.5699, 12.1705, 20.2811, 25.7824, 22.1892, 17.1002, 21.2602, 5.89993, 4.41562, 23.6422, 24.9129 ], 
          [ 6.72088, 24.6358, 14.3246, 20.8782, 16.2503, 10.4015, 8.91698, 25.6614, 9.31413, 4.39229, 10.4624, 24.1203, 19.3142, 19.9997, 15.3222, 14.9275, 27.2204, 27.6256, 14.9207, 2.07877, 27.4124, 19.2421, 8.0873, 23.017, 27.3034, 3.80711, 19.1291, 29.2948, 22.0422, 14.2148 ], 
          [ 29.8107, 13.7988, 24.9357, 22.1145, 7.87728, 8.32139, 22.9072, 22.0061, 13.741, 17.8266, 12.8573, 6.40414, 4.64439, 3.14174, 6.48358, 8.84709, 12.1531, 23.7813, 1.94376, 23.6698, 5.84565, 21.6519, 15.9526, 17.7654, 21.4104, 26.725, 23.8738, 19.7203, 24.1007, 1.997 ], 
          [ 25.523, 22.873, 19.8047, 26.7577, 13.9727, 3.63855, 1.3962, 17.086, 10.0269, 15.6843, 5.41469, 22.7908, 14.0395, 15.7738, 3.19792, 9.07556, 23.246, 2.67374, 16.5578, 3.30727, 23.9774, 16.5136, 13.3838, 22.0154, 25.2653, 15.2377, 26.7495, 5.13339, 18.7697, 12.1981 ], 
          [ 17.6715, 26.3508, 9.75498, 12.5484, 17.2866, 27.9095, 6.6083, 12.8884, 27.415, 16.2859, 14.5281, 16.9141, 1.66238, 17.5885, 2.37299, 23.0739, 17.789, 6.40409, 23.975, 27.5863, 2.77659, 27.2473, 20.7908, 21.5176, 4.45715, 3.46603, 1.36342, 6.84639, 5.24679, 3.9471 ], 
          [ 7.46833, 14.8338, 3.04207, 1.87173, 21.5229, 20.4435, 19.9191, 7.63057, 8.75541, 2.65687, 9.33939, 20.7558, 25.8444, 6.05286, 23.1354, 19.8997, 10.7799, 19.7796, 19.719, 12.1108, 28.6122, 3.39082, 9.8333, 13.5988, 10.2014, 14.5519, 3.97085, 15.9974, 3.12724, 16.8359 ], 
          [ 3.16116, 22.7093, 25.2488, 14.2843, 12.4282, 21.2643, 29.4583, 23.3925, 19.5689, 21.4741, 3.16301, 5.62168, 25.4861, 3.01802, 3.79197, 23.9908, 14.3721, 21.5794, 23.1736, 27.8882, 12.8161, 25.4221, 15.3964, 9.84052, 12.1393, 23.9776, 29.8607, 25.9512, 5.14466, 5.00583 ], 
          [ 25.3717, 28.2622, 29.8304, 19.8374, 22.1426, 14.0311, 18.3755, 13.7778, 28.5764, 14.8027, 19.4161, 27.4291, 4.3503, 1.28079, 25.6468, 16.3724, 15.4986, 2.52704, 12.5396, 20.9502, 19.9393, 8.10048, 13.687, 2.28025, 29.2507, 20.6532, 8.5002, 16.4314, 14.7544, 27.6026 ], 
          [ 14.1838, 16.9562, 16.346, 2.61492, 23.7502, 10.9045, 22.0383, 14.9675, 7.15191, 18.9358, 19.5922, 13.9335, 11.5544, 26.1302, 10.2262, 22.9231, 1.51558, 10.6438, 8.97487, 17.1638, 3.29257, 5.50829, 3.6441, 5.41733, 7.95716, 12.5798, 6.02, 25.6758, 21.745, 15.8694 ], 
          [ 15.6999, 17.4845, 13.3991, 5.22012, 19.2949, 19.8018, 16.5999, 2.60098, 6.72404, 15.3344, 9.62908, 5.69312, 23.1648, 3.97337, 6.49141, 5.33511, 28.0732, 14.8596, 29.0046, 16.0467, 26.1477, 13.6441, 7.74757, 25.1209, 24.3968, 21.0039, 9.7847, 27.4322, 27.7691, 5.71102 ], 
          [ 28.2404, 17.2287, 18.9108, 7.565, 1.22677, 11.5673, 21.9789, 27.8755, 24.1522, 11.9515, 11.7247, 15.5403, 11.1024, 29.3023, 6.45934, 29.2578, 7.13201, 19.6518, 25.9108, 22.1992, 23.8644, 24.6407, 14.0344, 27.269, 27.1656, 16.3967, 1.09422, 29.5566, 20.6518, 8.82382 ], 
          [ 1.70395, 29.2944, 15.8832, 2.17103, 2.4652, 7.68633, 25.5622, 4.51034, 16.068, 16.315, 9.746, 16.3652, 9.2428, 29.6403, 7.08102, 23.6497, 20.4011, 4.28722, 3.61666, 21.5646, 26.4789, 7.89874, 20.549, 7.1733, 2.45639, 24.5273, 2.90047, 24.6512, 20.3344, 17.2441 ], 
          [ 1.62028, 22.3915, 28.1713, 8.57892, 29.1227, 11.5883, 21.5577, 8.89745, 23.0021, 1.23755, 11.6109, 3.08526, 19.118, 10.2677, 19.2853, 13.8998, 12.698, 11.8299, 7.27201, 23.8236, 8.98022, 18.2846, 18.5989, 13.2344, 5.56983, 16.9864, 21.323, 19.9743, 4.69997, 5.53369 ], 
          [ 12.4121, 29.7539, 27.5498, 22.6263, 9.87263, 19.8011, 18.6832, 20.5596, 12.9636, 16.7634, 12.6646, 16.6749, 24.7012, 16.9172, 14.0755, 21.7405, 3.48239, 20.5251, 18.4346, 13.0818, 27.6733, 17.5044, 2.40318, 2.70406, 5.85654, 11.344, 6.81777, 6.08312, 16.8138, 16.3117 ], 
          [ 10.7287, 8.69317, 27.196, 4.31303, 12.2543, 27.1062, 7.65173, 20.4521, 28.296, 6.26646, 15.8869, 21.959, 7.42747, 29.2328, 5.98353, 13.7732, 5.21449, 10.4522, 29.891, 1.2162, 1.30198, 1.53527, 8.25209, 10.4154, 24.1597, 16.6318, 27.4533, 16.5328, 21.9775, 25.3616 ], 
          [ 4.34631, 12.4204, 26.958, 10.4071, 25.2129, 3.11614, 17.3399, 14.2104, 23.1769, 9.31852, 11.2882, 15.5093, 6.2754, 21.7204, 24.4669, 25.7419, 22.142, 23.1231, 1.45504, 26.5173, 15.286, 29.1957, 19.2778, 19.258, 29.864, 24.7771, 21.7078, 19.4905, 16.5892, 2.26983 ], 
          [ 3.1611, 16.3455, 13.9123, 27.4163, 4.16812, 25.41, 23.8228, 16.3566, 19.7683, 27.6634, 12.4114, 6.6372, 4.34418, 26.5178, 2.60701, 13.2393, 8.52998, 17.1898, 24.6361, 11.8727, 13.4715, 5.65373, 28.6638, 22.3344, 13.0771, 4.36844, 10.7327, 1.93245, 29.6738, 1.58022 ], 
          [ 27.011, 6.13492, 7.75277, 24.283, 9.63202, 11.2091, 16.5946, 15.2717, 26.4081, 5.87978, 10.6823, 29.4262, 29.5476, 23.7437, 10.2854, 3.92975, 26.3829, 1.5788, 11.5112, 21.1296, 15.1349, 12.1584, 28.254, 11.6229, 6.74847, 19.8753, 9.12659, 26.5543, 7.5998, 24.4502 ], 
          [ 28.9823, 3.29948, 2.57074, 28.0872, 1.12682, 28.2788, 18.6179, 19.2153, 26.8078, 8.98704, 10.6969, 11.4339, 12.2068, 27.9471, 13.0252, 6.00257, 21.6936, 17.4323, 7.31209, 26.1629, 23.9438, 1.93986, 13.992, 27.8218, 11.7975, 26.4064, 6.70404, 2.37041, 22.3562, 3.37626 ], 
          [ 11.2419, 7.43832, 13.3622, 12.6769, 16.4439, 8.14259, 20.4838, 2.76467, 15.3844, 20.1449, 27.4301, 14.4477, 27.4257, 27.2398, 7.15136, 24.2631, 19.5647, 14.9938, 2.3042, 12.1437, 17.0258, 15.9246, 17.5871, 13.2624, 28.828, 22.6348, 21.6876, 3.31865, 7.61737, 16.9116 ], 
          [ 1.13609, 23.2848, 3.77284, 11.6471, 24.3839, 10.5173, 29.4127, 7.00353, 21.6783, 26.0604, 2.66887, 1.99242, 7.60854, 19.2553, 21.0806, 29.3108, 18.8939, 2.66979, 5.45936, 8.2242, 3.50878, 18.9622, 25.5977, 21.0795, 7.04018, 6.72549, 7.55849, 21.3988, 24.3176, 1.23814 ], 
          [ 3.8896, 6.87108, 22.322, 7.83605, 11.8904, 2.93302, 3.5502, 26.4117, 15.1428, 27.1043, 18.4101, 29.0209, 12.8605, 27.1152, 12.9001, 24.2081, 26.3835, 27.4278, 10.195, 12.1975, 13.284, 5.20035, 16.4014, 15.8074, 26.9693, 24.8422, 11.2217, 12.4858, 5.03477, 7.99359 ], 
          [ 12.1168, 2.83182, 15.2061, 5.28929, 11.7475, 26.3465, 20.2221, 7.31756, 25.9067, 11.586, 25.1456, 6.05749, 27.7763, 6.86139, 8.67096, 9.26728, 9.60989, 11.5614, 1.48355, 24.0344, 3.10846, 24.0099, 18.7954, 20.4692, 6.63254, 16.7106, 19.2166, 6.21904, 21.1613, 16.9416 ], 
          [ 11.9143, 1.66488, 9.25182, 17.4985, 19.9585, 27.1101, 4.93324, 16.6548, 11.2545, 16.0387, 29.2931, 10.1435, 25.8563, 23.9683, 17.9436, 5.48338, 22.3942, 14.5116, 4.66306, 8.97994, 20.525, 11.2191, 17.8006, 19.1068, 23.8593, 25.0941, 19.4087, 21.3265, 2.38994, 25.0608 ], 
          [ 28.0204, 23.7303, 20.7066, 3.3329, 29.3265, 8.05989, 5.83543, 14.2299, 2.49501, 3.91443, 29.901, 19.8532, 27.9568, 9.35685, 23.1504, 1.29267, 20.866, 9.48447, 17.5454, 17.1286, 10.454, 25.7286, 27.0341, 15.9108, 11.1113, 28.1225, 1.22001, 8.10857, 25.9244, 11.6757 ], 
          [ 10.3149, 12.9358, 6.4795, 20.2043, 11.0496, 21.4233, 5.44108, 8.5849, 19.8661, 4.87232, 10.2446, 29.9086, 2.9296, 4.6507, 13.9372, 18.3619, 6.10558, 10.4564, 26.6956, 14.7208, 22.496, 2.81347, 28.3668, 22.9496, 23.9526, 25.9509, 22.6643, 1.09314, 3.61203, 29.5114 ], 
          [ 12.4474, 4.46572, 15.9451, 6.75676, 28.0741, 24.8372, 29.0844, 18.8299, 6.38113, 8.06496, 24.1829, 4.95451, 8.94473, 4.77896, 14.9567, 22.6234, 6.38694, 21.4862, 22.658, 19.3231, 13.6238, 13.4916, 27.9443, 27.6292, 25.1708, 9.56201, 13.409, 17.9007, 25.1351, 18.3115 ], 
          [ 14.3849, 11.9107, 15.2187, 5.17733, 7.66786, 2.91638, 15.5836, 19.876, 21.1669, 11.0241, 1.27849, 8.61948, 21.7313, 14.4865, 28.4187, 8.14268, 12.3095, 24.7661, 1.39445, 22.2047, 13.1677, 16.0791, 17.5145, 24.5863, 1.29446, 24.9433, 24.5461, 17.3195, 22.6268, 17.446 ], 
          [ 8.10539, 1.06586, 9.09493, 13.4454, 15.8565, 4.88119, 11.6747, 20.3237, 16.5101, 21.1618, 20.8102, 1.1441, 29.7734, 7.10007, 11.2725, 11.7906, 17.3097, 3.39394, 24.6142, 7.51614, 29.0011, 6.01173, 4.49097, 11.835, 20.2528, 6.11173, 1.30878, 20.6198, 29.6767, 10.634 ], 
          [ 7.71014, 17.5775, 23.1738, 12.3652, 5.28743, 12.0954, 16.2278, 28.2635, 7.05447, 7.93021, 5.71832, 11.1941, 10.4036, 14.3307, 11.1409, 26.7962, 1.16668, 7.47095, 22.9685, 15.6838, 6.8966, 18.36, 26.7411, 9.3271, 13.8403, 29.4069, 1.25222, 23.7462, 11.1346, 25.4189 ], 
          [ 18.7023, 17.9525, 24.8825, 19.6409, 16.3692, 3.9689, 16.0086, 11.9443, 19.2667, 2.44266, 1.49229, 2.56317, 17.8396, 16.6002, 8.67549, 26.4314, 29.8429, 29.5418, 10.746, 25.9696, 27.4285, 19.9783, 5.7145, 9.15461, 28.234, 25.1035, 9.64127, 10.4632, 12.0484, 27.6548 ], 
          [ 23.4912, 12.3098, 18.8924, 3.74368, 3.11657, 3.50794, 8.9738, 29.093, 16.7555, 12.3882, 22.9302, 5.31835, 16.8425, 16.0996, 1.38273, 13.2067, 12.3578, 1.8455, 20.5695, 8.21491, 26.9562, 23.4171, 26.5219, 13.7183, 6.61495, 15.0834, 6.37672, 29.2673, 4.99747, 6.43022 ], 
          [ 26.4261, 20.1304, 4.87627, 6.73959, 24.4115, 22.365, 27.0198, 18.7475, 22.0901, 27.2119, 6.27644, 4.96422, 13.7519, 5.2608, 28.1834, 29.1071, 6.03913, 13.2523, 11.9808, 12.3783, 5.71298, 11.1365, 22.8285, 5.33334, 20.801, 5.39164, 3.27386, 12.0818, 10.4751, 6.44583 ], 
          [ 14.3383, 18.0421, 15.1626, 17.1879, 9.26283, 16.6224, 23.1163, 6.05913, 25.0625, 25.3873, 5.55249, 23.2679, 18.5702, 14.2784, 4.18305, 24.7029, 29.4554, 16.0061, 17.4443, 12.649, 17.2934, 22.997, 6.34274, 17.7658, 16.493, 29.0329, 19.7894, 2.73637, 9.66132, 20.635 ], 
          [ 10.8104, 6.60738, 10.2579, 29.6929, 19.2262, 27.7768, 27.9496, 5.93403, 12.7158, 5.94151, 7.77662, 18.3086, 28.733, 13.3111, 3.15633, 1.93534, 20.0076, 7.47674, 14.6262, 17.7038, 7.10654, 12.6482, 25.0826, 13.215, 22.7338, 29.7987, 12.0344, 12.2169, 12.3717, 19.4513 ], 
          [ 16.679, 11.0807, 15.2692, 21.0485, 2.52522, 29.904, 17.7445, 8.41124, 11.9194, 21.5291, 19.3832, 16.7468, 4.31963, 26.0146, 12.2081, 3.1056, 1.27432, 17.3323, 4.83086, 17.2325, 13.7247, 11.6146, 6.15341, 8.87634, 9.05753, 11.8982, 24.8033, 24.4909, 8.47258, 20.3356 ], 
          [ 22.3813, 25.2643, 19.613, 7.69451, 4.22307, 7.20903, 11.6913, 11.4344, 2.6721, 20.617, 7.75679, 3.80069, 1.99075, 14.3438, 15.1905, 3.61546, 14.3618, 2.99118, 9.43124, 27, 19.3012, 1.22981, 27.3115, 12.2399, 27.0625, 8.74325, 5.18309, 8.03331, 11.3207, 3.7265 ], 
          [ 10.3789, 9.01765, 2.71367, 2.179, 1.23937, 7.48923, 2.84446, 20.47, 7.89864, 10.3661, 26.9097, 5.27474, 7.74402, 24.182, 18.5548, 1.02218, 21.4334, 19.7574, 17.3108, 13.1776, 21.8263, 23.3175, 21.5056, 22.3262, 18.6998, 1.16453, 20.6766, 25.3177, 6.88098, 20.6468 ], 
          [ 17.1976, 27.1766, 21.9551, 25.046, 25.3194, 10.7323, 24.4568, 2.24341, 7.09252, 12.534, 20.4116, 16.9311, 10.2507, 2.41912, 19.6429, 13.9395, 19.6064, 4.41013, 20.0538, 17.4536, 20.9629, 10.2469, 5.42803, 3.35062, 20.078, 29.5254, 13.8469, 19.0795, 18.5288, 13.4449 ], 
          [ 14.7023, 27.3197, 11.6011, 27.4849, 19.7964, 28.1076, 21.1661, 9.19911, 15.3473, 16.7447, 10.601, 26.5792, 9.74242, 17.775, 12.0749, 14.6872, 24.5205, 23.388, 6.50686, 7.99852, 28.2788, 25.6475, 21.6, 10.5826, 19.2317, 5.37419, 7.9188, 21.857, 13.1709, 11.8869 ], 
          [ 5.31521, 29.9785, 28.7734, 3.38593, 18.0702, 4.7826, 4.93453, 2.16844, 18.7848, 8.45041, 17.1055, 17.0197, 10.9823, 27.791, 19.7478, 13.6912, 22.1185, 10.1019, 27.8013, 11.1196, 3.03325, 17.2767, 29.7507, 24.4657, 12.9256, 28.7025, 18.5312, 16.8304, 6.9344, 14.0726 ], 
          [ 24.9123, 21.7593, 16.6913, 2.64172, 14.1557, 18.2656, 5.67466, 9.12058, 7.24455, 11.3138, 20.3649, 16.7911, 1.16569, 2.58879, 3.50612, 21.5864, 22.719, 25.5356, 21.062, 3.46171, 21.8945, 27.4001, 9.0454, 26.7346, 14.8096, 6.50159, 1.18266, 8.13812, 9.31058, 23.4889 ], 
          [ 24.8821, 19.4683, 2.65643, 29.1378, 29.6459, 4.97432, 26.2748, 26.5483, 22.4907, 9.38178, 23.6947, 27.328, 8.67373, 3.26582, 25.2258, 21.5141, 19.5577, 25.3147, 27.5338, 4.93725, 18.405, 1.79504, 3.90639, 13.4454, 6.67516, 12.1439, 20.2037, 2.10726, 15.4261, 29.7281 ], 
          [ 14.5178, 3.24449, 2.89345, 8.52207, 28.1858, 16.3625, 24.4456, 1.43923, 27.0676, 15.8829, 8.09543, 14.896, 18.2518, 4.8223, 5.77129, 19.4951, 27.4087, 21.2577, 17.9351, 5.56581, 12.4548, 9.69657, 10.2831, 9.81002, 19.2245, 19.1339, 2.6162, 22.2598, 24.473, 12.2708 ], 
          [ 11.6835, 13.2183, 10.5586, 1.70981, 28.9986, 17.8655, 26.3709, 8.81966, 10.4721, 11.8003, 14.0703, 3.91356, 13.8509, 1.93359, 24.2091, 15.4276, 22.1473, 17.4365, 25.5882, 29.0397, 18.5863, 15.1715, 1.77668, 18.2363, 15.0233, 4.52746, 9.37085, 14.8797, 26.7648, 22.9362 ], 
          [ 1.69978, 17.3821, 24.3428, 23.3966, 26.4936, 15.7559, 11.7832, 8.32044, 8.74759, 7.45883, 16.9883, 10.9412, 10.8248, 15.6826, 27.3222, 23.4206, 15.5235, 27.6271, 23.5408, 17.2808, 20.2677, 5.30396, 19.9676, 5.12119, 5.02511, 2.73741, 4.58567, 28.4991, 25.6478, 24.7109 ], 
          [ 16.3477, 23.2821, 16.1118, 29.8913, 23.254, 12.0299, 2.47974, 2.2064, 16.0678, 27.2624, 24.1642, 12.0577, 15.1214, 1.59325, 5.64926, 14.0035, 12.5694, 13.908, 6.78785, 21.5772, 18.5817, 19.8372, 2.82998, 11.3965, 18.0068, 10.2515, 9.35863, 25.2827, 27.1619, 15.0105 ], 
          [ 15.3754, 13.0822, 27.972, 11.0811, 2.6211, 25.1946, 2.78649, 5.34522, 18.7817, 24.912, 17.6759, 16.3301, 10.2764, 3.61446, 5.06541, 4.01098, 9.05924, 23.0059, 26.8358, 4.8464, 28.0885, 17.434, 23.2476, 10.0338, 14.7071, 29.1014, 29.6344, 8.2232, 7.39973, 17.1292 ], 
          [ 19.6086, 2.09854, 5.58403, 11.0517, 2.87169, 2.91919, 9.5414, 3.55063, 15.3764, 12.0433, 2.34847, 10.8394, 23.0309, 27.4745, 6.05685, 4.46734, 7.96061, 19.1938, 22.0188, 15.7999, 14.1908, 9.785, 26.9552, 16.0711, 14.9466, 19.7463, 23.9373, 14.2605, 17.9291, 15.8103 ], 
          [ 23.8182, 14.8291, 21.3304, 24.2427, 16.2806, 25.0063, 14.3043, 26.7683, 22.6151, 19.489, 12.3026, 3.28929, 10.9006, 19.8636, 25.6815, 13.6103, 3.63597, 14.783, 24.0103, 2.12125, 25.528, 23.5136, 4.26411, 13.438, 27.8435, 20.4039, 19.3482, 19.9105, 4.79641, 28.6137 ], 
          [ 29.704, 19.4217, 14.3322, 16.7483, 11.4483, 14.6998, 22.5036, 19.471, 25.3837, 16.9346, 5.16328, 20.5751, 26.1736, 27.3592, 1.09651, 19.0553, 18.1321, 11.9275, 11.4178, 4.57171, 21.4254, 14.4634, 19.7913, 9.43806, 16.8424, 5.83677, 13.4091, 7.15183, 27.2108, 13.5646 ], 
          [ 14.0715, 2.82225, 4.27485, 16.6013, 9.27239, 3.69368, 24.403, 11.1206, 16.7892, 12.3423, 27.1043, 25.1675, 19.0003, 23.3934, 2.01331, 10.7669, 4.07403, 3.6245, 6.02922, 1.95701, 18.471, 9.51001, 20.5876, 16.5283, 10.4268, 4.0803, 21.4903, 23.2335, 27.7335, 15.0738 ], 
          [ 7.31199, 23.0549, 4.6325, 8.23996, 13.3444, 28.7491, 9.78912, 7.6459, 21.3875, 10.8857, 29.928, 22.8438, 25.4893, 26.0314, 19.568, 4.57222, 1.29866, 9.17553, 17.1718, 20.5601, 13.276, 22.2189, 24.7738, 5.67397, 4.9054, 25.1118, 1.8606, 11.5158, 25.8313, 28.7154 ], 
          [ 6.26091, 26.8874, 18.6147, 14.0048, 19.6445, 1.35938, 15.2554, 29.2522, 25.6356, 5.04531, 19.801, 15.8573, 25.4924, 26.2397, 4.00774, 4.34772, 24.0857, 3.98491, 16.2068, 25.5596, 27.4975, 16.2626, 4.78384, 18.2444, 5.63855, 7.38303, 7.16766, 7.15389, 7.46541, 18.8213 ], 
          [ 15.9487, 7.95696, 20.8964, 16.52, 9.36362, 4.94079, 18.6535, 8.28493, 13.5493, 18.885, 13.8782, 2.75453, 9.57903, 28.4817, 24.7192, 24.8894, 2.85567, 21.8294, 9.15918, 13.0417, 8.33745, 19.3054, 18.7856, 24.3199, 11.3411, 25.7461, 14.2203, 26.3495, 24.1959, 17.4506 ], 
          [ 5.16789, 5.2059, 14.7637, 20.1592, 3.69079, 18.2112, 14.8036, 3.84999, 8.89556, 4.79132, 29.9089, 7.1844, 1.4434, 22.3962, 12.922, 23.2341, 20.7325, 24.728, 6.05725, 6.17129, 8.54526, 24.5214, 20.2598, 15.322, 18.8853, 28.6089, 29.4799, 23.7365, 13.1356, 29.6965 ], 
          [ 7.48586, 13.9673, 17.2527, 22.7464, 7.55029, 12.1205, 15.2382, 26.6682, 2.94591, 7.21407, 5.55914, 24.8632, 2.31497, 27.335, 23.5229, 12.6842, 20.5779, 26.193, 3.44869, 23.7297, 19.3518, 7.40989, 24.7634, 3.43898, 18.7865, 27.1673, 22.0623, 29.6065, 19.8815, 4.21093 ], 
          [ 7.13989, 11.1958, 4.96747, 11.2171, 17.7973, 2.45883, 17.5922, 24.9939, 19.4883, 20.4429, 29.0365, 12.6002, 2.73353, 3.16663, 20.8103, 13.6203, 19.3047, 13.8692, 17.4101, 19.0083, 19.5668, 4.41434, 19.2469, 28.9873, 8.12216, 1.49775, 8.73692, 12.6496, 23.6558, 10.8561 ], 
          [ 19.5284, 16.7505, 29.1015, 11.0342, 1.48578, 11.3821, 23.8225, 16.2239, 24.4106, 13.7689, 10.2305, 4.44845, 11.553, 29.1636, 22.5408, 3.53436, 5.9695, 10.9331, 7.864, 16.7859, 23.1068, 20.9728, 2.32321, 15.8921, 26.6148, 23.5493, 26.7525, 22.3236, 18.9799, 3.23801 ], 
          [ 24.0679, 22.3848, 9.96231, 23.8166, 9.22797, 19.477, 8.2865, 26.8304, 4.12012, 5.01134, 1.1793, 20.833, 24.9064, 26.5762, 21.9995, 26.4416, 17.5278, 12.6193, 18.5544, 11.8052, 6.80508, 22.7397, 10.6259, 10.2476, 5.19361, 1.23675, 8.28372, 23.2123, 14.1426, 15.0224 ], 
          [ 25.2326, 26.9169, 20.2183, 21.3375, 8.10526, 19.9791, 2.17897, 27.448, 3.56461, 5.28681, 28.1869, 24.1758, 10.5753, 1.37233, 6.16466, 23.6643, 28.768, 29.1895, 20.0813, 20.0763, 7.43756, 4.42612, 18.4785, 9.30795, 10.6578, 8.47852, 1.19277, 27.1109, 3.44337, 11.1144 ], 
          [ 7.3628, 18.1569, 23.1761, 3.39601, 3.22589, 13.5021, 12.693, 20.522, 17.3038, 6.23974, 5.25372, 18.6411, 15.0927, 25.4033, 1.82996, 9.39595, 4.53275, 22.3745, 7.29913, 9.91219, 27.4523, 23.568, 28.7707, 24.8517, 14.2317, 25.4892, 12.1001, 21.8349, 27.0226, 24.6833 ], 
          [ 29.6392, 11.2204, 10.5045, 29.0283, 14.5988, 21.7515, 6.5162, 25.7451, 18.1112, 24.5165, 18.2068, 27.4696, 3.71174, 9.5321, 10.0769, 1.67961, 17.9146, 20.5237, 26.2905, 9.02223, 17.922, 7.79469, 12.0494, 2.72592, 3.95006, 29.4519, 5.73981, 15.3235, 24.3412, 11.507 ], 
          [ 7.38759, 17.8411, 22.6003, 16.3843, 8.82285, 7.64055, 3.62761, 1.67179, 5.12499, 5.34642, 20.5524, 28.7182, 1.84696, 13.3678, 22.3116, 6.26687, 16.8198, 1.89521, 25.7365, 14.3254, 29.0424, 5.21407, 4.71226, 18.3803, 7.77428, 4.62775, 1.25214, 15.8811, 19.4426, 22.2568 ], 
          [ 1.20033, 11.382, 14.9449, 11.5807, 13.9971, 12.2815, 7.65115, 23.0434, 23.7502, 5.21032, 1.79017, 3.16334, 14.8396, 11.2335, 26.1992, 19.6979, 19.1396, 4.98821, 2.06154, 11.2636, 15.3998, 23.5194, 6.2516, 12.8493, 27.8968, 5.5672, 27.6879, 9.50904, 1.42949, 8.29746 ], 
          [ 12.9792, 9.5035, 21.4145, 8.36902, 13.6951, 20.3125, 16.8682, 28.6696, 15.4227, 14.9952, 19.9267, 23.5715, 28.944, 8.25778, 18.9652, 22.4013, 23.4988, 26.4418, 12.5913, 4.8359, 1.80832, 6.60353, 28.9043, 19.7819, 7.73092, 25.7006, 24.1198, 3.24443, 11.0977, 22.037 ], 
          [ 27.3782, 16.9391, 20.5439, 7.20844, 20.884, 10.4879, 1.55965, 29.6542, 15.032, 11.6689, 28.2578, 10.3821, 17.5891, 2.50228, 22.0867, 15.4571, 22.0927, 15.4472, 19.3591, 24.7803, 27.5686, 7.65086, 15.619, 25.4412, 10.0333, 22.5636, 3.432, 1.74476, 24.455, 3.27076 ], 
          [ 28.9008, 29.3734, 17.6417, 10.0518, 9.42576, 24.903, 9.35859, 27.0317, 11.619, 20.1143, 21.0367, 18.9603, 19.8948, 14.9709, 17.1985, 21.6037, 19.7486, 19.7199, 15.3672, 28.0276, 7.42057, 14.3873, 25.6052, 25.5783, 14.4986, 15.8901, 23.8692, 19.5843, 20.7919, 20.7946 ], 
          [ 9.63405, 2.55997, 26.2647, 29.0471, 17.7301, 24.2047, 24.1675, 25.3093, 24.0344, 3.44051, 20.4478, 20.4421, 3.08846, 25.1149, 19.1307, 19.4361, 25.7444, 3.4755, 11.8574, 27.4963, 15.9633, 3.81695, 7.16488, 15.2064, 24.2282, 1.4167, 12.5187, 20.2012, 12.4134, 26.7967 ]
        ], 
        [
          [ 22.9052, 14.7311, 17.8192, 10.7452, 27.8024, 25.8318, 27.0575, 29.634, 23.1284, 23.2064, 14.676, 5.30292, 14.1084, 6.43637, 18.6492, 29.92, 6.77561, 8.15555, 7.30637, 29.4706, 9.92516, 18.2555, 3.79372, 15.9847, 4.95907, 12.4426, 14.2993, 5.24581, 3.16166, 25.5509 ], 
          [ 5.06232, 26.4435, 26.9093, 11.3261, 13.625, 27.9408, 8.81577, 16.6722, 18.8743, 10.0083, 27.3361, 13.6394, 4.38749, 5.47574, 28.8419, 7.88504, 23.3843, 23.6747, 27.8634, 20.3084, 16.5103, 17.8445, 17.58, 14.9578, 9.14208, 26.7884, 6.835, 24.5297, 14.5502, 14.4309 ], 
          [ 5.68461, 7.40458, 13.6648, 10.8568, 22.3321, 9.07657, 6.86806, 18.5505, 14.237, 1.73207, 28.8414, 24.1256, 21.3276, 22.1922, 2.48997, 19.2933, 20.4546, 11.8566, 8.43721, 25.5338, 27.9042, 27.1695, 17.1545, 2.36108, 19.6412, 12.9095, 26.2373, 2.12444, 6.05737, 21.4334 ], 
          [ 3.78871, 28.0778, 25.9712, 26.0754, 13.5308, 13.8053, 25.8877, 21.2472, 23.9152, 29.3868, 15.2434, 15.8934, 13.8466, 24.4342, 13.259, 9.28795, 25.4692, 8.88167, 17.7875, 1.12877, 6.76075, 15.6999, 28.3632, 20.2272, 13.5109, 11.6992, 8.17919, 20.9463, 8.43263, 8.90941 ], 
          [ 18.8556, 9.70912, 2.7488, 9.28889, 14.1613, 12.4857, 13.914, 10.8093, 16.1435, 12.0654, 8.64372, 1.70348, 1.72556, 25.6723, 23.3952, 26.4181, 24.173, 1.88801, 8.25369, 14.5351, 11.335, 25.7623, 28.7526, 14.5934, 12.5688, 10.1963, 17.5245, 29.8645, 5.37069, 22.2882 ], 
          [ 12.4123, 13.2592, 10.0111, 17.7913, 14.7735, 13.4256, 6.33624, 4.39753, 11.8616, 5.6307, 26.8591, 24.8543, 28.3182, 16.3193, 22.4731, 17.9491, 1.12963, 16.9052, 27.5849, 14.2764, 24.6434, 27.1022, 22.3492, 3.71015, 2.94312, 3.57605, 20.9041, 25.406, 5.27741, 16.5282 ], 
          [ 4.2345, 18.1753, 21.716, 27.9923, 6.80762, 18.0508, 27.2471, 1.35205, 10.0191, 7.70168, 21.812, 21.1857, 16.3171, 5.92307, 9.70114, 10.8128, 20.7617, 24.0918, 1.66089, 24.9417, 19.0303, 21.3887, 16.3142, 18.0686, 5.96887, 28.5768, 10.9476, 6.86904, 25.2669, 24.0791 ], 
          [ 10.5768, 8.75321, 12.5777, 26.7333, 1.38903, 4.21885, 21.7022, 5.5478, 3.43477, 3.23642, 16.97, 24.8022, 10.6759, 13.9606, 20.3837, 20.2798, 21.9468, 3.12554, 28.4897, 14.0698, 26.066, 29.6275, 15.8625, 13.9311, 6.44075, 28.7047, 24.6444, 28.9146, 13.6828, 29.431 ], 
          [ 20.9088, 11.2507, 9.76643, 17.8758, 6.46946, 28.1043, 5.86801, 10.5336, 24.9158, 5.13822, 4.39584, 5.51568, 18.6051, 1.92963, 10.9289, 23.4757, 8.78, 9.27702, 20.5594, 25.7544, 19.8138, 2.03197, 24.96, 19.7981, 15.0077, 29.3082, 13.9896, 18.1632, 12.364, 5.19945 ], 
          [ 25.915, 11.1786, 6.03204, 3.60929, 10.9925, 16.5944, 29.963, 15.6695, 6.97645, 16.5567, 17.439, 13.573, 22.5671, 10.242, 22.4788, 15.105, 18.6625, 28.3935, 20.2394, 14.7431, 13.3135, 2.71641, 13.4416, 27.8699, 15.6823, 21.42, 13.7309, 13.9154, 24.6064, 17.8455 ], 
          [ 16.093, 24.8713, 15.601, 9.99669, 23.6179, 17.1709, 1.01829, 9.24097, 5.84052, 16.1044, 26.531, 8.61068, 6.50343, 6.28229, 18.9897, 21.0702, 23.518, 21.8282, 24.1128, 9.06574, 21.8868, 27.9123, 18.868, 13.4189, 8.35495, 15.5921, 29.6653, 23.1958, 17.6488, 25.7865 ], 
          [ 9.34519, 5.31318, 16.0221, 21.5424, 16.4877, 12.5177, 17.577, 26.49, 27.314, 3.73632, 1.38282, 22.4979, 19.3215, 16.3921, 9.78585, 29.6973, 26.1921, 28.695, 14.2437, 24.1585, 3.8001, 23.9626, 6.43645, 5.09813, 2.64618, 2.93033, 1.14056, 25.1206, 3.93112, 29.0891 ], 
          [ 26.0799, 4.41101, 14.8791, 7.51628, 14.2653, 13.769, 9.49392, 3.94258, 13.7007, 7.48778, 12.6715, 12.0791, 10.8223, 17.9369, 11.5181, 20.8374, 10.9612, 28.5704, 12.64, 23.5333, 4.12492, 21.205, 28.6837, 6.04257, 11.5822, 6.75457, 23.4369, 29.2186, 28.3913, 27.9132 ], 
          [ 24.0231, 29.8728, 1.50075, 9.98926, 14.7293, 9.49838, 28.011, 12.0408, 9.66275, 28.9239, 14.1608, 23.6225, 17.5736, 18.5199, 20.9149, 6.36665, 24.0407, 29.2875, 26.3692, 12.0333, 13.7755, 25.5021, 10.7447, 28.0351, 29.7732, 16.2386, 28.201, 2.97445, 12.2542, 5.79698 ], 
          [ 16.4585, 26.1698, 22.689, 15.0087, 17.8234, 22.9497, 26.4256, 16.3164, 1.46654, 6.26559, 10.1267, 12.0756, 13.5865, 12.9969, 10.1974, 15.427, 19.136, 10.364, 19.9484, 9.28584, 15.4543, 8.40158, 1.43251, 26.2642, 3.05032, 17.3324, 4.66856, 19.0536, 5.5585, 5.26813 ], 
          [ 29.7412, 29.0595, 4.63388, 24.0981, 1.26388, 1.05896, 22.2063, 29.0133, 9.4011, 23.6704, 14.8388, 13.4292, 12.1429, 10.4329, 3.18774, 14.7094, 28.8592, 15.0484, 10.2245, 17.2974, 20.3584, 10.2555, 9.59752, 23.6289, 23.0014, 8.37544, 7.24558, 2.26753, 28.548, 14.6894 ], 
          [ 18.818, 9.77659, 2.62248, 26.4947, 6.69339, 25.3288, 3.90764, 19.2721, 16.085, 22.8975, 7.76546, 2.79401, 20.3553, 2.90156, 25.7479, 19.426, 22.3875, 22.8741, 3.51656, 4.18333, 25.2592, 9.97244, 9.76794, 17.8997, 27.6861, 20.7156, 3.46134, 15.1613, 13.0294, 21.0138 ], 
          [ 5.29276, 10.9791, 6.25894, 18.6498, 10.9355, 23.3429, 16.3314, 23.5047, 1.20199, 20.1772, 26.6184, 27.6869, 27.0409, 17.4192, 19.761, 8.92233, 22.7408, 15.4819, 23.2337, 21.2457, 25.7411, 8.60113, 13.884, 17.2889, 7.9792, 7.2498, 6.71129, 22.4931, 24.3172, 12.0158 ], 
          [ 20.0488, 9.08302, 22.9278, 24.7189, 16.8554, 26.4909, 21.9933, 19.2576, 17.8302, 26.8012, 16.5368, 1.37444, 7.06888, 11.8647, 25.5977, 5.52896, 4.75391, 27.6161, 17.3728, 15.2732, 19.8459, 4.54847, 8.85438, 7.14028, 11.237, 11.6039, 17.8911, 4.32295, 10.2816, 2.1724 ], 
          [ 10.4574, 19.3275, 26.9034, 24.5525, 6.4358, 1.38645, 13.3828, 11.2176, 16.9295, 27.5717, 13.5134, 1.95182, 18.0843, 11.9508, 20.294, 24.6592, 22.4397, 3.15602, 5.98012, 25.4911, 12.5878, 21.261, 9.36857, 3.20374, 1.50887, 1.54076, 22.866, 12.8306, 20.8702, 26.5168 ], 
          [ 27.007, 18.021, 21.4087, 20.9042, 22.5676, 15.6128, 5.65042, 27.3142, 29.6258, 28.3128, 9.37817, 7.05469, 2.03204, 28.7638, 7.67393, 19.8168, 5.57673, 22.7212, 18.4215, 17.6439, 25.8907, 10.0579, 27.6062, 26.6264, 17.7333, 25.782, 26.3002, 18.4151, 23.3532, 14.3898 ], 
          [ 22.3686, 5.9475, 24.0329, 10.1034, 8.75295, 8.41816, 18.702, 7.30771, 10.2771, 17.2686, 24.8758, 27.4791, 14.0896, 4.15687, 29.1407, 4.96711, 21.5965, 12.6872, 6.04213, 4.72372, 26.1062, 6.82506, 4.52202, 1.02993, 19.6658, 6.50836, 9.52914, 28.0635, 6.32311, 21.1445 ], 
          [ 6.11373, 19.0498, 5.63542, 8.72232, 4.23729, 11.186, 3.68447, 15.1257, 21.8234, 24.9709, 22.2031, 3.08074, 11.6641, 26.5314, 20.7551, 3.29194, 2.33548, 11.9789, 17.418, 14.7299, 28.4647, 12.4378, 21.9956, 29.659, 29.5683, 14.4375, 15.5841, 7.05185, 15.2553, 20.2278 ], 
          [ 3.86469, 20.9702, 15.2219, 10.9982, 6.47314, 12.0096, 25.5732, 21.967, 27.1842, 22.0035, 5.67164, 16.43, 8.00766, 7.54911, 29.2059, 6.93728, 9.44553, 27.4337, 25.8126, 4.00652, 29.2492, 19.8692, 21.0601, 9.34231, 18.4312, 6.88603, 27.6212, 6.47723, 15.5226, 12.4497 ], 
          [ 26.8298, 12.5064, 7.68758, 27.0754, 21.3762, 6.69515, 6.38778, 3.67395, 9.5967, 23.4968, 8.53484, 29.3567, 10.4669, 16.8955, 8.38651, 12.5872, 13.2203, 17.51, 14.8599, 16.5542, 23.1005, 20.548, 19.7774, 5.22011, 7.24149, 1.84349, 21.8915, 19.8648, 16.9256, 1.70378 ], 
          [ 19.6313, 23.1265, 25.041, 17.4478, 20.9403, 23.7055, 20.4727, 9.88551, 11.0841, 26.0607, 8.88859, 11.655, 2.16551, 5.51357, 8.55495, 25.7208, 8.60105, 24.2655, 14.0464, 25.1065, 29.5983, 6.29424, 16.2139, 16.4072, 1.59936, 12.3097, 26.1542, 29.1787, 28.1966, 6.91725 ], 
          [ 24.6805, 12.9961, 22.2747, 5.29888, 16.4149, 6.0857, 25.1707, 11.1649, 23.3247, 17.1494, 2.57765, 17.339, 19.698, 19.4608, 5.00113, 2.16756, 8.4643, 15.5077, 11.1348, 10.7484, 8.7046, 23.1307, 14.9721, 14.9479, 10.9488, 24.5033, 17.706, 5.34466, 21.2015, 23.9348 ], 
          [ 29.526, 18.2144, 16.5524, 2.41412, 18.0951, 17.129, 15.7866, 17.7176, 13.9199, 21.4384, 26.1077, 3.06967, 17.1666, 2.26418, 21.9177, 4.0531, 26.3827, 10.203, 10.1453, 22.0322, 29.0229, 2.77617, 23.261, 7.36335, 8.14326, 2.28041, 22.8191, 15.313, 2.03706, 27.5701 ], 
          [ 1.75368, 20.7498, 23.7134, 14.8589, 7.64685, 18.137, 10.877, 22.5852, 1.00916, 28.6907, 19.5518, 25.2376, 26.1723, 21.3474, 12.3764, 9.31656, 22.0429, 24.0381, 12.6827, 28.606, 3.15113, 6.59779, 1.91195, 28.3555, 9.04878, 21.9156, 16.3308, 8.11703, 6.98578, 26.1098 ], 
          [ 19.1815, 14.7903, 4.01579, 20.4051, 15.9944, 21.1692, 20.8857, 1.83219, 24.7359, 25.9218, 11.3009, 17.765, 20.9611, 15.9806, 13.837, 9.17483, 6.56204, 6.98834, 5.94568, 27.6003, 2.69473, 27.183, 16.5488, 11.0548, 26.2597, 16.2469, 1.12595, 26.8975, 12.5236, 16.6761 ], 
          [ 6.04283, 21.8187, 17.252, 22.4465, 25.6923, 24.1652, 19.4038, 26.6967, 24.5653, 17.3269, 14.8264, 1.01705, 27.365, 16.9671, 13.1783, 23.6774, 15.725, 20.4256, 22.1298, 28.114, 5.84817, 13.7634, 24.5412, 7.94941, 9.93311, 10.7512, 27.1828, 16.0424, 2.73162, 27.1686 ], 
          [ 10.5188, 13.8153, 16.4763, 5.23447, 13.7767, 19.1248, 14.0285, 5.26145, 17.5439, 6.5182, 18.4921, 7.53669, 6.47393, 7.6069, 20.8706, 28.0946, 18.7277, 26.9618, 12.5219, 1.46634, 26.2528, 27.3671, 26.3478, 27.2989, 21.9414, 27.9875, 27.0072, 23.0577, 6.27479, 17.9226 ], 
          [ 15.6947, 27.579, 14.985, 11.3953, 10.2288, 28.8506, 24.3984, 12.5313, 10.4036, 9.14085, 26.3484, 29.5392, 8.3655, 17.6086, 4.61268, 20.7264, 28.791, 27.9407, 13.0702, 9.76985, 7.40259, 6.09763, 7.85222, 3.54059, 25.5843, 12.5945, 9.74425, 19.05, 26.7869, 15.3629 ], 
          [ 23.3171, 28.2826, 3.28804, 18.7702, 27.6828, 27.8215, 28.4091, 25.5564, 28.9982, 26.925, 20.1755, 16.9369, 11.9261, 29.07, 27.5177, 8.57447, 26.3543, 6.18893, 5.73747, 20.5796, 13.662, 15.7052, 17.436, 15.7878, 27.299, 23.5979, 10.137, 28.0838, 9.1907, 22.3578 ], 
          [ 8.6299, 6.6061, 16.2432, 16.9385, 11.9482, 23.1142, 26.5157, 27.4216, 11.1238, 8.29344, 19.4378, 17.1041, 7.70297, 13.6295, 27.0199, 25.192, 25.7229, 19.7598, 15.7732, 5.81005, 12.7936, 28.4648, 13.5409, 10.0819, 18.3243, 25.3359, 9.38322, 2.25786, 26.5974, 29.3772 ], 
          [ 3.32422, 22.558, 17.5522, 27.723, 23.0797, 12.6217, 8.15296, 11.6733, 28.2502, 21.9081, 12.3562, 1.79171, 21.8365, 1.40121, 26.7266, 7.95347, 2.00766, 13.9376, 13.7665, 22.0126, 3.2846, 10.7855, 24.8186, 21.7539, 22.6854, 24.6427, 28.8479, 16.6573, 7.53257, 29.0436 ], 
          [ 7.94192, 22.0633, 14.3616, 1.36085, 4.75797, 3.96866, 21.8414, 6.65377, 22.6116, 24.0475, 8.38725, 26.7793, 17.0426, 18.8849, 7.00094, 15.71, 29.2363, 14.0381, 12.5088, 15.4211, 2.99408, 17.4219, 8.96786, 3.01495, 5.06509, 25.2291, 21.4223, 15.9434, 22.1898, 18.5549 ], 
          [ 19.5708, 28.8046, 27.4911, 8.14413, 26.9775, 20.5041, 10.7822, 12.0351, 29.9815, 23.6058, 10.1367, 24.7969, 22.3679, 27.2498, 25.0372, 24.9471, 20.836, 8.83469, 4.6088, 10.1968, 8.82242, 25.3878, 9.13893, 17.2536, 10.7027, 24.2347, 7.20116, 7.11595, 21.6108, 29.8606 ], 
          [ 22.435, 10.7254, 7.94315, 29.7044, 19.4736, 17.3936, 24.963, 12.3926, 11.897, 21.8886, 29.6571, 19.893, 10.4754, 15.1902, 13.7327, 8.68519, 9.06677, 29.7618, 25.247, 11.8191, 5.53478, 28.6665, 8.07505, 13.9443, 13.3008, 19.5399, 19.0589, 4.93574, 5.3299, 4.1339 ], 
          [ 18.0332, 19.512, 23.9436, 17.13, 11.4965, 13.6952, 24.4738, 23.0719, 16.3642, 17.1107, 10.287, 15.6079, 1.70239, 22.4633, 3.49334, 4.3561, 6.24646, 6.46537, 6.58163, 9.21856, 1.6505, 10.744, 19.0882, 10.1497, 7.56186, 16.2977, 1.59471, 24.8776, 21.8008, 5.08691 ], 
          [ 22.7738, 1.09322, 6.41793, 29.9011, 18.703, 25.1305, 7.37131, 13.7456, 1.5203, 11.5799, 25.8621, 2.78066, 2.09315, 17.6914, 24.8338, 5.27161, 3.0616, 18.1919, 13.0998, 11.1459, 5.31124, 15.2169, 22.1434, 12.1929, 21.7597, 5.92824, 11.9476, 20.6417, 17.0413, 25.4952 ], 
          [ 11.3536, 18.5954, 9.50335, 11.217, 2.64043, 7.81552, 4.14759, 1.44632, 15.3752, 19.2017, 2.55183, 25.3658, 29.9541, 7.60352, 21.8196, 13.8662, 15.3213, 14.0351, 17.5303, 5.12899, 19.4122, 29.6179, 8.80203, 22.5365, 2.56316, 17.0486, 1.2742, 12.1886, 21.1921, 7.48903 ], 
          [ 1.68768, 2.14985, 17.4053, 5.9081, 14.9086, 4.20677, 4.83707, 11.1783, 1.49512, 11.5725, 24.5574, 5.14233, 22.0786, 24.9742, 10.8998, 11.6141, 1.79504, 9.65596, 4.0998, 13.9204, 20.8927, 6.81967, 24.9035, 24.1983, 25.3972, 23.0455, 29.8951, 21.9832, 16.3543, 28.9043 ], 
          [ 12.5302, 23.1347, 5.35469, 2.25596, 10.4831, 19.9948, 11.1528, 12.4513, 19.3234, 24.9227, 9.1341, 28.8761, 2.81563, 15.68, 23.521, 27.0004, 11.0935, 20.37, 11.8927, 25.171, 20.2476, 1.95571, 7.01628, 4.68338, 24.0116, 9.50924, 28.3259, 20.9662, 6.34053, 17.5129 ], 
          [ 22.876, 20.412, 17.0529, 9.1834, 14.7729, 7.40527, 26.7538, 26.5928, 6.04161, 5.44996, 11.0782, 9.0125, 17.1816, 9.3415, 26.9461, 1.18487, 11.3239, 25.7674, 2.55873, 1.28423, 18.8366, 27.5475, 23.9708, 27.9587, 9.65857, 29.68, 16.8469, 15.9859, 27.7224, 21.0553 ], 
          [ 25.6103, 28.5259, 20.1046, 24.0493, 22.6029, 19.1232, 20.098, 10.1484, 3.17203, 18.5846, 3.76636, 23.4488, 25.4004, 4.26071, 13.5407, 27.8829, 25.0695, 13.7456, 23.6514, 9.20164, 27.6403, 20.1364, 21.9698, 15.0141, 17.432, 3.4755, 16.317, 23.5817, 12.9449, 29.5246 ], 
          [ 20.7743, 13.5139, 8.48735, 29.5473, 5.84342, 11.0437, 3.0543, 28.0625, 13.9987, 26.096, 21.272, 17.1196, 20.4494, 20.711, 16.6479, 16.1162, 1.52421, 3.93829, 22.4651, 18.9536, 3.70144, 28.8585, 3.87902, 19.7909, 28.9788, 9.7921, 20.4228, 26.6661, 21.4576, 20.3809 ], 
          [ 14.666, 27.9969, 16.0296, 25.3355, 14.5428, 5.83899, 18.7212, 21.0713, 3.73823, 13.1383, 22.7688, 29.6594, 23.1187, 16.2874, 13.1966, 3.31663, 12.8347, 5.15864, 3.13505, 22.4952, 28.9798, 29.5244, 1.98056, 13.7999, 2.36369, 24.9138, 12.169, 3.75886, 15.9871, 17.5858 ], 
          [ 10.4446, 20.928, 13.0461, 20.1919, 28.6807, 11.6991, 1.23578, 9.07039, 2.10802, 21.6107, 9.35703, 14.0327, 21.628, 6.95712, 10.5039, 27.4621, 3.88926, 11.158, 4.69459, 29.9865, 22.2354, 9.57245, 8.86577, 5.77644, 6.27177, 27.2477, 15.1077, 1.3896, 14.1245, 24.043 ], 
          [ 19.648, 19.6331, 12.5695, 19.42, 5.17952, 15.7469, 12.4567, 5.23661, 1.8057, 11.9383, 8.65383, 16.1159, 12.7991, 1.16809, 15.8406, 18.6152, 9.37871, 15.449, 12.1785, 21.8358, 4.08493, 24.4884, 10.9245, 7.4392, 13.9371, 22.3941, 16.9917, 20.4135, 11.1657, 26.1529 ], 
          [ 17.7793, 22.7763, 5.78242, 5.09793, 9.80894, 10.5639, 4.68569, 13.9485, 17.6139, 19.9948, 28.3362, 2.16957, 11.884, 24.1874, 25.1231, 17.0614, 19.9605, 21.4492, 7.84939, 25.3202, 21.6786, 19.0927, 15.1843, 2.16652, 8.85359, 15.7205, 16.7809, 24.4818, 6.16327, 22.2182 ], 
          [ 21.3197, 3.35088, 6.73663, 18.8656, 22.4188, 1.51902, 25.1945, 10.7095, 8.20225, 7.80466, 12.4697, 18.4475, 5.68474, 7.13615, 1.29954, 15.7721, 29.9487, 1.59495, 11.6423, 25.3274, 29.5773, 20.2502, 9.82822, 19.0914, 12.2005, 25.0476, 12.9415, 22.9152, 18.4017, 27.3535 ], 
          [ 4.87772, 20.3898, 8.98585, 23.7309, 11.1556, 1.36527, 21.747, 27.7302, 16.5709, 17.9343, 2.28943, 18.3619, 25.1985, 13.6382, 9.913, 18.2471, 29.9171, 5.72923, 22.6498, 26.7238, 16.807, 16.9352, 26.7541, 26.1213, 21.5561, 15.4559, 24.2934, 24.9083, 19.9337, 3.06693 ], 
          [ 9.86461, 21.476, 25.9295, 4.38335, 9.07853, 5.85898, 22.2472, 13.2528, 17.8468, 3.75302, 24.5417, 14.9385, 13.0717, 27.7136, 18.8433, 18.1218, 26.3861, 5.02658, 22.3386, 11.7622, 9.40658, 5.18767, 8.70901, 25.8138, 14.4489, 21.1246, 9.19372, 15.0938, 24.4344, 1.07779 ], 
          [ 13.2933, 11.7607, 11.2715, 18.1708, 29.4797, 7.51815, 17.9335, 11.1363, 9.09861, 10.548, 15.5476, 15.4316, 9.50181, 22.1434, 11.2958, 21.2474, 22.5229, 20.6714, 25.2184, 2.77838, 28.0996, 5.92971, 10.1326, 8.85237, 19.9414, 9.51819, 6.59548, 21.5846, 11.7737, 21.682 ], 
          [ 19.8727, 19.1923, 1.20839, 6.3507, 28.6995, 19.4406, 16.9421, 4.5222, 15.4348, 3.75201, 16.596, 8.14618, 19.1748, 15.9064, 16.4856, 25.033, 20.5741, 7.34845, 29.1525, 2.10224, 10.9708, 2.96782, 21.4877, 27.6866, 17.022, 4.50699, 24.3587, 6.23168, 11.2929, 4.21146 ], 
          [ 10.5204, 17.6076, 20.84, 16.682, 21.293, 12.461, 16.5975, 1.15044, 20.8455, 29.477, 14.3797, 28.9287, 5.00303, 8.20886, 22.8095, 4.57315, 4.45809, 21.6571, 13.2106, 16.7496, 21.7292, 21.9825, 29.4685, 11.0312, 1.49261, 12.7689, 8.2345, 4.6007, 27.6397, 15.9403 ], 
          [ 20.9284, 18.2226, 25.8007, 4.97721, 7.46252, 15.4363, 4.60767, 27.0799, 12.9875, 10.0623, 14.0984, 25.6587, 29.1325, 16.6568, 9.0199, 22.8253, 21.4138, 8.32588, 5.19114, 29.0946, 24.1255, 22.3762, 24.4584, 21.5208, 2.49741, 2.91567, 20.1316, 14.5338, 24.0878, 14.8261 ], 
          [ 7.74163, 24.3743, 2.947, 4.3501, 16.8084, 17.8017, 4.66297, 3.50336, 26.8622, 3.02225, 19.2713, 24.7305, 10.6865, 20.8187, 18.0482, 11.1096, 7.14322, 7.09804, 25.9433, 5.18037, 13.0215, 27.1673, 18.7158, 4.44618, 16.2994, 13.8163, 11.4215, 21.3624, 5.88899, 4.19228 ], 
          [ 3.43806, 6.45572, 4.78717, 10.2866, 25.746, 4.28953, 5.81374, 19.7878, 14.9228, 6.36941, 1.12805, 9.59053, 17.0032, 8.18929, 24.8774, 20.361, 6.9364, 28.4979, 4.87021, 8.23178, 26.4094, 16.6642, 10.8344, 25.1317, 16.7459, 22.2634, 17.1523, 5.19156, 8.03161, 13.5564 ], 
          [ 14.2213, 5.9955, 13.1791, 26.4204, 10.4322, 1.98071, 20.5003, 23.7643, 17.3924, 20.8845, 2.8536, 9.44055, 7.11499, 10.4194, 13.8819, 11.1041, 1.85123, 2.74911, 25.7885, 20.0212, 12.2153, 25.3201, 9.55533, 5.26309, 16.3368, 3.61213, 3.43801, 23.4885, 6.33771, 22.0283 ], 
          [ 7.95575, 28.6698, 21.9916, 29.3194, 15.2482, 3.44991, 28.8915, 22.2995, 18.0634, 14.2137, 29.7318, 25.871, 27.8141, 6.55545, 2.94827, 11.1792, 27.3307, 2.07263, 23.6648, 6.25363, 10.4587, 19.3031, 16.0987, 16.1062, 17.048, 27.1459, 23.5047, 27.0931, 16.2797, 7.11194 ], 
          [ 23.1662, 3.53906, 22.4062, 28.9128, 6.91954, 11.0449, 13.6889, 24.6331, 25.6919, 29.1125, 23.6122, 15.9836, 15.1855, 13.6022, 3.58893, 28.6347, 6.58213, 14.1212, 25.6815, 20.1855, 29.7589, 7.68139, 29.471, 6.68514, 10.9767, 7.06087, 10.0978, 18.9224, 29.3929, 9.85588 ], 
          [ 8.29829, 7.51781, 19.6959, 3.77714, 6.16294, 13.247, 26.0876, 1.17286, 12.377, 23.4496, 26.4188, 22.8146, 3.42405, 1.51916, 16.4904, 4.36528, 27.4265, 25.5531, 12.2895, 23.039, 23.8639, 7.87066, 22.9415, 18.9108, 17.1591, 11.6984, 10.3648, 24.0512, 23.4335, 11.4121 ], 
          [ 5.63146, 14.7065, 11.8986, 26.1298, 12.0701, 21.4464, 1.06631, 18.4526, 19.9355, 18.3158, 23.4234, 9.05764, 26.1425, 8.88299, 20.0256, 8.48929, 25.8929, 9.15697, 18.3569, 26.1046, 26.1018, 1.23366, 19.5092, 8.83637, 28.6824, 11.7512, 1.79624, 22.2709, 23.5916, 17.2161 ], 
          [ 18.8621, 11.6382, 10.1039, 17.6054, 23.8665, 9.80761, 22.4657, 23.391, 26.0457, 16.8828, 24.3474, 8.83472, 25.0471, 7.35393, 26.7446, 28.3919, 26.4803, 16.0615, 15.0354, 27.8017, 2.64431, 23.3944, 3.57981, 25.1715, 5.59829, 3.9169, 9.4002, 18.2078, 10.2507, 3.06868 ], 
          [ 16.0537, 8.53511, 14.4632, 4.67152, 17.696, 11.9838, 14.3809, 20.1774, 6.72276, 28.1679, 19.9893, 19.362, 5.18242, 28.3431, 23.0513, 20.7871, 1.56735, 1.31596, 2.75336, 14.5956, 21.1712, 7.2835, 5.38625, 28.5232, 6.44348, 16.5509, 14.7104, 29.0296, 20.6976, 14.5667 ], 
          [ 19.5117, 19.6534, 15.6085, 17.0647, 23.7894, 16.3221, 26.9929, 22.0652, 7.4877, 1.96426, 1.68237, 18.6252, 9.55147, 27.0691, 25.1034, 3.10066, 4.48279, 8.31621, 13.6666, 14.5213, 19.6594, 1.52408, 28.5104, 2.06845, 29.7876, 17.3763, 16.9433, 27.9813, 21.6122, 26.1723 ], 
          [ 15.4971, 5.74812, 15.9232, 19.9664, 15.5399, 10.8799, 14.3957, 7.95745, 19.1678, 1.43552, 4.65892, 18.8412, 8.27846, 22.3374, 4.7653, 2.49287, 11.9802, 19.6515, 8.46411, 14.6331, 17.0587, 27.2312, 21.1386, 1.88546, 23.3232, 10.0852, 11.5513, 10.4122, 26.4415, 1.78134 ], 
          [ 5.59777, 9.91916, 27.6736, 24.1024, 9.65746, 15.4214, 13.4982, 26.6984, 6.25553, 16.9989, 12.8915, 18.9409, 16.2314, 7.60935, 28.2866, 4.04042, 21.8245, 16.997, 27.37, 7.63538, 18.5745, 22.3999, 6.14012, 13.753, 20.794, 16.0499, 23.1538, 7.29248, 16.1828, 19.9858 ]
        ]
      ];
r = [
        [65095.6,50586.5,78815,65813.6,77422.8,77276.6,72799.6,65503.1,56683.3,61533.9,52471,76344.3,66839.9,67588.4,75213.7,53445.6,80514.4,61363.8,54060.9,68380.4,61385.7,66871.4,62912.8,80899.7,73241.4,81780.1,78076.5,61170.8,73547.3,77492.1 ], 
        [79317.4,57235,65601.6,79573.4,61871.8,63142.3,66780.5,66100.7,74462.7,78019.6,74013.3,71790.7,79924.3,58293.7,56492.7,66710.8,50452.9,54417.7,58443.5,72902.3,67691.5,69223.4,55053.1,57517,74141.2,52185.6,60859.1,78604.7,54663,56450.6 ]
     ];
d = [
        [49004.6,17125.7,35275.4,64820.4,38218.8,14893.9,11341.7,2895.65,5681.75,32212.9,15602.8,64292.1,31779.9,84288.5,54014.6,8136.99,59198.6,88306.2,8621.84,59785.8,84823.3,59609.3,4552.98,36315.3,74383.7,39481.5,43152.2,47289.9,39002.5,9623.2,49959.5,76608.7,31338,23693.6,54926.4,28902.9,5874.44,6387.66,14830.8,65585,28253.6,60249.4,17689.4,47312.3,63115.4,51453.1,84007,64323.4,54992,5639.51,13327.1,13943.4,59089.1,79494.7,83594.7,20185.2,33554,85486.6,63105.6,56771.5,9469.79,60324.3,30001.8,89474.1,41270.6,63719,87039.9,31962.8,49290.9,77980.4 ], 
        [22342.8,53672.7,8541.49,21335.4,81117.3,31468.6,50244.4,21894.4,32831.6,51256.8,37263.7,26242.1,7607.76,51595.2,23056.1,33194.8,81209,43443.1,65349.2,89236.2,18349,75174.4,37660,43878,74910.2,81045.2,79268.3,71311.3,65483.8,65251.4,27083.1,81586.6,61128.7,88250.8,82607,38877.9,2027.95,59856.7,52362.6,7817.3,79929.5,59814,69190.2,6722.68,14036.9,61240.1,86896.5,50879.4,16204,40025.9,70987.6,86907.7,78965,28550.9,44000.4,45598.6,18961.3,60607.9,52518.3,55142.2,48121.6,14603.2,14992.4,58130.2,17441.8,44631.6,6112.74,85766.9,67918.8,39166.4 ]
     ];
