/***************************************
* STOCHASTIC OPTIMITZATION
* OPL S2FVPP Data Generator
* by Jordi Mateo Fornes
* Model = S2FVPP; Stochastic (2S) MIP 0-1;
* Representation = Compact Representation;
****************************************/
I = 100;
P = 30;
C = 70;
G = 2;
p = [ 0.01, 0.01 ];
pc = 0.02;
ORCHARDS = { 1, 2, 3, 4, 5, 6, 7, 8, 9, 10, 11, 12, 13, 14, 15, 16, 17, 18, 19, 20, 21, 22, 23, 24, 25, 26, 27, 28, 29, 30 };
CUSTOMERS = { c1, c2, c3, c4, c5, c6, c7, c8, c9, c10, c11, c12, c13, c14, c15, c16, c17, c18, c19, c20, c21, c22, c23, c24, c25, c26, c27, c28, c29, c30, c31, c32, c33, c34, c35, c36, c37, c38, c39, c40, c41, c42, c43, c44, c45, c46, c47, c48, c49, c50, c51, c52, c53, c54, c55, c56, c57, c58, c59, c60, c61, c62, c63, c64, c65, c66, c67, c68, c69, c70 };
CGV = [ 12.3627, 25.4853, 10.2329, 20.683, 21.6957, 11.0756, 12.6637, 23.7192, 29.747, 24.3349, 1.6333, 4.32544, 17.4201, 25.5003, 10.542, 10.3069, 6.75382, 6.70016, 11.987, 21.4619, 7.0354, 11.8772, 18.5623, 13.2509, 13.4674, 27.7698, 8.32329, 29.4574, 27.4332, 21.3173 ]; 
s = [ 2.84972, 2.63639, 2.93451, 0.881518, 0.485698, 0.306994, 0.525129, 0.687612, 1.28742, 1.62071, 1.89602, 2.57658, 2.98629, 1.68668, 1.96442, 1.15665, 2.91276, 1.99352, 2.48752, 0.680003, 0.552075, 2.98777, 0.270194, 1.38969, 0.820449, 1.419, 0.795921, 2.74378, 2.73897, 28.9432 ]; 
CSV = [
        [
          [ 19.2414, 21.5952, 12.7869, 10.9307, 18.0795, 24.0214, 5.86995, 9.40388, 17.9611, 8.53753, 6.092, 28.6545, 25.4144, 29.8324, 17.3161, 20.0588, 24.2121, 10.8297, 17.5987, 9.88569, 11.6666, 13.0539, 9.69572, 29.7836, 9.7096, 23.9431, 20.7383, 4.52828, 23.8542, 12.1986 ], 
          [ 14.0432, 9.64152, 19.1276, 3.73267, 9.4247, 20.0317, 15.3212, 5.47509, 12.86, 16.6643, 1.16241, 8.81755, 22.6191, 29.0444, 10.5026, 23.9141, 7.28216, 1.29395, 7.10543, 21.0957, 6.26877, 12.1984, 8.82508, 16.5052, 1.28134, 16.0413, 28.5847, 9.28448, 9.6339, 10.7905 ], 
          [ 17.2558, 6.28475, 6.97992, 12.8101, 15.9441, 21.8447, 17.6283, 16.8943, 18.6184, 11.9593, 3.28039, 4.60816, 27.4676, 12.5269, 27.081, 11.6249, 1.66721, 23.3309, 8.24856, 16.0171, 24.2981, 29.3823, 24.0902, 17.828, 4.16958, 21.1965, 2.16553, 19.5573, 3.27316, 16.7658 ], 
          [ 25.8356, 10.4876, 6.81367, 8.41048, 24.7269, 29.1082, 16.9376, 8.56198, 14.7949, 18.942, 1.7767, 19.8284, 28.514, 2.23542, 1.39491, 24.5328, 17.2731, 5.76362, 25.8121, 27.292, 10.6284, 7.66592, 9.18608, 6.137, 19.063, 17.5447, 8.02108, 19.8241, 2.49887, 16.5305 ], 
          [ 28.9771, 29.927, 12.8779, 6.4208, 21.5955, 28.6261, 23.9549, 21.6727, 26.1522, 14.9801, 15.0765, 2.97962, 15.4178, 10.8158, 5.61178, 10.9404, 15.6956, 8.52584, 23.9622, 3.16954, 12.9529, 17.0065, 11.4286, 7.37214, 15.3138, 14.0974, 6.71737, 4.90067, 26.0099, 4.35306 ], 
          [ 11.6463, 22.7649, 12.1601, 13.7979, 29.3646, 4.29341, 8.7949, 5.45111, 10.4559, 1.16327, 2.42365, 27.5703, 13.0289, 21.6747, 8.01968, 12.9912, 20.9365, 25.1024, 25.0122, 8.84773, 7.88814, 8.9538, 2.80555, 11.6328, 14.5675, 8.32078, 4.86884, 29.1942, 27.2006, 24.616 ], 
          [ 13.9012, 20.7955, 24.0712, 27.7251, 26.0295, 5.98823, 25.7604, 9.94757, 17.2602, 8.98782, 1.13423, 28.455, 6.27989, 29.3258, 9.95713, 1.89756, 24.6778, 20.5234, 24.3181, 25.0723, 17.5097, 17.1703, 5.04564, 2.80569, 20.9031, 13.2675, 16.5925, 27.1212, 9.35689, 18.8315 ], 
          [ 10.5362, 28.9691, 19.2862, 1.59941, 27.0284, 10.1732, 25.058, 25.0881, 19.4786, 8.09268, 21.4617, 22.124, 8.82164, 21.481, 28.7265, 21.8217, 7.41883, 16.5378, 1.17742, 11.5514, 28.5872, 20.8472, 24.3184, 21.8839, 9.59723, 8.7214, 1.63213, 6.35386, 16.8635, 13.1746 ], 
          [ 29.9367, 22.2454, 18.9619, 17.952, 25.1452, 1.09864, 19.7527, 5.17222, 6.69059, 8.39274, 23.2928, 5.54974, 1.1611, 5.25414, 15.9607, 13.6758, 9.65868, 11.8907, 20.113, 25.9235, 2.74587, 27.9151, 3.3768, 5.5771, 12.8154, 9.88468, 17.5987, 2.76085, 20.5205, 14.9014 ], 
          [ 27.8327, 22.4114, 12.6206, 21.2161, 4.32502, 5.80454, 14.4712, 13.468, 26.756, 29.8947, 19.5236, 5.17244, 13.0626, 4.39549, 21.2818, 16.6091, 29.1024, 17.6807, 15.4565, 16.0878, 16.916, 18.0589, 22.215, 1.5204, 21.0725, 6.7736, 18.6235, 6.96477, 24.9381, 11.0826 ], 
          [ 21.4258, 18.8326, 15.4367, 15.9365, 29.2387, 28.1217, 16.8851, 15.4435, 18.0183, 26.6291, 1.80112, 20.8622, 2.84476, 4.96151, 25.835, 5.73725, 27.1228, 2.40109, 9.85721, 14.0434, 11.0451, 27.9631, 15.2292, 6.42901, 2.7656, 11.0054, 10.1598, 21.1833, 12.0453, 9.60359 ], 
          [ 12.0836, 20.6439, 20.4385, 27.7386, 25.4538, 21.1982, 17.5813, 15.9213, 2.9848, 12.1614, 20.5056, 15.6493, 25.1413, 9.50508, 2.99948, 7.44092, 21.6483, 27.0726, 28.0943, 25.9076, 13.8192, 15.1847, 1.29507, 4.92639, 4.48455, 8.77567, 4.74881, 5.27796, 3.28961, 11.4162 ], 
          [ 26.4393, 3.70011, 26.0108, 18.4628, 24.9998, 24.8468, 24.3182, 17.1039, 27.0852, 8.44034, 11.5968, 17.0656, 23.9453, 25.5062, 22.6371, 24.8979, 28.0793, 29.1193, 3.24076, 2.15309, 19.174, 28.1497, 4.5764, 8.63531, 7.60537, 7.31195, 3.24166, 24.5823, 29.4813, 24.2701 ], 
          [ 10.0204, 8.62522, 26.2996, 16.6221, 16.8059, 21.2614, 20.0915, 27.3468, 19.1413, 11.6517, 18.06, 29.142, 12.5628, 10.1409, 9.01297, 20.3561, 28.1792, 8.55861, 2.15833, 15.2972, 5.35881, 8.41416, 26.7427, 16.5602, 18.5394, 4.00764, 24.9084, 1.0667, 11.1367, 12.3755 ], 
          [ 14.532, 5.92147, 17.4788, 26.2155, 24.7505, 24.7645, 21.6029, 10.5712, 4.2186, 16.9984, 1.70581, 4.86973, 25.6017, 18.9153, 10.8922, 27.9018, 11.5692, 22.3713, 9.54015, 21.1204, 18.8536, 28.8994, 5.25649, 1.38725, 10.915, 12.8686, 23.9527, 8.177, 6.98164, 16.5353 ], 
          [ 10.8902, 10.5037, 19.4164, 17.5133, 12.9747, 25.5014, 20.9715, 3.88976, 9.99363, 9.09831, 10.2339, 11.9197, 9.70911, 12.7565, 22.081, 17.092, 2.28707, 28.3751, 15.9001, 27.2985, 7.81577, 23.6916, 13.545, 2.2426, 12.0196, 18.3698, 9.29939, 16.9896, 11.0229, 14.2064 ], 
          [ 23.1548, 23.9713, 22.2494, 12.0543, 3.3021, 19.7507, 12.7635, 25.5018, 25.659, 13.0943, 6.24754, 8.60527, 9.72697, 3.6224, 13.3992, 23.1429, 24.9728, 20.5653, 18.6305, 22.3591, 14.7533, 7.72505, 13.6708, 20.7739, 11.0942, 15.6606, 3.64218, 10.8906, 13.9721, 14.5095 ], 
          [ 4.44918, 20.1317, 5.03415, 17.7913, 4.59972, 2.41459, 17.0821, 23.2866, 2.65935, 28.3299, 1.09433, 19.3412, 22.1132, 7.01992, 28.665, 24.4527, 23.3725, 24.6908, 22.6443, 6.58249, 5.94892, 20.5505, 19.7395, 9.03567, 20.8896, 8.48645, 4.78481, 25.9133, 15.3993, 24.0742 ], 
          [ 23.7921, 27.943, 27.5375, 9.95035, 26.3557, 6.21446, 25.1266, 6.80408, 19.0015, 11.1912, 20.5589, 4.83854, 3.56841, 11.4838, 16.5203, 22.9404, 28.7998, 23.6683, 27.5709, 29.4253, 28.8021, 2.18133, 19.4505, 11.513, 27.2017, 20.5827, 12.2328, 28.0867, 28.7966, 11.6596 ], 
          [ 27.4869, 24.5215, 12.4075, 21.9226, 1.80797, 2.7424, 10.7545, 5.98777, 8.80889, 10.5845, 17.0741, 4.41704, 27.5622, 7.31301, 8.16834, 18.026, 17.479, 10.4657, 21.384, 28.9029, 21.9789, 17.152, 19.118, 17.4433, 25.2115, 3.52963, 22.1614, 13.3578, 19.3666, 29.8135 ], 
          [ 18.999, 16.5651, 5.07725, 23.3025, 17.9453, 25.3034, 15.4373, 15.7637, 9.32985, 9.34557, 23.5909, 28.2693, 14.7715, 3.31839, 3.54857, 13.0153, 17.4687, 12.1251, 27.2761, 17.1814, 1.23132, 13.9112, 28.6328, 9.02182, 10.3225, 13.0142, 22.6214, 25.5173, 10.9614, 15.3514 ], 
          [ 10.8041, 21.3348, 8.72915, 28.5017, 5.56437, 25.426, 9.93189, 18.6861, 17.2471, 18.3578, 15.5124, 21.948, 17.9376, 25.9016, 15.7687, 8.89817, 25.8212, 3.61487, 23.882, 13.8563, 6.00177, 29.8203, 2.30068, 26.1203, 13.5243, 18.1547, 23.9464, 19.1552, 3.39716, 9.16956 ], 
          [ 4.52327, 11.9059, 8.53925, 9.43437, 12.3827, 20.9493, 21.4009, 5.29702, 25.9894, 5.27181, 15.39, 6.00931, 20.4007, 10.3186, 14.8201, 15.8552, 24.6489, 6.6582, 3.38955, 8.15408, 27.514, 4.25087, 4.1695, 15.3017, 21.5559, 3.26352, 28.1787, 18.7283, 9.43422, 6.46336 ], 
          [ 3.03584, 20.6751, 20.2754, 26.3033, 17.8723, 10.822, 7.61499, 24.0981, 12.1842, 24.4146, 14.0469, 13.3455, 22.418, 14.2267, 1.38585, 18.9223, 10.5629, 20.8269, 19.3952, 3.66564, 10.5692, 17.6847, 21.7417, 25.7976, 6.6748, 7.44632, 28.1604, 1.1192, 5.37366, 7.28973 ], 
          [ 1.01488, 4.91939, 14.5232, 9.76113, 19.5664, 18.7652, 27.4041, 17.3163, 28.578, 25.9411, 12.5512, 18.7936, 1.47567, 4.64421, 26.9182, 15.1347, 19.2304, 2.75246, 4.75409, 12.7942, 5.62118, 13.826, 18.0076, 12.8176, 9.42192, 18.9736, 19.8043, 26.5452, 10.9048, 9.87081 ], 
          [ 1.85164, 5.33482, 16.8342, 3.24971, 27.4778, 17.133, 28.3102, 14.4862, 19.9665, 15.8312, 4.37652, 29.2993, 2.52177, 8.4398, 10.6503, 25.2506, 22.745, 15.9051, 16.304, 19.2637, 23.7604, 21.2448, 3.87067, 19.5695, 1.94535, 23.9196, 9.31383, 28.9914, 10.1283, 9.80615 ], 
          [ 25.5353, 25.0206, 18.4364, 20.5554, 11.089, 15.5314, 22.0233, 4.14093, 29.0678, 15.6295, 12.9459, 2.12193, 26.2814, 26.0472, 15.2892, 10.1833, 22.4993, 16.8162, 5.25072, 2.34715, 1.80857, 20.9622, 11.8366, 13.356, 25.5838, 7.41429, 4.09539, 6.59632, 17.0604, 11.8334 ], 
          [ 6.38662, 22.1246, 18.9487, 21.4471, 24.5912, 16.7662, 19.4068, 20.6012, 10.7011, 29.6392, 5.62605, 21.644, 6.56566, 11.741, 11.5023, 28.1252, 6.86002, 8.53475, 20.0655, 3.50319, 2.34883, 19.1701, 20.1048, 13.9845, 12.232, 27.1381, 6.11398, 25.9153, 11.6688, 19.7177 ], 
          [ 29.3893, 9.59278, 5.34337, 18.177, 14.8746, 17.8707, 8.35427, 17.9629, 12.0805, 8.18171, 28.679, 28.7651, 8.14847, 17.2552, 10.9072, 11.1354, 23.8337, 24.4005, 28.6831, 26.3824, 29.8291, 9.01763, 17.2617, 3.35281, 6.83153, 24.2349, 6.9065, 17.2744, 19.4808, 19.804 ], 
          [ 22.4464, 29.4923, 12.001, 17.0557, 18.0022, 14.968, 25.192, 9.92019, 28.7457, 14.8902, 1.36876, 26.748, 21.9746, 2.71217, 22.392, 3.23216, 2.50394, 21.5999, 18.4194, 2.57986, 16.947, 1.53053, 8.44987, 1.71701, 9.21722, 20.1083, 16.481, 11.4221, 26.6615, 24.0168 ], 
          [ 18.6492, 19.837, 28.8997, 29.3154, 8.9776, 19.2052, 18.8307, 3.29377, 19.8214, 21.8129, 22.3394, 12.9875, 29.1208, 26.1376, 19.7098, 12.1863, 28.4839, 19.1373, 21.9294, 23.5877, 25.7441, 26.3465, 6.32991, 14.3533, 12.4871, 15.2794, 25.9613, 7.30232, 24.1733, 4.86281 ], 
          [ 22.3161, 17.4646, 4.3994, 5.82955, 7.34011, 11.7478, 14.3505, 3.53774, 21.5942, 7.82402, 28.172, 18.3023, 9.60713, 8.05403, 10.3187, 24.9277, 2.03488, 16.9212, 14.9141, 15.3037, 28.2468, 14.0196, 11.8397, 6.90844, 20.6042, 8.61157, 20.1849, 20.8503, 8.24052, 17.1177 ], 
          [ 29.2175, 23.5199, 4.8758, 2.46652, 2.11376, 27.0508, 19.115, 4.5866, 12.2227, 13.0846, 5.34483, 11.9732, 16.4575, 24.7348, 15.3608, 10.6416, 17.3681, 18.7259, 18.5865, 14.9676, 16.0702, 26.5203, 16.7488, 3.47574, 14.3441, 29.7406, 6.65683, 4.49795, 25.9538, 11.964 ], 
          [ 1.18843, 9.89424, 28.2578, 8.04348, 20.7538, 2.20779, 26.8414, 1.98945, 18.3289, 13.8375, 24.2667, 22.6554, 11.1884, 29.9821, 8.46675, 2.10728, 21.3317, 6.76276, 3.35233, 21.7575, 19.3054, 10.7282, 27.9327, 14.8104, 28.2613, 20.4016, 29.1945, 27.8069, 6.32679, 2.33379 ], 
          [ 15.9782, 8.8349, 24.1482, 8.66913, 20.726, 29.3695, 11.1988, 15.7894, 15.4646, 18.0053, 11.759, 4.01385, 5.16792, 12.4468, 2.93492, 9.96435, 11.1361, 21.5982, 20.1018, 19.0115, 29.1524, 15.3266, 11.0192, 5.9367, 9.59271, 29.5771, 18.5437, 26.4849, 23.344, 2.34031 ], 
          [ 10.2381, 29.2333, 29.8285, 23.8184, 17.0545, 7.59434, 14.2351, 25.0337, 7.35912, 9.24766, 25.042, 19.1404, 15.2089, 21.6166, 27.8929, 3.21648, 28.3441, 24.9099, 13.2746, 14.8018, 29.0458, 19.8255, 4.0657, 5.63022, 21.4322, 28.6901, 23.8613, 14.0464, 19.2109, 6.40245 ], 
          [ 22.1939, 8.24627, 22.9406, 21.1934, 7.1979, 5.69014, 21.2321, 14.3803, 15.0442, 15.8139, 29.0344, 23.9, 20.6592, 10.8642, 15.2619, 10.3548, 26.4031, 1.5452, 23.5734, 3.01249, 10.4082, 18.645, 28.8772, 23.8109, 29.7444, 17.0666, 27.4014, 29.6969, 5.34982, 8.36104 ], 
          [ 5.99178, 16.5001, 11.8885, 8.74914, 2.42801, 2.52888, 10.6097, 29.4171, 18.9242, 26.885, 15.9558, 10.4398, 26.0098, 28.1786, 7.905, 2.0124, 22.6137, 27.0681, 11.2114, 16.3324, 6.00822, 18.9411, 23.6866, 26.0209, 5.47272, 18.7765, 27.8209, 1.49694, 28.1413, 10.2016 ], 
          [ 17.1901, 7.96909, 13.3164, 24.7362, 22.6626, 22.9308, 8.37049, 26.8563, 8.48253, 9.19151, 16.549, 12.3331, 10.8175, 28.1632, 23.8755, 15.1005, 29.203, 15.3789, 20.225, 29.7302, 29.1845, 4.50518, 9.59878, 18.0772, 3.75379, 29.2549, 20.7281, 10.495, 10.4915, 23.0267 ], 
          [ 23.2022, 8.54319, 10.9333, 27.7817, 12.85, 24.1707, 17.3379, 3.26304, 17.4557, 23.5853, 20.8018, 25.3525, 7.8419, 4.36367, 28.5828, 13.6791, 6.86625, 8.48689, 29.8445, 7.44367, 3.59348, 24.7302, 14.3385, 3.24553, 25.301, 25.9794, 21.2246, 21.9694, 16.6866, 19.5239 ], 
          [ 15.9325, 11.1069, 1.61389, 5.48449, 22.6844, 17.2259, 7.815, 21.7397, 5.16367, 17.1744, 18.8884, 16.0734, 25.6092, 18.4647, 12.2747, 5.23567, 2.04266, 25.8109, 10.8679, 5.04829, 27.7908, 13.2389, 12.3996, 26.2019, 6.49625, 20.5255, 11.8789, 29.7453, 9.36735, 27.7323 ], 
          [ 26.9132, 1.22601, 16.3274, 16.0095, 4.63326, 29.028, 22.5534, 29.2973, 3.35483, 23.6853, 20.577, 7.28086, 1.1469, 21.4787, 13.4482, 11.6377, 11.5105, 19.0908, 2.65857, 23.8334, 8.30372, 28.7186, 29.2452, 20.7334, 10.8002, 2.16815, 20.8338, 9.96157, 25.1097, 25.4469 ], 
          [ 26.0362, 8.34922, 2.94106, 9.25238, 28.0392, 22.2451, 27.108, 16.6067, 18.5458, 4.14865, 14.0376, 11.1494, 5.87187, 23.4672, 23.9648, 8.16084, 1.55449, 13.3586, 12.2724, 23.5738, 16.9105, 5.28006, 23.7658, 16.3639, 10.7948, 27.2768, 9.86661, 10.9527, 26.8648, 13.4747 ], 
          [ 20.4845, 23.775, 6.80493, 28.2642, 3.61507, 28.5712, 21.2332, 24.8689, 8.07339, 21.652, 3.8322, 19.3896, 3.91353, 9.26065, 12.358, 26.8769, 22.756, 4.81984, 3.72196, 22.9858, 9.43304, 29.7519, 6.06491, 4.76741, 25.4229, 26.2021, 28.1475, 19.9954, 12.5421, 28.5169 ], 
          [ 13.0528, 21.0162, 20.777, 8.73709, 7.42723, 20.5883, 8.97679, 12.4716, 29.7649, 24.3313, 28.9088, 10.37, 1.72188, 24.619, 18.7005, 8.397, 17.9855, 18.0568, 4.59553, 11.7424, 5.4499, 2.46197, 20.3496, 7.46925, 28.7821, 2.80287, 21.594, 2.20765, 13.7664, 1.82738 ], 
          [ 8.44146, 11.4435, 10.9432, 8.76163, 18.9006, 6.53671, 5.62188, 27.7868, 12.3658, 27.6938, 12.2713, 21.5292, 2.52651, 25.254, 12.6354, 16.6599, 5.51428, 9.938, 29.9876, 4.75342, 23.7766, 21.073, 4.56055, 20.761, 26.1813, 2.41823, 28.7582, 17.0415, 29.0406, 27.7029 ], 
          [ 4.05398, 3.93396, 6.41235, 29.4732, 14.5074, 18.1629, 28.9765, 17.9357, 16.0158, 10.6063, 28.2805, 10.1745, 12.7642, 25.9123, 6.32968, 20.9318, 5.95503, 24.4042, 17.9143, 22.5827, 10.6404, 21.7605, 7.89467, 16.7939, 14.4078, 9.55419, 6.49504, 2.24176, 23.0291, 24.8841 ], 
          [ 3.8858, 12.2893, 12.3226, 15.2147, 7.74603, 7.88376, 6.94563, 21.6296, 10.2904, 24.9796, 15.0695, 17.7854, 29.6228, 10.8296, 17.4989, 7.49805, 22.3251, 23.5994, 12.2427, 14.7817, 5.3591, 12.1047, 4.04724, 11.0672, 8.31561, 10.6244, 16.3462, 3.01061, 4.26076, 19.1134 ], 
          [ 23.8933, 15.4507, 16.7664, 26.1517, 15.9831, 26.0801, 11.3727, 23.2601, 29.696, 14.9088, 20.2999, 4.76153, 1.15829, 25.6277, 20.4609, 18.2578, 6.47518, 25.986, 27.4818, 18.3335, 24.8276, 26.0998, 27.7165, 9.55447, 8.02382, 6.35492, 5.10576, 25.1432, 10.1505, 15.9782 ], 
          [ 22.9893, 17.6791, 19.5964, 12.8336, 2.4191, 4.77274, 28.1666, 17.1016, 15.5906, 20.4547, 11.0293, 3.79623, 17.2675, 23.4462, 18.3634, 10.4929, 25.4108, 5.10417, 4.53042, 3.60904, 24.6259, 5.33705, 4.10126, 2.66737, 14.012, 21.5114, 16.6183, 24.678, 20.5363, 22.6107 ], 
          [ 11.157, 9.14523, 5.01543, 26.2345, 6.53923, 4.16328, 14.5431, 15.3998, 26.3316, 18.44, 16.6819, 16.1439, 1.60978, 6.0837, 25.4042, 2.19348, 4.32659, 28.0501, 8.4447, 18.2714, 24.4872, 24.3359, 20.1664, 24.4493, 4.70421, 6.14745, 12.0051, 27.5274, 26.8058, 2.65989 ], 
          [ 1.06751, 8.2353, 17.0285, 7.95368, 6.70689, 4.15334, 8.36778, 10.8112, 16.5813, 10.2976, 25.3189, 14.4966, 3.86877, 22.9917, 4.58153, 4.30119, 22.0989, 9.92276, 6.47515, 20.5239, 1.28396, 18.8346, 25.68, 10.4269, 21.7418, 11.1879, 23.2959, 8.83606, 27.3958, 13.5271 ], 
          [ 7.75898, 25.722, 3.30148, 22.7456, 27.6995, 23.8446, 17.7458, 19.2564, 9.69025, 13.4461, 15.7273, 3.36746, 18.9923, 25.1743, 23.4461, 10.5091, 15.2258, 23.7895, 2.02077, 16.3344, 8.47626, 12.2883, 26.635, 28.4942, 8.82078, 24.4332, 9.85364, 19.8774, 5.23376, 24.0189 ], 
          [ 5.03072, 28.7535, 1.37589, 2.70929, 15.666, 22.9434, 18.8151, 16.0057, 25.4306, 24.8835, 21.9477, 2.31974, 10.5027, 22.94, 14.5135, 19.3659, 28.5556, 10.0098, 19.9929, 8.82084, 10.8068, 17.496, 11.1226, 18.6913, 17.0288, 22.4875, 15.1108, 20.9784, 24.2026, 14.7823 ], 
          [ 26.5625, 21.8067, 2.34182, 29.1081, 5.11639, 13.654, 3.39169, 29.3705, 4.0076, 22.6159, 5.38517, 27.3558, 26.8943, 10.4619, 2.76538, 7.85826, 15.0797, 5.35337, 2.08894, 1.1788, 2.8791, 24.4308, 23.8729, 14.9887, 21.806, 17.7185, 29.4003, 21.6573, 15.133, 28.5057 ], 
          [ 27.4708, 17.8797, 8.74571, 17.9505, 11.3643, 23.0342, 18.0362, 25.0725, 20.3547, 22.3288, 4.43122, 3.77917, 21.6814, 27.4525, 25.4913, 25.1131, 27.3999, 14.0019, 29.1955, 12.024, 3.79422, 24.9741, 25.6963, 1.4757, 22.0036, 26.6941, 27.7529, 20.3501, 7.42794, 15.9497 ], 
          [ 10.1839, 28.1368, 14.1806, 18.9313, 26.9476, 18.3513, 19.3175, 24.1961, 11.3618, 21.6906, 1.93028, 22.9402, 15.0153, 14.0628, 23.683, 26.9017, 22.5454, 4.84422, 6.82218, 10.7465, 10.2118, 14.0909, 3.9265, 1.76201, 20.2608, 27.7173, 9.92425, 14.7532, 27.4493, 16.7584 ], 
          [ 11.7318, 25.1325, 26.3107, 4.60893, 12.609, 1.56912, 7.97856, 5.16557, 6.66737, 14.4611, 27.4759, 15.143, 5.94237, 19.0396, 28.3311, 8.81607, 16.7496, 14.8257, 28.4617, 13.0805, 7.91438, 25.7753, 17.2933, 5.65387, 1.20428, 7.45883, 22.5011, 22.9191, 1.80101, 13.4307 ], 
          [ 8.15077, 15.4009, 17.153, 5.96043, 20.6164, 1.08604, 14.2213, 3.78381, 9.79394, 19.3192, 26.1877, 2.90214, 10.7503, 1.3118, 20.8135, 17.6514, 1.71162, 2.1155, 4.68346, 15.0109, 11.4559, 2.87627, 22.4411, 7.70104, 5.48719, 8.1021, 19.9077, 23.0281, 25.6001, 2.32393 ], 
          [ 18.8118, 15.966, 21.9685, 1.85118, 2.08957, 17.539, 20.6915, 6.81305, 2.11342, 19.1129, 16.0978, 15.9349, 26.8126, 25.9972, 17.4173, 3.36902, 17.9221, 27.5572, 6.31948, 19.0072, 23.424, 25.025, 20.8982, 22.407, 6.50114, 6.03016, 9.95886, 9.25592, 24.6546, 23.7044 ], 
          [ 22.229, 25.9236, 25.5165, 10.1089, 24.0165, 7.24414, 10.0081, 12.0495, 10.0921, 16.399, 18.8372, 16.4398, 13.2413, 8.64401, 3.65046, 21.7855, 15.8459, 29.2194, 7.34403, 2.09047, 12.3035, 13.1354, 3.904, 25.4897, 6.07788, 8.88401, 11.6597, 4.18568, 29.3959, 28.1755 ], 
          [ 3.07111, 23.2683, 10.5331, 16.2638, 8.05141, 17.7799, 2.13983, 24.8264, 16.1609, 28.7105, 8.97044, 9.62828, 13.6737, 4.4917, 16.9265, 23.6341, 21.6954, 5.47009, 23.6831, 8.78498, 13.9998, 17.0988, 17.0626, 12.882, 28.9559, 2.19622, 15.7607, 22.1121, 3.73153, 20.8658 ], 
          [ 21.6765, 9.9651, 3.37777, 22.4827, 14.7197, 13.488, 10.8761, 3.54777, 3.42971, 26.8595, 10.3936, 5.93455, 4.91467, 2.01721, 2.10742, 18.5133, 11.7756, 1.9428, 7.9281, 18.6464, 2.92545, 27.5886, 29.0251, 3.9808, 3.21045, 27.0242, 14.7194, 3.74124, 10.3692, 10.3874 ], 
          [ 7.08554, 12.2221, 15.7421, 25.6304, 7.89888, 4.21575, 3.22737, 8.98102, 2.90162, 6.50806, 28.1166, 7.50841, 16.256, 22.8158, 21.6533, 4.54892, 22.717, 26.2834, 1.38489, 3.74488, 13.8519, 16.0524, 6.8151, 25.4371, 11.9778, 19.2587, 23.1043, 26.7341, 11.6858, 2.44395 ], 
          [ 11.0475, 5.76501, 28.4929, 29.9031, 22.2896, 16.6153, 4.4896, 15.2412, 2.94656, 4.11299, 5.4368, 10.6019, 24.1913, 19.1035, 4.67129, 19.0439, 17.7179, 10.5055, 2.27434, 2.93049, 3.07383, 4.30175, 11.2134, 10.4048, 23.7315, 26.1351, 20.4735, 12.4516, 11.1474, 19.7516 ], 
          [ 1.53095, 23.1897, 26.6949, 2.30222, 11.4346, 19.9744, 22.8142, 2.32058, 9.73771, 7.89424, 10.1269, 24.8684, 18.5044, 15.9083, 24.6994, 8.99457, 23.6106, 4.60751, 29.7876, 9.16201, 20.5896, 24.0547, 10.4901, 7.12858, 16.9277, 17.2967, 14.3343, 1.63306, 24.6356, 3.8458 ], 
          [ 4.49174, 29.2013, 10.2177, 27.1684, 24.9524, 16.1365, 24.029, 4.144, 12.6823, 22.7292, 15.3515, 15.2283, 12.6914, 19.738, 29.8637, 28.1506, 8.93053, 26.9245, 28.5301, 14.9243, 1.00654, 19.2307, 7.6123, 23.9763, 21.9484, 22.0201, 12.6767, 11.3273, 15.5664, 14.5922 ], 
          [ 12.274, 22.8557, 10.4087, 28.2686, 6.97397, 1.93506, 29.0508, 6.64383, 20.4322, 12.03, 25.8146, 3.88834, 21.6595, 4.7133, 2.86866, 4.0608, 3.70331, 13.4437, 9.90336, 11.9124, 13.6034, 27.1633, 18.251, 23.8484, 5.73157, 23.869, 3.13832, 16.1658, 22.893, 6.91832 ], 
          [ 20.8694, 22.5392, 8.13699, 21.6434, 27.4335, 2.16103, 15.9379, 27.5152, 5.05374, 27.0058, 15.1217, 7.62612, 8.82913, 15.9622, 11.5541, 23.3215, 23.3827, 6.3169, 28.7608, 25.3177, 2.59741, 5.61912, 11.2735, 3.32401, 26.0322, 20.7488, 21.3051, 28.3482, 18.1583, 14.0049 ], 
          [ 19.9965, 21.4748, 26.3704, 3.96236, 3.00859, 22.0658, 9.29065, 20.3503, 28.5449, 2.44768, 11.0975, 24.7609, 18.1902, 29.7775, 8.62809, 19.6016, 21.0872, 18.8428, 1.84157, 16.2838, 2.51756, 12.4616, 17.2004, 15.5163, 22.0517, 9.16739, 17.4268, 24.3334, 12.2922, 14.2017 ]
        ], 
        [
          [ 3.57385, 26.3653, 17.7146, 17.929, 27.195, 6.27442, 2.28022, 20.9919, 21.3183, 10.6733, 3.29137, 6.17141, 14.4346, 6.91849, 6.7832, 26.7073, 7.73555, 8.60783, 21.1428, 1.17928, 21.8309, 12.3926, 25.1297, 6.60329, 14.747, 10.7973, 15.453, 23.5029, 28.1704, 10.2819 ], 
          [ 18.6221, 15.1236, 24.3863, 14.5823, 24.572, 2.55445, 3.48263, 2.43202, 4.60661, 12.9619, 14.9677, 25.8595, 28.1409, 19.2656, 24.621, 20.0501, 3.60659, 26.764, 21.5078, 9.86539, 1.52274, 18.9406, 2.40158, 10.4364, 4.69175, 24.6258, 1.59946, 12.0567, 23.8402, 10.5985 ], 
          [ 10.068, 2.56816, 29.6573, 26.7694, 12.9338, 27.7263, 24.3032, 25.4664, 25.5305, 28.5357, 12.9683, 20.7993, 6.19677, 13.8707, 21.3501, 25.0859, 1.48254, 18.8954, 10.292, 4.17518, 2.52602, 4.96682, 13.5371, 14.4324, 24.9674, 1.02197, 4.81684, 3.28605, 29.1221, 1.31606 ], 
          [ 2.63641, 3.98425, 3.71202, 6.82808, 13.9424, 27.3095, 21.9214, 25.0212, 11.6876, 18.9374, 2.60779, 12.9033, 5.85601, 22.4409, 21.1223, 23.8571, 8.40341, 5.8318, 25.9249, 28.737, 23.9043, 7.19758, 11.0503, 14.1747, 10.9937, 18.5204, 6.56311, 13.6232, 9.90519, 4.95858 ], 
          [ 6.4967, 15.2145, 6.5439, 1.99601, 25.7454, 11.2805, 13.3208, 16.3084, 21.261, 8.51135, 21.0465, 8.04009, 23.4464, 3.22399, 27.7684, 2.01474, 20.0282, 2.02055, 8.95446, 13.1486, 11.0116, 20.4264, 18.3021, 10.3246, 27.4686, 24.5093, 29.3857, 19.4427, 15.7807, 21.8788 ], 
          [ 11.0185, 24.0657, 9.04066, 21.5457, 2.99717, 25.9697, 14.0389, 6.29718, 13.2288, 4.61304, 27.0314, 15.3762, 3.14124, 18.4014, 15.9939, 11.6164, 23.2465, 24.6536, 16.1207, 18.3908, 18.876, 27.9649, 8.06941, 11.7483, 14.5568, 23.8069, 17.785, 10.7862, 6.3068, 11.088 ], 
          [ 8.59274, 29.9697, 16.7251, 8.53681, 29.0933, 12.9221, 21.6911, 23.8494, 24.8842, 4.88738, 28.8156, 18.0333, 13.7816, 14.3804, 22.5465, 19.9655, 19.5407, 23.2733, 2.48226, 17.9765, 9.10993, 13.5638, 27.9577, 19.1838, 6.06249, 23.2571, 13.0446, 12.2967, 3.97333, 18.3488 ], 
          [ 18.5582, 22.2558, 3.64982, 13.226, 21.0667, 17.6306, 23.4965, 27.1069, 27.7503, 14.8953, 15.312, 20.7936, 26.8838, 23.3055, 1.75214, 8.09828, 11.2115, 8.85299, 11.988, 19.2537, 26.4942, 25.9883, 12.3495, 23.297, 14.8559, 26.0871, 14.456, 8.17672, 9.08603, 17.4527 ], 
          [ 14.3355, 6.36748, 13.3841, 27.4749, 10.7045, 24.3168, 14.2779, 5.5189, 16.7307, 7.30188, 10.3407, 21.236, 17.3706, 27.96, 19.2745, 1.50065, 23.7118, 9.43461, 29.4374, 19.0449, 27.1549, 14.8146, 7.73104, 13.4341, 22.2025, 8.89243, 23.4147, 3.67061, 18.9252, 19.2547 ], 
          [ 27.5718, 14.9885, 4.83113, 27.333, 3.51946, 9.50329, 13.9539, 20.745, 6.73864, 12.8672, 1.68456, 7.7673, 2.29013, 15.0939, 13.271, 16.2469, 7.60666, 19.8453, 16.8508, 25.3916, 22.3409, 28.6679, 8.81004, 13.7768, 22.5257, 25.0089, 7.4781, 20.5019, 14.7212, 15.7244 ], 
          [ 20.0641, 29.0667, 18.1406, 25.9949, 1.26179, 16.3502, 19.0767, 1.92485, 29.268, 2.62668, 24.015, 12.4401, 9.10029, 1.8977, 7.93632, 12.4695, 27.4799, 8.42684, 11.4015, 10.2072, 16.1058, 6.38411, 2.4492, 8.4706, 18.3819, 18.3285, 12.5971, 27.1963, 16.1317, 24.4037 ], 
          [ 19.0896, 14.604, 2.93382, 17.4947, 26.1324, 27.7079, 22.8259, 22.404, 18.536, 3.48525, 7.84067, 24.5688, 20.6044, 17.5037, 21.2932, 10.9617, 9.10954, 27.4004, 17.8205, 17.2315, 16.4617, 6.9152, 20.0216, 24.5275, 18.5, 14.5451, 26.308, 27.284, 11.0432, 26.8595 ], 
          [ 25.9486, 21.8471, 16.9879, 10.0391, 21.9911, 8.38269, 19.739, 6.62682, 24.4878, 13.1221, 24.2505, 18.2161, 12.6592, 25.1836, 24.5952, 22.9614, 9.56776, 25.7526, 21.1795, 3.07693, 12.0231, 25.2297, 2.22725, 2.31035, 21.1419, 12.4256, 7.02177, 23.248, 2.43032, 13.6905 ], 
          [ 17.5712, 2.53125, 16.7013, 19.6512, 22.5911, 13.4063, 4.20332, 28.3216, 27.6396, 25.0726, 26.0581, 11.8294, 24.1629, 2.76389, 27.8999, 20.641, 13.2743, 7.82553, 24.1998, 17.9479, 4.04065, 20.396, 18.9666, 25.5657, 24.3017, 17.3752, 25.0878, 5.65962, 7.34468, 28.4076 ], 
          [ 28.1279, 6.97099, 2.34554, 20.9193, 19.4549, 14.9926, 11.217, 24.0167, 8.42631, 21.2183, 12.7814, 28.3503, 25.4779, 12.908, 20.9782, 8.54773, 25.4821, 25.1478, 24.3302, 14.0052, 24.2368, 21.8025, 26.1316, 28.1408, 12.4338, 25.1439, 1.41431, 24.0541, 28.5221, 19.6427 ], 
          [ 29.9053, 22.3857, 10.2659, 5.71467, 4.34046, 29.2745, 26.587, 26.6042, 4.19339, 17.7067, 21.6432, 27.8089, 13.2989, 23.7477, 9.80857, 10.0339, 1.64496, 27.2319, 5.83175, 26.4647, 10.9214, 24.4243, 2.05437, 19.9133, 4.01479, 6.53844, 22.1162, 3.93335, 16.3108, 8.92999 ], 
          [ 29.2383, 13.3665, 10.856, 16.854, 23.4373, 20.0031, 19.2065, 9.20675, 12.805, 11.8072, 8.64354, 14.3536, 28.447, 9.95503, 25.1709, 23.8516, 14.0563, 4.14234, 2.04284, 8.83722, 8.76369, 24.9049, 17.9807, 15.1013, 18.0183, 12.3931, 2.3877, 7.44847, 5.62735, 2.49126 ], 
          [ 16.8504, 5.10445, 23.2426, 26.4404, 28.2632, 4.86073, 26.355, 23.5415, 12.8236, 29.745, 12.7971, 27.9477, 26.5949, 4.47657, 3.32482, 7.26284, 23.1426, 13.6685, 26.7104, 16.9283, 25.4634, 15.0568, 15.3636, 16.7181, 1.24608, 7.81912, 29.324, 7.69505, 25.1244, 26.9894 ], 
          [ 22.5416, 20.4925, 20.8264, 28.627, 7.48792, 2.58673, 7.03067, 9.36894, 11.8619, 10.3944, 14.7337, 22.8242, 11.2257, 7.04584, 22.1841, 26.5335, 16.4241, 19.1322, 11.2012, 18.626, 27.2598, 25.3107, 23.541, 19.909, 12.4272, 26.8888, 2.0311, 17.0027, 2.99452, 22.7636 ], 
          [ 28.2094, 26.8282, 17.265, 9.74171, 25.165, 25.4374, 6.64306, 19.2061, 7.72959, 8.05809, 18.0145, 10.8579, 26.6737, 3.76832, 3.63885, 3.99816, 2.76921, 24.5665, 9.07453, 24.7892, 5.75285, 2.34664, 11.4086, 10.5374, 17.2804, 13.5399, 18.1457, 3.70632, 5.38861, 10.3818 ], 
          [ 9.89715, 5.41418, 28.6316, 18.7202, 10.3089, 29.1312, 11.4451, 4.87831, 17.5009, 8.23625, 12.3065, 5.10571, 26.2725, 4.71314, 11.6888, 7.43016, 5.13168, 21.2776, 6.09826, 15.53, 7.85876, 1.27224, 8.42058, 21.4371, 18.5428, 5.62774, 2.84988, 23.4596, 4.72728, 22.0058 ], 
          [ 16.0422, 8.06553, 13.6349, 29.0869, 28.6183, 14.7186, 3.81589, 26.0629, 4.43522, 18.6714, 21.8016, 18.9961, 17.7658, 27.6855, 6.7939, 13.8719, 22.4151, 19.4888, 27.8103, 29.7667, 18.7229, 15.7774, 4.12598, 18.4925, 12.687, 5.6065, 5.85813, 27.9607, 20.7882, 28.2577 ], 
          [ 20.2147, 4.90971, 11.1821, 13.9061, 7.66085, 26.1778, 18.4451, 15.0492, 15.0131, 17.1709, 22.6912, 1.56088, 9.5852, 14.7131, 8.96526, 2.50405, 20.8126, 3.13351, 13.2501, 25.6708, 26.5056, 1.98902, 3.30694, 22.6155, 24.2056, 14.4371, 16.9391, 9.17089, 5.76346, 2.78019 ], 
          [ 29.1179, 18.2876, 14.0709, 4.55719, 2.15805, 18.883, 20.9543, 18.6851, 10.7574, 4.35348, 18.2026, 13.4917, 12.3276, 29.5116, 20.0795, 17.5212, 9.99529, 27.2209, 18.1861, 25.352, 11.188, 25.8288, 12.2342, 5.60294, 23.9722, 6.94551, 23.0873, 1.25083, 15.1798, 26.1665 ], 
          [ 5.39149, 12.3308, 23.1277, 28.1725, 25.2806, 16.3207, 23.4757, 16.5607, 8.63265, 10.8845, 28.0565, 3.06378, 26.1702, 6.66616, 14.6507, 22.9133, 13.1061, 11.7667, 21.5922, 26.4147, 6.46269, 10.4758, 6.23138, 6.902, 15.7161, 29.9404, 5.37418, 19.8062, 12.5964, 21.5559 ], 
          [ 3.31345, 29.3725, 13.3991, 4.16149, 5.18988, 25.0368, 22.8503, 26.1946, 5.64883, 14.6028, 4.09131, 22.9021, 8.44657, 15.4997, 2.84807, 6.35652, 6.11121, 10.2085, 28.0041, 20.0475, 17.3608, 5.85504, 1.22174, 26.6739, 29.1272, 17.637, 27.2861, 2.31796, 28.8595, 9.00795 ], 
          [ 29.7686, 15.0794, 15.516, 12.9799, 26.9614, 29.1007, 7.64624, 23.994, 10.1952, 19.4314, 5.07029, 29.6219, 23.3913, 19.1488, 9.85582, 25.4671, 29.771, 3.55851, 3.66016, 14.4485, 23.2344, 8.32369, 19.3094, 13.0073, 4.23264, 1.65728, 21.8519, 7.42192, 19.5174, 23.8642 ], 
          [ 28.4162, 22.5664, 11.4888, 8.54391, 5.1507, 8.96111, 24.1066, 24.7639, 16.7818, 21.4227, 26.2636, 11.4374, 4.59482, 27.3713, 23.4698, 11.7764, 7.08425, 12.5032, 28.9009, 1.81403, 29.3784, 1.13435, 9.52185, 18.5183, 5.85487, 1.1581, 13.6013, 22.5651, 27.4012, 16.2853 ], 
          [ 24.1236, 21.8631, 3.14235, 28.9362, 10.1768, 4.96813, 7.80848, 29.5408, 28.9828, 8.77638, 28.9287, 27.2148, 27.1269, 1.26757, 23.1656, 29.3263, 12.3859, 21.9768, 29.5104, 22.1487, 19.9059, 13.4127, 5.67053, 1.33493, 1.76543, 2.06767, 25.6086, 24.5586, 19.2695, 18.3509 ], 
          [ 17.1047, 3.52957, 16.5233, 6.10222, 28.8101, 28.8107, 14.6396, 16.5801, 26.4659, 21.8282, 4.40023, 15.9894, 29.2763, 3.16555, 22.0214, 20.2615, 3.4468, 10.3514, 14.4877, 17.355, 19.5034, 10.0193, 15.3737, 24.2225, 5.17252, 20.9631, 29.8163, 10.4167, 29.4566, 26.696 ], 
          [ 13.4212, 19.7833, 7.74646, 4.25092, 5.6101, 27.0385, 12.6384, 3.35961, 21.7939, 15.2246, 12.5607, 8.44567, 5.48668, 27.0395, 17.6005, 1.5321, 24.7645, 25.7658, 14.9474, 14.5263, 26.4325, 16.8559, 15.5601, 5.90776, 16.807, 17.5502, 3.02233, 2.55064, 24.9403, 20.1233 ], 
          [ 29.1372, 24.2597, 11.7514, 8.56109, 12.3304, 19.4388, 20.0405, 24.3868, 5.2906, 7.71712, 11.132, 8.86396, 22.1329, 3.74108, 12.432, 23.7773, 26.981, 16.1579, 14.0703, 20.382, 24.9132, 28.7233, 1.63496, 29.2962, 19.4869, 1.87955, 27.7012, 20.1828, 20.9793, 12.2552 ], 
          [ 4.81433, 3.82752, 18.1759, 5.40846, 20.6315, 14.5017, 8.69602, 6.54497, 18.195, 4.66016, 2.23392, 16.5587, 18.062, 20.1155, 9.22734, 2.56255, 11.8247, 6.23025, 2.64113, 13.3207, 9.8494, 21.1632, 7.26556, 12.1681, 28.4909, 17.2067, 3.11126, 25.7782, 8.34192, 19.2063 ], 
          [ 12.5903, 11.8665, 23.9753, 2.12994, 20.9535, 19.0927, 7.47522, 25.8547, 16.2808, 7.98268, 11.0063, 22.9541, 18.0777, 22.6248, 24.9203, 16.3052, 29.8729, 27.441, 22.6993, 22.087, 24.8319, 7.80658, 17.0242, 19.9022, 16.1541, 19.5992, 9.19532, 23.1741, 28.452, 22.4132 ], 
          [ 4.49834, 14.778, 3.53557, 29.3479, 24.8141, 24.6044, 14.4503, 15.7172, 24.315, 19.2151, 29.3894, 25.2976, 24.8374, 14.2625, 7.07831, 4.93392, 6.22659, 3.45205, 5.52204, 20.7781, 13.3463, 29.898, 15.6372, 11.9348, 13.0563, 25.8204, 25.6999, 26.5459, 14.066, 20.5248 ], 
          [ 20.5037, 9.27051, 16.1457, 18.0225, 5.34769, 26.8627, 7.31985, 20.8729, 4.47673, 28.5185, 7.62829, 27.9137, 25.7807, 2.69131, 8.65628, 16.9206, 2.3069, 28.5871, 1.19625, 13.4472, 22.2915, 26.8694, 24.4049, 9.28506, 29.4312, 28.8983, 13.6341, 15.7021, 5.75941, 12.1417 ], 
          [ 24.042, 18.8226, 19.3606, 12.8614, 29.6396, 25.4359, 5.34922, 27.0979, 14.323, 19.5145, 28.2707, 12.8558, 4.55518, 20.3006, 3.71068, 19.8284, 7.10781, 24.1083, 28.1217, 10.5613, 22.4621, 21.0868, 2.55083, 10.7281, 15.4274, 3.34902, 4.09629, 15.5008, 6.57007, 11.1538 ], 
          [ 22.4889, 3.43577, 27.1108, 23.6403, 15.9688, 5.05214, 21.3239, 20.972, 14.9901, 18.1422, 19.0844, 8.85507, 10.5644, 7.04376, 24.5702, 21.5009, 1.92883, 12.8778, 18.9041, 7.51183, 29.7789, 1.5479, 28.9358, 21.8208, 1.5371, 11.4168, 14.9134, 6.02384, 27.5992, 6.88947 ], 
          [ 13.4441, 20.6172, 8.80288, 23.3082, 1.60179, 14.9287, 11.3642, 3.87673, 17.1956, 9.48642, 22.7195, 8.47781, 1.3165, 1.41209, 24.3554, 13.5544, 20.2397, 21.4073, 16.3991, 12.4156, 22.9384, 11.5123, 1.3282, 13.5951, 7.73285, 20.0106, 5.1059, 23.514, 22.7586, 9.68421 ], 
          [ 27.8735, 26.1446, 28.276, 2.56449, 13.6477, 16.7929, 14.9577, 9.77337, 26.6942, 14.5755, 6.04174, 17.7792, 12.4819, 13.12, 20.2274, 14.2795, 20.5889, 4.778, 22.4754, 27.6085, 14.1493, 5.91881, 12.247, 29.8973, 4.97211, 27.9568, 10.2848, 14.7653, 24.7071, 18.6517 ], 
          [ 11.1728, 3.21357, 28.517, 24.5157, 13.01, 23.4882, 27.0161, 23.207, 29.3733, 29.1671, 26.837, 1.96161, 2.07406, 4.09756, 29.6316, 2.88242, 10.4414, 29.0818, 26.6739, 23.8112, 23.9806, 4.64226, 2.38899, 20.0372, 18.6429, 27.7416, 26.1465, 17.416, 22.4356, 17.1286 ], 
          [ 27.7435, 29.6332, 6.51318, 1.21237, 29.1696, 2.71674, 7.16436, 10.7374, 26.1952, 5.57672, 10.6678, 29.4632, 22.9355, 14.1545, 20.2594, 13.9755, 7.62859, 6.16669, 27.6583, 10.7746, 3.86401, 12.7236, 6.78926, 17.3945, 17.027, 5.04694, 21.8443, 6.76389, 2.83611, 28.0947 ], 
          [ 20.4659, 14.994, 16.0849, 21.7091, 13.7565, 4.48506, 5.51483, 18.2062, 2.2702, 1.43869, 13.0598, 6.7846, 8.89902, 27.4094, 10.8695, 28.4877, 13.9857, 17.1216, 17.6806, 14.5257, 9.01911, 12.151, 10.1832, 26.6269, 16.4636, 29.5856, 16.4356, 25.9356, 16.8496, 24.8763 ], 
          [ 21.9612, 7.5943, 3.34103, 8.15425, 22.5638, 13.5887, 4.53207, 14.5914, 2.38082, 15.1123, 20.4625, 5.23489, 6.87358, 29.299, 17.5713, 29.6154, 20.439, 2.41747, 21.7471, 17.3579, 18.0659, 8.73454, 15.6133, 17.2951, 2.27335, 15.0956, 10.627, 1.64407, 8.62723, 20.6641 ], 
          [ 12.4283, 6.70996, 16.4858, 20.2234, 6.2408, 12.7957, 5.95168, 9.59053, 2.02691, 8.22997, 6.45419, 16.5047, 5.2679, 6.66472, 27.9041, 18.3927, 28.4851, 7.0957, 11.4814, 3.21236, 23.8388, 19.7597, 10.6287, 8.58508, 6.2435, 12.5547, 8.64703, 28.3293, 14.2685, 14.5007 ], 
          [ 10.4805, 1.92689, 24.2167, 12.5986, 8.33944, 4.53927, 7.6345, 14.2304, 15.9494, 18.9495, 16.6861, 16.9744, 14.2018, 10.6579, 14.5701, 29.1239, 11.7371, 5.35692, 10.1581, 25.3794, 21.7837, 16.3544, 19.1071, 29.9384, 29.4277, 8.88098, 1.07536, 21.2009, 13.2635, 4.74924 ], 
          [ 17.866, 8.91491, 25.805, 9.79381, 29.7868, 13.4541, 26.4796, 27.0448, 15.0735, 15.3428, 9.27078, 3.18717, 18.5807, 7.04369, 19.5218, 26.6235, 6.56309, 1.4591, 22.1343, 19.3679, 19.8874, 9.58854, 21.1065, 11.925, 7.67029, 9.38535, 18.8233, 15.8967, 25.1986, 2.72244 ], 
          [ 29.1836, 1.37028, 5.42104, 6.47044, 17.4913, 22.4504, 20.9627, 6.34415, 28.7508, 6.00664, 29.228, 18.7699, 20.5913, 10.5367, 2.68546, 3.82211, 14.1784, 9.25485, 5.70416, 1.21998, 23.6545, 14.5844, 15.8213, 11.6644, 5.30327, 25.5533, 5.62027, 25.436, 4.32512, 4.13545 ], 
          [ 8.72424, 17.2374, 18.4584, 4.57901, 28.0024, 16.3631, 25.3559, 3.93923, 16.4885, 26.2653, 27.9762, 12.7227, 25.2166, 6.72401, 18.2827, 13.5201, 10.6466, 29.0851, 12.9212, 7.69667, 22.9348, 17.6484, 14.4385, 26.0951, 6.51727, 20.9815, 27.7357, 2.5323, 26.8386, 6.15122 ], 
          [ 14.1208, 17.3671, 17.7491, 16.5601, 8.63402, 5.3619, 1.73893, 12.3391, 9.41601, 1.30044, 10.9903, 14.0681, 21.7557, 6.9294, 6.97659, 11.3951, 11.9903, 7.90519, 24.6561, 11.3573, 25.5144, 1.87757, 28.136, 14.1591, 3.27738, 9.81113, 25.4457, 20.7729, 4.84134, 9.33281 ], 
          [ 22.6014, 13.4351, 14.1495, 19.9354, 15.9027, 17.0905, 29.6603, 26.2428, 24.0401, 23.2626, 4.16054, 1.26478, 19.1193, 11.5633, 9.56594, 29.9196, 8.98781, 21.4319, 20.2833, 19.1173, 25.8204, 29.6352, 21.4982, 16.0322, 25.6304, 28.3825, 17.9405, 11.8565, 17.8761, 5.21146 ], 
          [ 12.9191, 23.3508, 7.34573, 3.21574, 23.434, 29.7988, 18.5188, 5.20479, 23.8562, 13.1299, 22.306, 10.3231, 17.0134, 5.34137, 24.9764, 4.77358, 12.8435, 18.0434, 29.8777, 27.666, 2.97074, 20.0902, 15.7568, 7.19819, 10.7614, 26.2407, 29.565, 28.6438, 23.3742, 2.16738 ], 
          [ 3.16002, 2.86255, 15.8383, 29.1111, 13.6858, 11.575, 9.75542, 8.37131, 20.1404, 28.8346, 25.2634, 26.6473, 29.9015, 6.90665, 13.2213, 29.331, 3.57195, 13.0123, 5.74051, 9.11277, 6.73512, 9.93261, 20.8702, 19.6786, 15.7312, 1.8083, 16.2738, 18.0459, 20.2955, 22.2038 ], 
          [ 12.4921, 19.3881, 1.81866, 18.9878, 17.7304, 22.5485, 16.7131, 15.1635, 7.37223, 23.9699, 21.1154, 6.36635, 27.6419, 25.9343, 13.1447, 28.3027, 4.70132, 25.3679, 27.2251, 19.7732, 4.12739, 23.0829, 28.7616, 7.92446, 19.0691, 14.6963, 15.6228, 18.2794, 4.78804, 10.8515 ], 
          [ 23.6244, 29.1031, 7.53923, 16.5244, 16.5109, 14.1292, 25.7756, 21.0737, 2.50727, 9.31865, 5.14415, 3.62565, 7.55865, 13.4604, 11.4093, 6.71062, 13.0772, 2.96693, 3.76477, 3.97995, 9.88648, 17.317, 8.71094, 9.46108, 17.0196, 14.0974, 14.4872, 7.83131, 14.7942, 21.2367 ], 
          [ 5.52182, 3.09834, 27.1436, 13.9805, 21.1899, 2.58049, 7.24997, 25.0215, 24.0152, 22.1686, 13.1021, 8.203, 19.9357, 1.07454, 22.5402, 1.63613, 27.8221, 27.6929, 23.4232, 2.54496, 24.8108, 5.80927, 2.45682, 11.8846, 5.25906, 25.6829, 17.485, 27.4685, 25.5235, 11.5094 ], 
          [ 20.3073, 7.51227, 8.74587, 26.4951, 5.9834, 5.99428, 4.03132, 13.7403, 6.33507, 8.82447, 21.1729, 22.0043, 17.7719, 13.9323, 1.09126, 25.9911, 14.6268, 3.92545, 3.1038, 20.3922, 12.2099, 2.37037, 15.5489, 12.203, 6.03821, 8.81291, 16.7689, 10.81, 8.02769, 23.622 ], 
          [ 20.3763, 28.7606, 25.8891, 18.4706, 13.9547, 16.5128, 13.8812, 9.28205, 2.37388, 21.2249, 24.7482, 26.0138, 21.9276, 15.0509, 14.5971, 29.5908, 4.124, 22.752, 2.80288, 27.9886, 4.64662, 11.6435, 16.5969, 10.5608, 17.4842, 2.97192, 17.2, 20.5298, 22.0914, 24.4361 ], 
          [ 9.90215, 17.8969, 16.2628, 23.0786, 9.71526, 26.9855, 5.2146, 21.1894, 17.804, 7.61573, 12.3237, 25.8202, 11.3866, 2.18111, 11.1988, 8.563, 23.7584, 7.89808, 3.69534, 8.3303, 7.0678, 3.19414, 28.3108, 12.1271, 18.5625, 29.1926, 11.638, 11.1243, 11.5279, 22.3081 ], 
          [ 27.1216, 13.9492, 10.2746, 21.4124, 27.8577, 6.08438, 21.698, 8.64167, 18.37, 28.0877, 18.4911, 16.3762, 26.1306, 7.642, 23.8538, 25.9553, 25.196, 27.816, 3.16325, 6.82839, 16.0001, 17.1821, 2.97723, 5.71848, 8.441, 26.6616, 13.0965, 24.2935, 27.9963, 15.5675 ], 
          [ 16.2985, 18.4213, 3.65808, 13.3375, 4.87378, 9.42741, 5.60544, 4.38319, 2.27746, 26.4845, 14.6205, 11.2097, 25.8699, 2.29307, 29.5744, 15.4392, 12.2155, 26.8298, 3.5772, 3.67805, 28.378, 17.4154, 14.5311, 16.9726, 11.5207, 4.35174, 11.9782, 21.7038, 8.82112, 4.87784 ], 
          [ 20.4389, 25.5934, 21.5951, 2.00979, 4.66266, 21.7433, 28.8179, 5.80384, 6.06861, 18.6552, 22.563, 1.6844, 11.765, 22.0337, 6.88483, 6.26856, 3.08493, 10.0915, 15.6293, 21.6662, 3.10365, 9.3683, 15.4266, 14.0311, 27.799, 12.4042, 8.08676, 7.72922, 6.47481, 28.0812 ], 
          [ 1.14675, 13.8512, 14.019, 21.5512, 8.88253, 13.7368, 16.5416, 24.0035, 10.9536, 10.6945, 15.0979, 17.0369, 5.43735, 2.04961, 23.2961, 6.88399, 12.8185, 13.5139, 7.6963, 14.2213, 9.35652, 5.80443, 9.70041, 29.2085, 5.40252, 17.5318, 28.7516, 12.0498, 18.9417, 16.3935 ], 
          [ 28.5922, 21.5078, 3.45543, 18.0325, 15.559, 13.3774, 5.18452, 27.4485, 25.6007, 17.8423, 6.51823, 10.384, 25.3694, 18.4659, 11.5218, 3.89628, 15.9341, 19.0758, 22.2327, 10.131, 6.14331, 8.98656, 6.26777, 2.75594, 6.30345, 10.2781, 27.0685, 16.7254, 16.5916, 13.7219 ], 
          [ 19.033, 7.55669, 2.38068, 14.0254, 27.0136, 18.8806, 18.2338, 3.91502, 24.1047, 18.1538, 27.3222, 14.4415, 10.3202, 5.25894, 24.8527, 26.3902, 8.85158, 10.9754, 8.80343, 14.257, 21.4635, 17.9325, 12.7095, 18.694, 10.5393, 26.2853, 12.8275, 17.6692, 6.20468, 28.3776 ], 
          [ 16.2957, 28.1121, 6.06535, 10.1544, 3.23198, 11.7223, 17.2385, 18.4764, 23.888, 28.9125, 22.7764, 13.184, 22.2756, 14.1671, 16.6096, 22.6266, 13.0543, 6.02379, 23.6793, 21.9885, 16.9824, 18.7663, 4.05654, 14.8409, 12.8874, 19.394, 15.4097, 15.7218, 25.5795, 3.50027 ], 
          [ 9.49591, 21.7543, 8.17389, 16.479, 25.966, 26.6011, 26.5352, 2.42167, 28.5495, 2.81586, 8.4565, 18.2686, 27.2438, 13.1198, 18.5863, 13.1812, 25.0168, 21.8997, 9.52497, 8.10381, 1.23429, 21.5735, 14.2028, 27.246, 16.5016, 10.7784, 21.7769, 24.3648, 26.8452, 14.0267 ], 
          [ 1.4518, 1.26134, 5.02221, 1.50419, 12.5972, 26.3183, 25.7107, 24.66, 16.0312, 11.6422, 10.2667, 8.28158, 17.99, 19.772, 23.1024, 4.56804, 21.7274, 15.5829, 12.2091, 13.2738, 7.87683, 19.871, 15.301, 8.04328, 2.3683, 6.60181, 24.0805, 21.3757, 5.37032, 16.9811 ], 
          [ 13.3133, 7.61215, 18.2837, 28.8728, 3.82913, 28.1105, 23.4833, 8.18258, 22.5319, 24.2316, 13.1361, 20.9736, 23.7454, 11.4606, 16.2541, 8.71709, 10.9209, 18.9528, 2.90889, 21.5561, 28.7239, 13.7369, 24.971, 6.18367, 28.0677, 3.98035, 3.18017, 16.8128, 9.58615, 2.63408 ], 
          [ 20.9209, 11.6119, 17.3447, 7.05295, 25.3619, 15.6252, 13.3853, 18.4215, 22.5026, 27.8315, 2.47478, 12.6612, 22.4355, 26.6736, 21.6075, 1.56661, 17.7313, 22.473, 16.4332, 24.309, 20.9133, 18.9613, 24.8568, 13.1434, 20.1691, 3.14494, 22.1354, 25.8005, 7.31296, 17.844 ]
        ]
      ];
r = [
        [55084.5,63423.9,59337.8,62756.9,81004,70190.8,56108.7,75403.7,77645.6,59676.9,65029.7,63393.2,56442.5,58612.4,68958.1,53204,78178.9,71034.8,61230.3,72642.7,62805.7,75700.9,79074.6,81692.3,66779.2,66743.3,62870.1,73408.6,71353.2,81871.7 ], 
        [57093.3,53619.6,71765.4,64664.7,65456.9,66344.8,65583,59665.2,72935.8,51023.4,81756,66418.4,67777.3,71641.1,80204.5,78228.4,75933.4,80602.4,54048.5,61820.4,54533.5,71236.6,79174.1,61479,61811.5,59196.3,75048.4,64779.8,53130.4,69206.8 ]
     ];
d = [
        [80119.8,37990.3,18221.8,32874.1,54953.1,20276.1,22757.3,58599.4,68413.6,71780.3,76435,64719.6,33812.7,27021.7,61611.6,11365.2,62998.6,30411.3,19498.1,65608.4,51473.7,44378.1,67165.2,47015.8,54055.4,67649,86122,77947.8,4310.79,80588.8,15352.1,9528.21,23422,18006,64750.9,63859.7,78608.6,59610.5,67807.1,69674.9,52143.8,6848.51,28763,22123.8,67320,45126.6,15048.6,19597.5,32078.2,9308.31,74349.6,22177.7,34982.8,33062.3,77536,21299.3,47071.6,9464.34,48151.2,69134.4,62185.4,36283,1834.97,54600.7,22883.1,1182.84,82391.6,84452.4,88043.6,41891.1 ], 
        [32964.1,26042.7,52651.6,23130.1,64337.8,28899.9,72530.2,5374.07,33868.4,23553.5,31433.5,74845.2,4537.72,47492.7,37500.8,19340.5,61899.5,86352.9,18565.1,9936.8,49739.5,83231,69959,27980.9,85509.6,49910.1,47377.6,42669.2,85839.3,59891.9,69422.3,3664.77,39092.5,24678.3,51529.6,70908.1,52809.4,2526.13,62386.1,78600.5,1829.97,75254.4,15894.3,34218.7,58888.5,7452.3,86076.5,70062.1,75137.6,83373.6,11508.5,27675.6,62968.1,33372.6,9090.63,46908.3,69811.7,14123.7,53797.8,83789.2,80571.8,11825.7,25946.6,25523,27777.8,56935.2,46190.9,22985.2,12781.1,24710.2 ]
     ];
