/***************************************
* STOCHASTIC OPTIMITZATION
* OPL S2FVPP Data Generator
* by Jordi Mateo Fornes
* Model = S2FVPP; Stochastic (2S) MIP 0-1;
* Representation = Compact Representation;
****************************************/
I = 100;
P = 30;
C = 70;
G = 2;
p = [ 0.01, 0.01 ];
pc = 0.02;
ORCHARDS = { 1, 2, 3, 4, 5, 6, 7, 8, 9, 10, 11, 12, 13, 14, 15, 16, 17, 18, 19, 20, 21, 22, 23, 24, 25, 26, 27, 28, 29, 30 };
CUSTOMERS = { c1, c2, c3, c4, c5, c6, c7, c8, c9, c10, c11, c12, c13, c14, c15, c16, c17, c18, c19, c20, c21, c22, c23, c24, c25, c26, c27, c28, c29, c30, c31, c32, c33, c34, c35, c36, c37, c38, c39, c40, c41, c42, c43, c44, c45, c46, c47, c48, c49, c50, c51, c52, c53, c54, c55, c56, c57, c58, c59, c60, c61, c62, c63, c64, c65, c66, c67, c68, c69, c70 };
CGV = [ 12.3627, 25.4853, 10.2329, 20.683, 21.6957, 11.0756, 12.6637, 23.7192, 29.747, 24.3349, 1.6333, 4.32544, 17.4201, 25.5003, 10.542, 10.3069, 6.75382, 6.70016, 11.987, 21.4619, 7.0354, 11.8772, 18.5623, 13.2509, 13.4674, 27.7698, 8.32329, 29.4574, 27.4332, 21.3173 ]; 
s = [ 2.84972, 2.63639, 2.93451, 0.881518, 0.485698, 0.306994, 0.525129, 0.687612, 1.28742, 1.62071, 1.89602, 2.57658, 2.98629, 1.68668, 1.96442, 1.15665, 2.91276, 1.99352, 2.48752, 0.680003, 0.552075, 2.98777, 0.270194, 1.38969, 0.820449, 1.419, 0.795921, 2.74378, 2.73897, 28.9432 ]; 
CSV = [
        [
          [ 6.03502, 14.7333, 5.16158, 4.24675, 19.246, 9.73769, 11.17, 25.8296, 27.5049, 18.2078, 29.5804, 13.927, 15.5401, 23.0623, 27.6717, 9.40326, 19.1218, 4.09379, 18.6875, 25.0071, 6.94875, 4.54838, 19.8255, 16.276, 23.5549, 23.5364, 25.0636, 9.8848, 29.0915, 1.271 ], 
          [ 8.43414, 6.81684, 25.4484, 9.59699, 16.716, 27.533, 22.1291, 27.9856, 20.4216, 12.9018, 12.7257, 11.9063, 11.1649, 18.8351, 14.5477, 20.3936, 17.995, 24.2527, 13.7527, 7.83685, 11.0855, 27.5322, 9.22694, 18.7323, 29.3104, 3.80204, 15.5765, 1.25929, 13.1878, 22.6423 ], 
          [ 19.5497, 2.4491, 1.86551, 14.7426, 11.2276, 4.50003, 11.7965, 23.2824, 27.9513, 21.3044, 21.5123, 14.9462, 26.2812, 28.0101, 26.2915, 11.7372, 7.98055, 17.6913, 14.0005, 15.011, 14.4778, 2.6787, 9.69079, 14.4027, 19.3811, 9.30193, 10.1389, 25.4527, 21.8805, 9.46309 ], 
          [ 1.08418, 19.0287, 18.7504, 14.8169, 15.7638, 21.8206, 24.3419, 10.058, 4.78851, 29.6926, 12.7735, 10.4777, 24.2807, 22.638, 8.78297, 29.1088, 21.1128, 1.33968, 5.3115, 14.6093, 16.9553, 21.0779, 17.3017, 8.91875, 20.8902, 12.6625, 11.1487, 13.2365, 14.9397, 5.68193 ], 
          [ 18.0462, 17.8183, 21.9071, 20.6569, 23.8502, 18.1583, 13.4007, 11.1533, 17.5862, 8.40473, 17.6694, 12.9695, 18.4371, 12.143, 1.93647, 11.59, 3.80685, 29.8452, 5.2489, 2.236, 1.80176, 5.1634, 17.9535, 20.508, 23.2821, 14.0861, 19.4026, 11.9446, 11.1859, 15.033 ], 
          [ 8.26687, 26.4951, 25.4138, 3.82649, 18.6658, 21.5951, 12.4258, 21.5627, 28.0368, 13.6389, 29.9808, 21.5878, 5.92405, 13.7469, 27.3816, 27.6652, 26.1389, 16.1629, 24.1635, 25.3979, 8.49982, 5.28398, 20.8658, 4.29629, 1.92538, 13.4848, 25.399, 26.7245, 23.6875, 23.1287 ], 
          [ 8.3782, 20.1257, 6.27873, 15.6877, 10.0891, 18.8097, 28.3044, 1.32165, 23.8455, 27.1999, 2.78924, 14.2647, 5.95058, 28.8468, 23.1699, 11.3652, 27.1315, 4.97138, 20.2599, 24.8754, 26.4156, 11.6632, 14.4973, 19.0842, 7.19022, 14.7486, 23.8462, 6.63792, 2.33084, 4.43051 ], 
          [ 29.5065, 27.6285, 21.1116, 13.8094, 14.545, 18.8157, 5.97118, 25.2711, 9.0317, 9.07086, 7.535, 17.7749, 13.8139, 16.3056, 24.8902, 18.5038, 18.4397, 7.12111, 8.53352, 4.24106, 22.1401, 22.3986, 23.3525, 27.9023, 25.7647, 22.5386, 27.1414, 28.7537, 28.7259, 7.0536 ], 
          [ 3.09712, 2.86353, 14.9609, 17.0803, 24.8037, 5.45823, 22.0185, 27.4539, 22.5985, 18.1274, 22.8733, 16.0574, 26.5695, 21.3421, 17.1504, 3.61983, 1.61052, 26.2068, 28.1511, 2.64157, 28.7808, 11.6957, 9.78945, 13.1399, 26.9692, 9.13108, 8.92899, 18.8233, 16.2487, 16.3141 ], 
          [ 13.8375, 3.89372, 7.74328, 22.4415, 24.9601, 21.9844, 25.5029, 26.1706, 13.4339, 20.164, 29.1112, 26.0205, 11.1912, 14.6333, 4.12638, 5.26559, 29.8798, 12.2178, 6.13386, 10.7828, 11.2527, 3.01693, 29.1707, 6.16744, 13.1425, 21.6797, 16.9491, 3.30197, 19.6462, 25.7496 ], 
          [ 3.19648, 18.3683, 1.88314, 5.84781, 21.981, 17.2398, 28.1024, 7.54746, 11.5114, 26.7705, 8.8443, 13.0654, 10.3467, 9.88214, 6.12211, 7.58515, 15.8773, 16.506, 10.5749, 28.5677, 18.6061, 3.18862, 8.19941, 7.78526, 7.38028, 24.8143, 5.38828, 17.8584, 17.4636, 23.751 ], 
          [ 15.7339, 24.853, 4.0435, 15.5122, 19.1338, 3.88164, 8.5251, 21.3046, 14.3849, 12.0414, 8.70888, 5.52789, 3.63184, 6.63445, 1.99073, 9.21928, 12.6431, 6.53369, 19.5426, 14.9879, 13.279, 12.2143, 22.4337, 23.0654, 8.27273, 1.36683, 16.3986, 13.2979, 23.2906, 24.289 ], 
          [ 23.7519, 22.7025, 23.4229, 5.66177, 9.67953, 16.5059, 11.306, 1.86106, 15.6881, 3.1552, 8.88149, 20.8382, 19.1662, 20.4755, 22.694, 21.0515, 15.4481, 9.72402, 5.17139, 27.0828, 10.5922, 10.6464, 5.7211, 18.3092, 13.7091, 17.7206, 23.5371, 8.03946, 25.6957, 19.4016 ], 
          [ 20.3313, 23.7533, 17.8049, 14.2123, 25.1006, 6.85506, 9.75291, 5.28959, 16.0023, 23.1393, 28.6812, 1.87769, 14.0353, 21.8621, 23.178, 26.3939, 11.4516, 12.5932, 4.82554, 6.5775, 29.9793, 4.49583, 7.42808, 23.4211, 23.2329, 7.63405, 7.04445, 23.4894, 4.65473, 27.2065 ], 
          [ 13.8888, 17.9321, 4.19736, 13.3499, 3.20138, 25.5458, 21.283, 18.1031, 6.87699, 24.6461, 17.3115, 17.5542, 17.5517, 15.1304, 3.8281, 23.2691, 6.96224, 29.8284, 26.4092, 2.61758, 29.6624, 23.7361, 18.4213, 13.1415, 24.9964, 12.7891, 7.62666, 14.336, 19.8364, 24.8842 ], 
          [ 22.9579, 7.20738, 18.2651, 22.777, 2.84737, 3.19455, 10.871, 23.7499, 20.1954, 25.3069, 9.58336, 26.8975, 3.80578, 27.4531, 13.3758, 15.0586, 4.79751, 12.8445, 10.0503, 24.9533, 19.5589, 21.6634, 23.4971, 8.546, 29.4768, 2.93846, 29.7848, 5.37337, 18.7669, 14.7787 ], 
          [ 25.3977, 4.71316, 25.6318, 15.1745, 10.0286, 16.1845, 28.4382, 29.2907, 14.7246, 25.8762, 23.3322, 19.335, 6.09081, 7.44787, 25.5635, 1.25643, 19.7144, 21.7458, 1.41902, 8.85009, 1.74486, 1.95944, 19.9361, 20.8536, 15.1429, 11.1593, 23.8946, 29.44, 23.1636, 23.548 ], 
          [ 12.1935, 27.2258, 6.86123, 9.53445, 3.22329, 29.6556, 15.2381, 25.742, 9.50352, 6.41283, 15.5197, 14.0332, 2.65601, 18.1218, 13.8337, 7.82518, 13.8534, 22.2241, 10.9554, 23.9223, 2.79431, 26.273, 22.6425, 3.86057, 25.7015, 2.21536, 24.2645, 5.90938, 27.2052, 10.1394 ], 
          [ 18.3773, 22.0371, 29.1055, 8.54618, 22.5662, 13.0327, 19.0132, 1.80111, 14.0041, 25.8915, 8.28048, 28.6092, 14.9883, 10.2503, 19.722, 2.73118, 14.3791, 1.94573, 27.1303, 17.4665, 22.3834, 10.3205, 29.2317, 12.9342, 28.2301, 20.8677, 5.13774, 19.6393, 29.559, 15.3757 ], 
          [ 24.8255, 17.0375, 27.1551, 1.04595, 11.872, 5.98149, 21.4045, 13.3807, 17.655, 3.87432, 6.69522, 8.94692, 13.5483, 23.8491, 22.6152, 29.2283, 12.7294, 11.1353, 8.31859, 26.843, 6.54648, 2.54228, 14.7266, 19.349, 16.8385, 26.6041, 2.74822, 21.3437, 26.5969, 9.8766 ], 
          [ 5.92556, 12.8536, 24.4084, 27.4028, 11.3652, 8.47676, 12.4139, 25.6077, 19.0052, 10.5463, 26.5764, 9.23322, 2.69494, 12.5925, 14.2613, 25.1062, 13.7129, 21.1163, 25.1071, 4.51225, 12.0916, 6.02937, 20.1465, 9.34178, 11.745, 7.25534, 23.9098, 27.6726, 16.5188, 5.81934 ], 
          [ 8.37373, 15.9466, 24.6589, 22.9873, 24.3116, 26.6902, 24.6764, 16.9255, 26.5172, 20.5374, 25.1933, 9.55291, 25.0781, 3.25638, 14.9432, 15.6507, 14.8716, 22.6455, 7.54682, 13.3779, 2.73013, 8.28313, 24.5844, 24.4854, 4.64829, 18.7859, 17.1609, 3.74756, 29.3581, 10.3555 ], 
          [ 1.99568, 25.6834, 25.3804, 29.3719, 4.81876, 1.1185, 16.3261, 16.2253, 6.54696, 5.03642, 17.051, 24.3569, 16.4458, 24.051, 13.2922, 18.6761, 20.9996, 18.8512, 28.8196, 6.24333, 2.4733, 28.9436, 14.1023, 23.6859, 24.0936, 5.39523, 18.1404, 15.6168, 29.8492, 15.4493 ], 
          [ 12.2205, 13.0584, 7.56552, 14.8871, 14.1764, 14.024, 29.4882, 9.91955, 14.6634, 25.2943, 23.0695, 5.60704, 14.2171, 4.37845, 27.8874, 29.323, 4.86311, 24.4545, 28.6335, 20.1351, 16.7635, 9.08503, 12.8781, 12.0072, 29.4848, 1.89863, 22.4842, 7.44729, 18.1271, 18.2411 ], 
          [ 6.25924, 25.7567, 9.27169, 25.5711, 12.3204, 12.457, 19.0747, 12.645, 17.6542, 19.8677, 10.4281, 24.5304, 26.1578, 15.4888, 11.5684, 15.627, 24.0493, 11.6172, 13.5224, 28.0821, 27.8342, 17.2961, 5.82474, 8.04765, 7.71752, 14.7255, 28.2346, 8.64901, 14.1528, 15.4956 ], 
          [ 28.6019, 4.67289, 2.7199, 9.52356, 29.9435, 7.86031, 3.4624, 16.4548, 1.44249, 23.4896, 24.3656, 22.1104, 12.8862, 5.9327, 10.1857, 20.4981, 5.93431, 26.4141, 25.0381, 5.21436, 26.8861, 20.8108, 9.83968, 16.2553, 19.8098, 12.7933, 28.6795, 24.6724, 3.33866, 2.01734 ], 
          [ 15.762, 19.2148, 12.1196, 12.3754, 5.89582, 22.581, 27.2981, 24.5652, 12.7167, 1.57329, 23.2166, 13.6025, 11.749, 13.8634, 2.80494, 11.1506, 10.853, 2.73097, 10.597, 6.91987, 25.4027, 12.0351, 21.4006, 10.6717, 15.3971, 10.5832, 18.2478, 4.46189, 12.1874, 2.23257 ], 
          [ 15.7521, 24.1857, 13.1383, 9.19401, 7.66799, 2.64796, 3.21835, 24.7913, 28.7836, 3.54244, 6.05277, 15.3964, 8.07158, 4.00464, 9.40548, 3.10853, 3.18249, 27.6215, 11.846, 25.8266, 11.1148, 2.57605, 13.955, 19.4423, 11.3761, 21.5046, 18.5472, 16.3237, 24.7326, 3.26665 ], 
          [ 27.439, 16.8757, 5.32699, 10.3738, 8.26631, 19.4416, 24.6164, 12.4954, 3.8964, 13.0858, 17.5724, 6.62068, 22.6652, 23.6485, 22.7832, 22.0186, 25.0192, 23.4156, 6.64861, 23.1365, 23.4656, 29.197, 25.568, 3.18216, 10.4216, 23.7952, 11.0241, 6.25156, 9.41299, 12.1876 ], 
          [ 17.3777, 29.3842, 10.2829, 18.3943, 28.5035, 1.09984, 3.32231, 8.09642, 19.2793, 29.471, 14.1429, 12.147, 3.66674, 7.45303, 11.2062, 21.9066, 13.89, 2.92319, 8.76702, 4.35939, 7.15794, 17.5497, 2.78066, 6.55273, 13.7767, 21.8154, 1.97928, 16.671, 16.4994, 26.3589 ], 
          [ 10.2764, 27.636, 6.0594, 12.7843, 13.4588, 12.8531, 17.2932, 15.4003, 27.016, 9.68844, 20.3745, 29.944, 5.07759, 16.8992, 20.9489, 10.4295, 21.4662, 22.7407, 23.8684, 29.6051, 9.07258, 24.7551, 27.0023, 14.0705, 4.79905, 4.35199, 15.9916, 26.1937, 26.0473, 28.6009 ], 
          [ 18.0219, 19.6558, 1.21106, 24.3616, 18.0569, 1.23907, 3.74336, 26.1336, 1.5219, 1.68587, 24.8356, 6.06854, 17.7942, 11.3657, 1.05844, 19.7075, 13.0627, 29.4294, 6.22702, 3.63381, 17.4874, 3.53679, 6.38139, 6.38419, 8.42471, 10.3766, 11.3555, 23.6597, 15.6261, 8.00382 ], 
          [ 7.32392, 13.7384, 22.9891, 11.5891, 18.8378, 21.8206, 8.25171, 25.5873, 25.1591, 15.6501, 26.7849, 16.166, 3.04637, 24.0069, 11.6819, 15.3362, 25.8558, 12.0606, 28.8316, 25.6992, 11.4059, 23.9513, 15.2672, 9.48612, 20.5358, 9.74135, 23.8739, 13.587, 8.64203, 4.821 ], 
          [ 2.68143, 28.1898, 15.5781, 13.4156, 17.4866, 22.0286, 22.3698, 11.0086, 11.0068, 5.6088, 4.87562, 12.8288, 17.78, 2.5164, 24.2456, 11.7081, 13.3477, 16.9921, 26.647, 3.70711, 3.6012, 28.5461, 22.5249, 16.3857, 28.6263, 2.35103, 11.6379, 29.74, 28.3165, 23.8302 ], 
          [ 23.683, 20.4664, 17.1652, 20.2239, 3.9978, 8.41689, 10.9657, 13.4343, 8.86659, 25.4451, 3.75695, 7.81942, 5.77801, 23.9217, 4.43312, 21.8086, 13.7399, 11.0511, 3.56882, 23.9611, 23.333, 17.4469, 8.28122, 4.92755, 14.2074, 8.36893, 24.3387, 17.6366, 2.50315, 17.8192 ], 
          [ 17.8709, 3.5347, 20.7909, 12.7936, 3.4354, 13.222, 27.021, 18.7756, 24.2379, 3.85615, 23.2352, 15.7376, 24.8885, 26.5744, 25.5115, 19.6266, 11.5168, 4.3134, 2.99346, 1.35384, 27.2383, 3.34288, 25.2619, 5.8061, 29.3498, 10.4063, 16.3675, 13.0528, 20.6179, 28.5078 ], 
          [ 10.1084, 22.9529, 4.81776, 20.3486, 1.99286, 12.3152, 9.55106, 29.9962, 17.0356, 10.8485, 15.9683, 26.3319, 15.892, 6.92762, 23.363, 15.3807, 11.3771, 19.2112, 3.08339, 20.7912, 28.4468, 23.5631, 21.0235, 16.7512, 16.254, 14.1001, 13.9948, 6.38509, 8.56601, 23.0957 ], 
          [ 27.3017, 27.1107, 28.5144, 27.9609, 2.97355, 9.63368, 19.9136, 24.133, 20.964, 27.6697, 12.0806, 7.5858, 4.50205, 6.99739, 21.9821, 5.04928, 27.6591, 28.9665, 29.2974, 19.4334, 27.1448, 1.85904, 3.03175, 2.33195, 7.98106, 8.87231, 27.9124, 1.32003, 8.98773, 9.52536 ], 
          [ 19.4526, 27.0706, 17.176, 13.1164, 16.4818, 23.4616, 26.545, 20.8889, 27.9453, 17.1569, 18.0821, 25.0757, 1.34685, 10.1766, 5.95314, 26.0021, 13.0096, 21.9511, 9.23669, 1.00937, 26.315, 19.8153, 16.3571, 27.8351, 25.9983, 7.80047, 9.26518, 4.29143, 14.8432, 27.3792 ], 
          [ 27.8783, 18.7949, 25.7657, 15.5026, 6.76195, 3.45694, 14.9675, 27.5557, 24.9504, 19.3481, 25.4649, 4.30184, 3.13976, 19.38, 24.8897, 21.5225, 28.0932, 22.0895, 6.67431, 16.6228, 3.57637, 26.6956, 7.28307, 16.0033, 15.6759, 23.1024, 18.5564, 17.0393, 11.1869, 13.0071 ], 
          [ 20.5822, 29.2407, 17.6384, 7.17543, 14.4715, 13.6061, 20.3263, 15.5596, 14.4138, 16.5484, 13.2562, 14.111, 27.6831, 5.35419, 24.4183, 9.09844, 9.65793, 11.4202, 26.4097, 18.681, 26.7657, 19.4443, 9.38828, 18.8065, 2.67111, 7.05243, 3.80018, 3.0091, 6.39868, 29.0881 ], 
          [ 14.7124, 7.37455, 12.4907, 25.7871, 20.3848, 15.8429, 29.7968, 11.0178, 27.0315, 2.04657, 2.49268, 25.3207, 16.725, 3.08562, 28.3205, 14.9639, 7.96199, 26.5509, 4.71426, 2.24345, 9.75777, 7.59476, 21.5825, 2.08638, 4.01352, 1.20067, 9.11073, 2.22227, 25.0054, 22.9507 ], 
          [ 28.1436, 3.47492, 9.61626, 27.486, 29.5355, 22.3384, 14.0671, 28.6856, 13.1225, 16.3549, 10.1167, 18.4189, 28.643, 19.3721, 3.99361, 22.3504, 27.9603, 24.4464, 22.4832, 25.0445, 16.3618, 29.8798, 29.1844, 11.8531, 25.5426, 20.6074, 1.10907, 1.14039, 5.43973, 15.5436 ], 
          [ 15.2942, 11.7157, 9.25862, 15.1315, 17.6885, 5.34858, 26.6212, 8.82102, 14.695, 26.7082, 28.7687, 10.1597, 20.081, 8.54516, 17.7448, 20.1891, 21.1274, 26.7693, 9.28064, 28.0181, 29.313, 8.25277, 8.40747, 29.2849, 15.3017, 5.55182, 9.3017, 25.9995, 27.6318, 8.62438 ], 
          [ 12.9602, 10.3308, 4.93597, 18.3786, 26.8197, 20.8754, 4.2328, 15.7601, 16.0164, 1.06528, 9.15164, 7.32903, 13.98, 1.59308, 2.83422, 15.3613, 27.3863, 15.5709, 16.8454, 14.7928, 22.5881, 13.7969, 1.39433, 2.6644, 1.10905, 7.36892, 9.65974, 27.0973, 9.7541, 19.0938 ], 
          [ 14.0893, 21.5504, 16.3642, 15.8207, 15.718, 5.34426, 18.6612, 20.4566, 8.00453, 8.84305, 9.70795, 20.2624, 28.7735, 9.76965, 24.0842, 1.11896, 5.28548, 14.9133, 10.0207, 4.75646, 1.87379, 2.56856, 12.0261, 18.2832, 18.0046, 18.7309, 1.4296, 18.0268, 1.56719, 12.6154 ], 
          [ 8.28696, 21.4032, 1.75993, 14.6095, 20.975, 8.36653, 3.10487, 29.2242, 23.0896, 7.13185, 4.21368, 20.6096, 27.5853, 16.2979, 25.2009, 25.3786, 3.82773, 14.0113, 2.85973, 16.7106, 26.3215, 2.68762, 9.84546, 6.71371, 2.39594, 13.1535, 22.7087, 19.9442, 26.944, 26.2009 ], 
          [ 12.1561, 26.8271, 20.4619, 8.51655, 1.67991, 9.5817, 15.3862, 11.2915, 18.6986, 16.5763, 22.0025, 7.90061, 5.2349, 29.1715, 9.72596, 2.47952, 13.1538, 1.48596, 22.9549, 1.04272, 13.0107, 13.6896, 20.947, 26.8176, 23.6243, 15.7406, 13.9206, 27.8906, 4.51565, 29.8627 ], 
          [ 24.0604, 18.3803, 26.1207, 24.4649, 10.883, 16.1861, 23.0491, 11.9171, 5.70113, 15.1761, 15.5844, 1.47034, 24.6874, 12.8499, 21.6424, 27.566, 29.0197, 24.8467, 9.15684, 8.83435, 9.67682, 25.0565, 22.7257, 1.42662, 15.1869, 28.6231, 4.02865, 16.9441, 3.99581, 3.73716 ], 
          [ 14.2333, 3.38482, 22.1488, 23.0185, 17.3503, 3.3342, 19.8187, 14.5962, 18.4738, 26.6429, 19.5239, 27.5831, 23.1697, 22.7299, 14.9102, 11.9542, 27.8306, 5.06034, 6.20787, 29.6782, 21.3968, 15.0122, 10.2014, 10.5351, 3.13602, 11.5448, 21.9118, 8.53633, 8.08048, 9.74285 ], 
          [ 23.152, 7.04525, 24.4733, 3.0661, 27.9237, 25.0526, 13.759, 2.01861, 21.9462, 17.9525, 5.75872, 25.3566, 22.1428, 22.9332, 2.32249, 8.62337, 10.9908, 19.0307, 29.8193, 15.7758, 22.9201, 1.59857, 19.7006, 24.1029, 17.9411, 26.7552, 15.688, 19.2363, 24.0996, 21.54 ], 
          [ 26.5363, 7.94797, 17.2101, 19.7384, 23.7816, 2.16716, 23.1627, 1.15414, 6.61501, 17.0782, 25.7629, 29.5677, 28.332, 16.6119, 19.9605, 24.7103, 27.0871, 19.2587, 22.0004, 25.0615, 26.2139, 2.80326, 20.6726, 26.0866, 7.85972, 28.0949, 18.9819, 17.5572, 18.8394, 21.9389 ], 
          [ 4.64348, 6.76968, 19.4977, 8.54365, 22.4981, 24.0307, 18.4466, 9.12126, 29.0413, 4.43404, 21.0073, 9.37912, 23.885, 9.85258, 27.4577, 21.4239, 24.7994, 2.48216, 1.8726, 12.7605, 22.0431, 18.4066, 20.921, 26.5574, 26.2015, 14.4672, 22.7088, 11.0287, 5.8133, 10.3948 ], 
          [ 3.70389, 17.9373, 16.2402, 21.1844, 25.3814, 19.55, 7.72714, 8.03444, 2.99385, 4.19172, 7.01184, 8.3449, 25.78, 6.53892, 21.1233, 4.76852, 12.6519, 11.6332, 4.30335, 25.8697, 25.1316, 5.77193, 26.6739, 23.4837, 12.169, 6.95927, 8.60596, 15.3129, 1.62055, 9.79585 ], 
          [ 16.2699, 22.9307, 10.9105, 26.6394, 10.0732, 20.0921, 15.781, 3.10993, 23.3034, 22.3049, 12.8051, 8.13237, 16.0854, 16.2819, 11.3963, 14.0832, 25.3105, 5.73975, 9.46871, 4.08662, 14.1499, 16.4749, 24.5849, 6.39975, 19.9003, 3.98036, 3.38157, 19.7605, 10.8824, 18.2893 ], 
          [ 6.68523, 27.6249, 28.221, 6.10217, 12.1665, 21.2769, 22.5989, 12.1722, 19.3399, 23.4829, 11.8, 13.8161, 13.3182, 7.53335, 10.4611, 16.8184, 7.02503, 28.9973, 7.19178, 25.0315, 3.99645, 27.1468, 29.108, 8.01013, 2.72492, 9.71064, 22.7274, 29.4709, 16.4224, 9.53592 ], 
          [ 1.36292, 1.29874, 27.4312, 3.87383, 19.777, 1.79885, 26.8885, 28.2277, 28.3717, 16.1587, 13.718, 23.0706, 27.8532, 18.0817, 15.0577, 2.02091, 11.581, 7.13556, 9.9833, 23.7437, 10.3254, 22.2848, 16.3195, 14.7606, 16.2924, 21.3304, 22.6751, 11.0937, 11.7304, 3.20732 ], 
          [ 18.7639, 3.10493, 8.20539, 11.8067, 1.94655, 18.298, 23.1948, 16.7319, 7.79267, 2.41653, 28.8776, 12.9125, 2.93382, 19.2383, 12.377, 3.04131, 6.77796, 19.0949, 3.05637, 24.0137, 25.0831, 12.9377, 15.8111, 17.7173, 11.4494, 13.8316, 8.72526, 9.51646, 25.9393, 27.7138 ], 
          [ 24.0415, 16.5807, 5.76405, 29.6271, 15.288, 7.90901, 25.8238, 14.9046, 12.575, 25.9012, 17.1236, 11.0172, 16.3294, 15.1673, 20.1352, 11.1737, 4.85082, 23.3792, 26.9856, 3.99367, 8.90542, 14.8728, 7.51962, 1.50511, 15.9281, 6.23127, 8.84323, 4.86841, 28.4128, 20.0183 ], 
          [ 12.9324, 20.7365, 13.7745, 26.6425, 7.92832, 11.2315, 6.56405, 2.26993, 25.9417, 10.3781, 10.2861, 10.6288, 24.3062, 20.375, 10.9513, 7.97853, 13.9541, 5.34797, 8.07387, 24.9272, 9.64377, 16.1502, 27.2146, 6.11611, 28.9559, 9.17043, 18.7391, 10.4457, 26.5396, 7.62939 ], 
          [ 17.758, 5.0787, 14.3473, 4.95861, 24.5464, 14.3425, 29.5008, 15.0274, 1.89258, 13.3236, 13.8686, 18.8637, 6.23369, 11.679, 3.0774, 9.91161, 27.9273, 4.39844, 5.9912, 27.1288, 9.05243, 23.7554, 22.7251, 18.6613, 29.5764, 18.5368, 7.29594, 14.9055, 8.81637, 19.3969 ], 
          [ 17.0765, 4.70826, 12.3618, 12.2573, 16.3405, 25.5019, 26.5591, 29.0604, 29.0035, 9.97149, 28.0501, 17.274, 19.8933, 4.84315, 9.84219, 14.8774, 27.8625, 21.507, 28.554, 6.83261, 20.8974, 2.80273, 6.6748, 28.8271, 13.3975, 22.1537, 5.54496, 5.02284, 21.6889, 26.5493 ], 
          [ 19.7845, 5.18374, 20.8356, 18.1863, 5.49624, 1.02411, 8.71382, 27.3588, 24.8056, 14.5938, 14.7962, 27.3279, 21.0609, 15.8345, 15.1942, 23.6156, 18.6968, 27.3746, 19.9263, 11.4017, 10.2654, 1.96592, 12.1758, 28.9758, 10.2842, 18.1739, 12.9636, 21.1277, 19.9886, 28.2788 ], 
          [ 20.7905, 17.8317, 11.7789, 12.9228, 29.4234, 13.9877, 28.2067, 13.2769, 23.993, 24.9249, 6.07141, 17.4354, 18.8635, 5.53133, 27.6206, 3.46047, 10.2375, 6.03953, 14.3666, 29.1872, 22.5152, 14.3699, 3.06903, 15.682, 26.4372, 13.8106, 7.34128, 2.04483, 29.7378, 12.4569 ], 
          [ 14.9343, 14.705, 7.23457, 14.1438, 27.4559, 7.45418, 9.38463, 23.6234, 28.2823, 20.893, 20.7801, 15.5667, 19.1437, 29.7758, 17.9887, 21.2425, 14.8564, 4.86723, 3.92051, 21.626, 5.98587, 12.886, 7.84398, 21.8217, 4.76813, 17.9421, 8.70447, 25.7777, 13.5277, 29.2636 ], 
          [ 11.7594, 21.2338, 16.8963, 7.71764, 28.8891, 20.018, 27.5039, 12.9328, 16.0613, 21.9714, 10.5975, 23.6546, 11.7668, 5.42045, 7.06146, 24.3469, 20.3235, 19.8221, 26.1796, 6.2261, 29.0662, 29.8978, 4.13519, 15.1721, 17.2151, 27.2326, 29.5681, 10.5647, 16.4231, 23.9103 ], 
          [ 27.0417, 20.3081, 18.0096, 25.3325, 20.33, 17.9828, 21.3876, 24.7064, 28.8485, 9.51117, 27.2316, 18.7404, 24.7127, 14.5546, 8.0379, 13.0242, 12.2221, 4.85716, 7.00351, 2.03108, 15.2291, 10.2336, 4.22769, 12.621, 19.3014, 25.3441, 5.30815, 15.9711, 20.4611, 24.9981 ], 
          [ 17.2309, 8.40116, 20.3791, 22.2095, 18.4818, 23.1691, 26.6266, 14.9848, 26.6663, 29.0297, 20.4038, 9.31135, 14.1884, 13.4698, 11.0491, 28.8362, 28.9349, 20.3596, 16.7326, 29.0044, 25.7848, 9.2931, 4.75272, 2.82163, 29.0588, 20.8824, 3.01257, 19.9715, 9.01406, 16.6657 ], 
          [ 19.3737, 19.0374, 3.9214, 7.08857, 24.041, 22.8896, 27.5853, 26.9298, 12.5137, 12.6663, 3.68567, 2.65592, 12.5899, 20.7645, 4.18722, 27.8875, 19.934, 26.3793, 5.11032, 27.1796, 28.6703, 8.90985, 7.46745, 1.90798, 28.0713, 23.135, 6.36914, 17.0748, 2.27846, 10.1972 ], 
          [ 5.63233, 19.3029, 7.07682, 6.09395, 23.3926, 5.18598, 4.93304, 16.0876, 5.3125, 20.7361, 14.4191, 5.73191, 7.62936, 18.7813, 14.4549, 23.1395, 3.36259, 9.92968, 29.6148, 4.966, 2.27864, 18.0361, 19.8481, 15.4197, 6.90551, 20.1575, 18.3228, 10.5272, 8.31624, 16.7854 ]
        ], 
        [
          [ 1.25754, 14.9001, 16.5902, 16.9575, 18.8816, 15.2708, 26.3629, 24.5083, 5.92036, 1.46662, 24.7834, 26.3954, 8.80019, 26.9103, 20.5318, 8.47007, 17.8989, 1.02778, 10.2007, 29.0514, 27.4282, 29.6012, 5.42104, 5.41724, 1.59883, 28.4558, 19.9223, 10.125, 6.07793, 17.6363 ], 
          [ 21.0252, 15.019, 27.6285, 7.22396, 5.47144, 5.0892, 11.3454, 20.545, 11.9137, 16.7024, 16.7211, 9.00908, 9.36294, 4.69625, 7.20184, 15.7707, 5.1514, 26.8272, 6.90087, 27.404, 22.1005, 21.0213, 10.2552, 21.9518, 14.2275, 17.4168, 26.7506, 1.64896, 26.5382, 27.9369 ], 
          [ 23.926, 17.6645, 29.848, 20.1738, 26.8272, 12.9126, 18.625, 26.8535, 25.5712, 28.7365, 10.5669, 2.77385, 12.7244, 17.5088, 16.1926, 18.433, 28.6655, 6.32169, 22.0569, 19.1782, 2.9739, 8.62701, 8.86997, 8.58276, 28.1586, 19.4606, 10.3904, 17.0403, 22.4736, 17.7472 ], 
          [ 17.2907, 9.73321, 6.52735, 11.6954, 7.00065, 20.974, 19.8313, 28.4672, 11.4935, 27.0463, 22.9742, 9.26268, 3.39144, 7.57404, 14.5825, 12.9043, 11.2679, 12.2489, 11.0054, 21.346, 16.1455, 8.55079, 3.69997, 17.2947, 27.4122, 25.9459, 25.8329, 2.72204, 22.5112, 13.6184 ], 
          [ 13.6009, 23.1744, 1.76182, 1.01352, 7.32776, 9.73084, 9.2089, 10.0906, 20.4419, 28.6492, 22.952, 20.5907, 11.0424, 3.61842, 21.0516, 22.965, 10.3406, 4.37557, 25.8378, 29.1186, 24.9567, 5.47788, 9.15093, 27.9618, 23.896, 12.3729, 27.9696, 27.6258, 1.05049, 5.65959 ], 
          [ 8.00507, 21.2434, 24.2643, 16.2463, 20.9814, 4.36631, 9.7078, 3.08071, 8.22773, 10.8223, 3.56565, 4.98824, 3.10933, 28.9436, 8.62403, 2.85052, 22.2835, 28.1198, 3.90581, 16.4349, 23.3986, 9.71635, 19.5812, 28.0822, 11.4664, 22.2076, 23.1831, 23.9494, 15.7311, 25.3925 ], 
          [ 20.2297, 6.06059, 1.91202, 15.9284, 7.12505, 13.0106, 1.0474, 4.19671, 4.72507, 26.1771, 13.7817, 10.4534, 12.2605, 29.1202, 17.2344, 18.4814, 29.6033, 14.7255, 11.8677, 27.1468, 28.3178, 6.27041, 3.04461, 8.34442, 24.8026, 23.6214, 8.91388, 17.6579, 29.0537, 5.59378 ], 
          [ 14.9917, 9.3575, 17.9429, 27.3853, 18.6155, 29.2801, 16.8756, 10.9313, 11.0731, 6.46311, 3.84483, 28.811, 12.6866, 17.4165, 29.6461, 17.8924, 26.4704, 29.0399, 11.2475, 26.4802, 7.17401, 27.5534, 12.654, 19.6115, 26.8697, 29.3746, 13.7336, 3.66115, 16.2972, 3.88308 ], 
          [ 16.824, 7.49372, 7.1342, 29.9025, 20.4812, 29.0167, 5.85672, 9.70947, 21.2133, 28.0188, 28.9887, 15.59, 12.0058, 15.0627, 12.0896, 8.29305, 6.29006, 5.61688, 12.3259, 14.3272, 4.17949, 4.30825, 3.89124, 29.1512, 7.43803, 1.8057, 1.09418, 21.9682, 25.9913, 11.8674 ], 
          [ 8.38469, 4.29258, 7.9624, 8.79366, 16.3642, 10.9275, 22.6346, 23.7612, 13.1336, 29.0536, 6.26585, 17.8387, 3.8412, 16.5099, 1.82468, 9.8718, 16.3433, 16.32, 15.2336, 21.7543, 18.9927, 10.2746, 5.85191, 13.7327, 22.2408, 20.9669, 8.57081, 21.0982, 7.76297, 16.472 ], 
          [ 20.7763, 9.89947, 1.15595, 26.797, 13.0755, 13.8643, 19.49, 29.0159, 29.4985, 21.1353, 4.15814, 10.2202, 9.30208, 27.2652, 17.5922, 25.3867, 13.5451, 18.3012, 20.8015, 19.1835, 12.9594, 1.28406, 11.9249, 20.3604, 25.4619, 22.0426, 1.8542, 27.4133, 21.8065, 9.97812 ], 
          [ 23.0948, 12.1996, 24.4835, 28.6494, 23.9082, 20.5493, 26.0461, 25.2943, 13.7176, 1.02449, 3.45895, 6.01626, 18.3041, 22.2815, 1.68724, 7.14341, 22.7675, 11.7085, 15.293, 9.87958, 23.2074, 1.78516, 22.6688, 20.4544, 1.76522, 16.895, 6.57273, 26.7761, 13.8171, 19.269 ], 
          [ 23.9395, 4.05753, 5.29106, 28.2011, 28.5518, 8.42389, 29.4988, 13.6633, 10.218, 24.8472, 11.036, 5.89049, 9.25536, 21.2795, 15.5051, 7.12679, 13.168, 2.208, 7.50909, 8.37241, 28.4227, 16.6911, 24.7707, 9.90988, 6.49979, 16.8134, 1.52656, 27.1833, 24.9012, 29.9787 ], 
          [ 15.8511, 22.2591, 2.54561, 25.6604, 10.6904, 24.6662, 13.1213, 8.03893, 15.7038, 26.5519, 28.7809, 13.609, 23.293, 10.9539, 16.1939, 18.8921, 16.0526, 6.1476, 7.21634, 21.4579, 9.52794, 4.42303, 20.8755, 6.89636, 12.6483, 23.5741, 7.47443, 12.0562, 20.1014, 1.27265 ], 
          [ 14.5034, 25.8108, 15.1723, 28.3397, 10.9898, 4.05549, 20.6422, 9.10412, 29.8683, 4.56348, 1.12689, 8.64075, 6.03924, 5.70759, 6.71544, 12.5157, 10.5386, 9.24481, 7.50174, 29.6823, 26.5979, 17.727, 23.9565, 21.3727, 6.59723, 17.0656, 3.84992, 21.212, 7.90242, 18.9316 ], 
          [ 18.5947, 18.5363, 23.8502, 12.7816, 22.1255, 21.298, 8.51142, 11.4815, 19.4986, 13.0447, 28.915, 18.6172, 29.1508, 9.16585, 3.30394, 8.99228, 4.19475, 11.9373, 4.81031, 16.0811, 3.99845, 18.6492, 11.532, 28.4109, 14.9749, 15.0734, 1.22462, 5.05496, 4.03929, 25.6918 ], 
          [ 20.4464, 4.75542, 11.6004, 10.8988, 19.7325, 1.99711, 17.3432, 17.6619, 5.04433, 7.10825, 19.523, 26.8675, 8.12366, 17.0975, 25.1298, 23.609, 25.235, 18.6872, 5.11648, 1.94716, 7.33633, 16.0067, 3.27225, 1.00326, 1.37261, 14.4862, 22.4857, 7.35045, 28.6923, 15.2359 ], 
          [ 18.434, 20.6117, 3.77847, 17.7384, 28.7251, 18.2799, 22.6105, 4.25067, 29.1706, 7.27684, 13.0276, 7.92208, 9.29902, 2.864, 6.727, 29.7442, 2.33967, 29.7161, 22.6966, 5.65901, 21.7127, 15.7885, 15.5746, 9.42773, 20.7797, 10.9453, 5.77053, 1.50377, 20.3368, 19.0375 ], 
          [ 9.36175, 11.4364, 20.4584, 22.2002, 6.50935, 3.295, 19.435, 8.05399, 27.0439, 9.34412, 25.5619, 26.4388, 22.4607, 29.0596, 9.1026, 18.436, 6.17308, 4.43902, 5.33182, 27.1164, 16.2077, 13.0986, 12.8214, 29.053, 23.9695, 4.95491, 22.3292, 23.9427, 26.6028, 3.92653 ], 
          [ 6.01478, 15.186, 22.6323, 27.2674, 4.41105, 2.34136, 6.77991, 14.4781, 23.6125, 18.7461, 29.8752, 13.6947, 24.5795, 4.56322, 12.3518, 4.67674, 4.74398, 10.6419, 13.6662, 6.10526, 16.6629, 5.37053, 3.26229, 18.648, 23.8303, 12.213, 3.08756, 20.0705, 1.48942, 17.1726 ], 
          [ 6.22031, 5.23889, 26.3615, 17.2073, 7.21745, 7.27081, 20.5261, 2.92846, 7.58085, 27.5192, 22.4053, 5.61264, 2.57619, 9.56448, 5.642, 21.7269, 7.74204, 25.1258, 3.613, 1.83119, 7.33673, 13.9868, 23.6912, 10.395, 20.7087, 14.8391, 27.3234, 6.97478, 8.39645, 5.71128 ], 
          [ 12.3644, 4.99838, 26.6623, 29.8132, 17.8476, 25.4574, 15.3543, 11.5538, 15.1314, 2.63778, 24.8916, 29.0951, 29.3103, 12.6513, 11.8759, 20.0835, 19.785, 5.24398, 8.5633, 8.52198, 9.23977, 1.30836, 14.8899, 1.00472, 21.9263, 21.5814, 11.2396, 23.6031, 16.0274, 10.3684 ], 
          [ 21.533, 5.30255, 7.92944, 28.7151, 10.8354, 2.71661, 19.5116, 4.95098, 26.227, 23.4965, 5.02573, 2.32241, 7.78781, 21.6836, 28.6434, 22.562, 3.88256, 9.46743, 3.18847, 2.55224, 2.27715, 8.89629, 17.1392, 2.5127, 18.0778, 16.3048, 2.97898, 26.5309, 19.7578, 25.6969 ], 
          [ 9.6578, 3.77735, 16.9292, 23.0901, 20.8829, 10.9579, 23.0687, 11.9801, 1.0021, 14.1191, 20.7513, 3.89775, 20.5491, 14.4542, 8.98269, 4.26908, 23.5276, 3.81938, 25.8333, 10.9458, 20.8124, 16.4033, 29.8661, 19.3467, 20.5017, 17.848, 12.4318, 6.49495, 19.4613, 2.06236 ], 
          [ 29.2241, 2.36916, 14.7306, 8.31551, 29.7137, 19.488, 8.07082, 22.8239, 8.20551, 5.41588, 28.5476, 27.578, 22.3885, 3.94154, 23.1452, 20.5739, 13.4018, 7.90106, 19.405, 7.44872, 17.0886, 25.3127, 25.9483, 15.6374, 19.1641, 20.2163, 17.2782, 14.8536, 16.1293, 11.5547 ], 
          [ 9.87601, 29.4042, 12.5143, 2.38042, 28.3846, 19.8372, 18.3305, 12.4889, 2.44543, 5.70997, 16.7577, 7.75337, 21.6763, 4.12652, 6.76069, 27.4367, 1.93486, 18.7934, 16.8827, 15.1477, 19.5923, 17.721, 4.79278, 28.6282, 8.36695, 4.09307, 8.56671, 7.83969, 8.661, 6.18623 ], 
          [ 12.4538, 12.6196, 27.4802, 19.4698, 18.2761, 11.2082, 21.0735, 27.6444, 21.9964, 26.7368, 25.9575, 1.58431, 20.4055, 10.4067, 18.8026, 15.9308, 23.0275, 26.7154, 10.3126, 11.7004, 6.42749, 18.5345, 26.964, 13.6974, 17.4858, 28.5178, 6.17991, 12.4018, 29.4531, 5.1982 ], 
          [ 28.7707, 15.263, 1.97261, 27.462, 2.73705, 6.46412, 18.1651, 14.3647, 23.9923, 22.9023, 17.2325, 2.42156, 6.041, 21.1887, 14.3245, 12.4026, 3.91628, 5.77382, 5.86699, 28.1816, 8.93056, 8.25434, 25.9213, 14.7677, 20.8816, 29.2289, 22.323, 11.7158, 1.24033, 23.5131 ], 
          [ 14.2878, 17.1725, 13.1546, 18.8623, 24.7585, 26.8335, 18.1998, 3.15159, 8.09949, 14.9626, 6.5803, 16.7615, 11.2443, 12.0077, 14.977, 22.775, 26.7594, 2.35419, 26.4587, 13.0124, 8.05289, 28.4718, 28.9843, 16.5047, 12.8309, 8.43511, 14.6219, 26.9118, 27.4091, 22.0137 ], 
          [ 3.22738, 7.01068, 20.8192, 19.6398, 14.7091, 27.9754, 22.7198, 18.7797, 23.059, 29.597, 18.8111, 11.1874, 4.9338, 4.25253, 21.3296, 11.4966, 22.4076, 15.4843, 14.9686, 1.41501, 20.3779, 12.4866, 18.8886, 3.57925, 14.268, 15.7713, 20.2632, 8.59805, 20.5692, 14.5313 ], 
          [ 19.8576, 6.03419, 22.6739, 26.1335, 27.2633, 23.2069, 21.3168, 17.3661, 27.1129, 8.34989, 3.68454, 28.9472, 5.33013, 8.44489, 27.8185, 20.2188, 9.81331, 8.60145, 15.1806, 27.3518, 6.75061, 14.3441, 20.9467, 9.76373, 10.1149, 6.7932, 8.27602, 12.5782, 18.3579, 24.1378 ], 
          [ 8.86347, 6.57752, 13.1334, 9.42801, 17.2846, 28.4849, 5.91353, 29.2712, 2.48039, 5.58061, 10.6808, 16.5579, 4.0467, 10.9371, 24.7166, 16.1497, 25.7845, 16.1093, 19.4834, 25.0221, 6.88581, 8.37935, 13.3002, 16.0995, 28.6146, 18.6583, 23.5923, 7.96638, 22.2299, 23.6963 ], 
          [ 5.88402, 11.5582, 29.5858, 24.8288, 18.8008, 22.1842, 18.9434, 23.5912, 28.5626, 10.1357, 2.76594, 4.32985, 29.7581, 4.06753, 11.7277, 19.77, 10.0033, 8.49424, 28.2979, 17.1248, 15.6455, 19.8915, 22.8779, 11.311, 4.21988, 22.5022, 12.9303, 21.9042, 8.21662, 28.6358 ], 
          [ 13.197, 23.4032, 22.5715, 2.89652, 29.8998, 12.0761, 2.14215, 21.2032, 14.2721, 8.96348, 8.00097, 21.5451, 21.6887, 17.7333, 26.3463, 16.7884, 3.3671, 28.1371, 24.9015, 12.2068, 2.03601, 22.2452, 16.0408, 5.12341, 24.0435, 16.7246, 27.741, 11.9789, 21.8975, 5.49277 ], 
          [ 5.91467, 1.2364, 23.4956, 13.5668, 3.0975, 27.5358, 29.647, 8.18655, 26.4039, 27.6085, 23.4975, 10.4613, 15.848, 14.2964, 25.2265, 13.6051, 3.27458, 10.1138, 4.9554, 24.0523, 5.61865, 15.5921, 19.3854, 26.9984, 12.4763, 29.6387, 27.0735, 12.6035, 1.45787, 19.1696 ], 
          [ 23.3403, 7.63705, 5.0011, 15.1889, 7.39251, 23.5672, 4.83842, 7.01642, 8.20416, 3.05715, 10.5357, 12.8295, 14.5129, 4.1751, 23.6609, 13.2748, 10.375, 25.9305, 18.3969, 20.0844, 25.7566, 29.9139, 8.43467, 21.9586, 13.7355, 8.46782, 6.47968, 7.12596, 14.5426, 24.3095 ], 
          [ 16.5547, 13.5449, 4.95406, 8.23409, 7.05424, 4.21885, 20.15, 10.4122, 24.6634, 24.3942, 12.0981, 5.49459, 6.38868, 17.7836, 22.9502, 25.5787, 20.693, 3.6627, 8.18747, 21.0424, 11.1885, 24.2017, 26.7098, 12.8529, 6.07336, 13.8817, 9.15088, 27.9926, 14.9985, 23.382 ], 
          [ 5.47899, 4.89086, 1.45565, 19.6524, 16.6428, 29.0619, 20.0674, 7.07607, 10.9548, 4.39708, 26.0919, 3.13652, 19.5717, 1.89165, 13.9888, 26.5266, 4.90889, 11.2767, 24.2772, 11.177, 29.8546, 15.9152, 3.90359, 25.4186, 21.9252, 17.0076, 22.4976, 14.527, 8.41505, 29.8069 ], 
          [ 11.2804, 29.2005, 28.5788, 20.6666, 29.2262, 22.7546, 15.5432, 11.2571, 12.5082, 4.40691, 14.3544, 13.8859, 4.29263, 18.549, 8.53895, 12.9448, 4.89434, 26.3108, 25.8882, 26.2859, 10.6489, 10.9492, 14.5874, 26.3303, 29.5653, 16.5262, 11.4521, 24.021, 24.7857, 14.2466 ], 
          [ 22.3836, 7.86489, 21.785, 24.1805, 3.52936, 15.9562, 29.1602, 4.50755, 13.9368, 10.228, 27.3532, 21.2788, 18.3395, 22.0563, 25.9578, 24.6944, 28.1172, 18.0075, 2.01508, 10.2639, 12.3988, 10.8005, 29.4012, 14.5668, 8.93346, 4.57441, 1.14883, 25.8971, 23.2003, 20.9861 ], 
          [ 6.30034, 14.0812, 16.2511, 20.6321, 11.3108, 18.0248, 7.67627, 3.16229, 21.9209, 19.1806, 13.203, 10.3474, 12.6059, 19.7381, 5.47852, 26.03, 19.6948, 29.5233, 18.5063, 28.6371, 4.15275, 4.45385, 5.01384, 26.7658, 6.55825, 17.5765, 15.0613, 22.7676, 28.2606, 5.10551 ], 
          [ 23.6997, 11.96, 14.5451, 12.8032, 1.16395, 23.7115, 29.6087, 24.1605, 25.9154, 28.141, 1.8201, 5.33615, 29.9818, 8.54089, 7.90979, 9.50372, 12.9463, 25.1151, 23.3818, 16.1888, 27.0462, 13.0725, 10.657, 16.3792, 3.8096, 2.19078, 23.2224, 17.9123, 13.3581, 11.9 ], 
          [ 5.08577, 5.39632, 11.0082, 21.8897, 22.3681, 26.1994, 24.5985, 12.303, 29.8857, 6.51535, 10.3246, 1.92491, 5.89602, 27.0435, 9.8373, 2.89742, 19.5144, 9.08251, 20.9127, 6.96006, 16.1559, 12.5947, 16.3086, 19.748, 18.1446, 6.40511, 9.50659, 27.9266, 20.1126, 29.9338 ], 
          [ 17.0869, 14.86, 18.539, 1.64787, 16.1142, 3.56652, 21.4565, 7.97567, 11.7883, 8.11843, 7.5148, 9.3683, 23.1465, 15.7679, 21.9126, 5.56049, 3.23581, 24.0617, 19.2831, 22.3446, 13.6264, 15.4078, 19.2047, 25.8345, 9.09337, 2.42674, 19.7866, 12.3265, 25.0947, 2.30387 ], 
          [ 15.841, 16.0201, 13.8844, 9.34799, 12.3122, 22.3025, 4.27962, 3.30152, 26.7462, 4.89685, 25.9861, 20.8334, 28.9943, 11.5638, 18.3286, 25.819, 15.486, 28.6808, 29.8895, 5.69275, 8.11202, 21.6489, 24.4213, 19.6074, 27.5588, 22.6432, 12.3086, 8.08182, 26.1153, 29.3658 ], 
          [ 27.6364, 17.9471, 7.21874, 12.7746, 2.75053, 19.9629, 19.1958, 8.23974, 24.71, 1.114, 13.5786, 19.0897, 26.0016, 12.6826, 20.0306, 17.4295, 12.6286, 9.40742, 4.42267, 22.6633, 21.4272, 19.9513, 11.0733, 15.0922, 19.8003, 24.6081, 13.8815, 29.4048, 1.42574, 1.7422 ], 
          [ 21.7316, 2.04687, 2.89751, 4.08372, 3.86141, 11.613, 27.3198, 24.374, 8.72534, 13.2395, 21.5188, 26.8431, 28.0733, 20.3208, 12.6162, 18.739, 21.4222, 4.88784, 20.7177, 22.3999, 21.4384, 27.3115, 7.12989, 20.9801, 20.3594, 9.74555, 27.7334, 22.3664, 23.8495, 1.14401 ], 
          [ 14.5513, 1.21168, 26.6527, 19.261, 11.3376, 8.94919, 17.9579, 10.0437, 14.9668, 15.8166, 16.8161, 16.3071, 17.4055, 23.7701, 22.9677, 8.75881, 26.7218, 13.8355, 1.71864, 6.06518, 28.0099, 24.7972, 27.7666, 15.0701, 8.90483, 3.32971, 4.12055, 27.99, 1.81463, 2.27667 ], 
          [ 8.28178, 21.7621, 2.95914, 20.0958, 28.4541, 28.7649, 22.4315, 2.40864, 8.64103, 21.99, 2.13066, 26.9975, 22.3926, 1.90544, 8.72873, 22.6811, 1.75724, 26.3043, 12.0209, 13.4114, 2.46998, 11.217, 28.0526, 19.3524, 9.33266, 11.2146, 29.1113, 13.1544, 14.0569, 20.3564 ], 
          [ 16.3138, 14.3644, 16.7855, 22.1785, 25.6628, 16.978, 19.6356, 17.3141, 17.5063, 9.52849, 24.0443, 28.9256, 12.2171, 20.2106, 4.6671, 12.7958, 10.9094, 29.3328, 15.9787, 7.86647, 4.28717, 18.4423, 4.35628, 6.08331, 23.7002, 1.60883, 27.999, 29.8091, 8.92259, 13.5769 ], 
          [ 5.66337, 21.8113, 12.5009, 26.2602, 23.7541, 22.5989, 12.2983, 28.2038, 19.8697, 18.9278, 3.77611, 14.3275, 14.6029, 21.2884, 24.4991, 12.8985, 10.2729, 2.11131, 8.73526, 28.0773, 15.9241, 4.81935, 26.5393, 16.2245, 23.4621, 17.5854, 29.4719, 9.16963, 5.15742, 27.2654 ], 
          [ 26.6303, 1.03644, 9.51155, 18.3889, 8.93477, 23.3962, 3.01061, 8.665, 15.7924, 25.4339, 24.7218, 22.4621, 24.0559, 14.7056, 21.9564, 17.3117, 24.6166, 12.9065, 23.4582, 26.7991, 22.6821, 10.2364, 3.48228, 8.86077, 23.493, 9.07446, 22.739, 15.9604, 6.60514, 29.6376 ], 
          [ 21.442, 23.3427, 23.4234, 21.6807, 3.80148, 18.3138, 29.255, 17.9867, 7.76423, 7.60463, 25.4709, 9.20591, 1.75333, 16.5711, 5.59078, 8.11584, 25.4872, 21.2419, 8.60923, 29.4471, 14.5809, 15.3506, 22.963, 17.0893, 8.4945, 29.3332, 11.2074, 13.7158, 6.05785, 29.6771 ], 
          [ 25.7675, 11.331, 5.32734, 10.1382, 17.8711, 19.9099, 15.9594, 9.74954, 15.4599, 12.8663, 1.14046, 18.1527, 12.7514, 9.33242, 28.8541, 22.2638, 19.2046, 25.8516, 17.3171, 1.54446, 1.78745, 6.31727, 11.3065, 11.4755, 24.5324, 2.35184, 1.51551, 11.8992, 12.4014, 9.26121 ], 
          [ 23.8612, 11.9209, 6.33453, 5.75152, 2.89536, 23.3465, 13.9992, 27.2702, 22.511, 26.6614, 5.37911, 5.31538, 24.3025, 5.03037, 7.43687, 10.1026, 23.1127, 11.1328, 24.0277, 6.96516, 25.6242, 29.5035, 18.7316, 11.3789, 9.76273, 12.7612, 26.9587, 11.7302, 16.4471, 28.8636 ], 
          [ 11.5783, 28.5652, 16.8298, 3.67088, 18.2722, 26.499, 16.7498, 4.63944, 22.8532, 28.6724, 4.63875, 7.3403, 10.1786, 10.9912, 25.6487, 2.75111, 8.96136, 22.6527, 4.8435, 4.7388, 24.2889, 27.9864, 21.1226, 2.48289, 9.66019, 2.30505, 20.8068, 14.2327, 24.0122, 4.8523 ], 
          [ 4.02796, 20.7763, 6.41152, 15.0805, 21.3236, 12.2984, 25.0533, 28.4447, 15.8715, 7.32747, 24.1862, 4.38003, 20.7248, 19.1885, 6.30374, 27.166, 13.3589, 10.3494, 1.92659, 5.29314, 3.98066, 27.6718, 7.8149, 5.67114, 13.543, 11.6266, 4.68294, 8.83363, 2.90707, 17.6757 ], 
          [ 2.98383, 11.2953, 17.2918, 29.198, 18.3061, 29.5511, 28.3965, 13.4544, 15.1131, 12.0937, 14.4775, 29.026, 9.22753, 8.38573, 27.3905, 24.7718, 12.1713, 4.88276, 3.64026, 2.56683, 15.7841, 17.3973, 7.19012, 28.0982, 19.1723, 9.18698, 22.6906, 29.8519, 10.033, 26.5884 ], 
          [ 14.238, 26.3876, 9.99894, 7.04492, 10.3976, 28.964, 9.13218, 27.9647, 18.2303, 24.4668, 17.7262, 13.2823, 10.1422, 24.8982, 28.3381, 4.34094, 13.5221, 11.4618, 11.3228, 21.9502, 9.0001, 28.5289, 24.991, 15.7459, 19.7739, 7.27396, 8.27189, 9.71566, 12.4785, 10.6772 ], 
          [ 22.2712, 16.584, 11.3765, 29.0996, 28.7014, 1.78791, 13.105, 11.4973, 27.1416, 29.5377, 18.6669, 9.15693, 7.881, 25.1719, 20.4034, 11.1399, 2.66049, 7.51605, 15.6032, 7.66429, 29.8843, 4.4941, 15.9631, 18.5935, 2.34893, 25.9467, 20.1755, 8.17914, 4.34799, 17.4663 ], 
          [ 7.57574, 20.3388, 16.5516, 12.0067, 7.59022, 8.25834, 17.0442, 2.62165, 25.4254, 2.3594, 14.9681, 2.67099, 4.69554, 10.4598, 15.8595, 26.8086, 18.5881, 11.3574, 18.67, 7.80308, 14.3463, 12.4419, 24.8027, 7.13208, 18.5878, 13.5933, 26.6639, 8.40548, 10.0471, 5.55677 ], 
          [ 14.176, 24.2928, 25.5655, 22.6206, 26.9219, 10.5791, 9.59955, 18.613, 8.70212, 7.67269, 23.6903, 20.8249, 26.6836, 18.969, 14.5845, 23.6303, 19.3638, 16.2176, 22.7457, 8.8479, 12.9656, 25.7612, 15.5671, 21.8147, 26.7441, 10.8607, 26.5778, 25.4189, 2.42605, 11.5853 ], 
          [ 20.4614, 22.1979, 18.7488, 22.8467, 19.8944, 18.5829, 10.2703, 9.91996, 21.4366, 29.0201, 1.03775, 11.2307, 22.8288, 4.82188, 17.9604, 25.461, 3.30727, 23.1964, 13.0264, 21.6311, 27.3215, 25.8567, 9.18379, 12.7883, 3.55297, 22.1184, 12.2745, 26.4176, 25.0907, 6.969 ], 
          [ 7.00318, 3.30448, 11.4656, 27.2554, 10.6703, 8.45355, 1.20819, 6.93747, 25.6239, 4.28074, 25.4361, 18.2119, 27.8872, 21.3735, 20.8347, 8.45544, 24.9318, 19.2441, 21.0267, 3.67062, 2.98643, 7.538, 25.5679, 21.874, 5.88032, 27.0333, 19.9861, 4.00226, 24.3119, 15.8935 ], 
          [ 27.4259, 2.05186, 8.69351, 11.1931, 27.6325, 26.8125, 9.35353, 9.88345, 11.3284, 13.5142, 20.4312, 7.97426, 26.407, 21.2507, 9.06686, 25.266, 10.8466, 3.05808, 9.60839, 28.6048, 1.96002, 3.33107, 8.19745, 10.3565, 10.6579, 9.30409, 7.66129, 12.764, 29.1552, 29.0623 ], 
          [ 28.0152, 21.932, 4.34068, 29.3527, 7.12461, 12.8642, 22.8109, 7.41084, 7.03558, 11.7141, 6.79717, 8.27814, 3.24786, 26.9284, 6.50188, 23.9462, 22.9469, 6.56668, 24.7005, 22.0294, 28.2215, 9.6133, 12.0684, 8.49997, 24.0278, 19.386, 15.7492, 11.8316, 8.43266, 10.6829 ], 
          [ 11.6165, 28.245, 18.3372, 16.8157, 6.08223, 16.9193, 23.1079, 15.7856, 26.7885, 14.0406, 7.97215, 18.3825, 26.5306, 18.0484, 26.8997, 3.55983, 12.8271, 8.21992, 10.9932, 18.6978, 11.0982, 7.36313, 21.0356, 5.89092, 24.1412, 20.7988, 14.4452, 26.6718, 23.5121, 29.2097 ], 
          [ 8.50778, 18.8883, 17.0866, 23.1467, 22.5227, 29.1333, 25.6736, 24.5147, 6.64103, 20.1353, 25.3227, 29.1692, 4.53613, 26.3839, 25.856, 24.077, 14.8887, 11.8217, 20.0503, 2.86834, 28.0857, 1.04223, 9.44339, 29.7952, 12.4762, 5.07914, 13.0676, 25.9234, 9.94772, 11.3176 ], 
          [ 29.0519, 3.71368, 6.85022, 7.9866, 26.3076, 11.7685, 9.79064, 13.7921, 3.63776, 28.1322, 6.94433, 3.78027, 3.02475, 1.52649, 22.2809, 4.56525, 11.468, 3.65115, 3.33988, 1.01132, 12.1086, 14.5261, 16.2558, 19.3911, 15.9554, 14.7068, 13.7049, 11.8608, 26.159, 20.7612 ], 
          [ 13.3288, 17.1628, 17.3727, 24.7375, 21.4136, 28.8021, 18.8358, 23.4094, 5.0944, 17.0281, 17.0831, 25.3828, 16.4096, 25.6399, 14.6981, 8.62997, 6.40385, 28.7092, 18.8357, 21.4199, 12.9207, 17.4981, 15.4578, 24.3883, 1.27762, 4.42139, 18.8223, 4.15099, 1.57047, 11.1737 ]
        ]
      ];
r = [
        [60758.5,51934.3,63728.4,65017.7,56852.4,62742.1,51996.6,63670.9,67552.3,74017,65010.7,50377.7,64229.2,54745.1,62233,81988.5,53890.1,51059.9,61963,65855.5,75468.8,52925.5,59920.4,72309.7,59838.9,80360.6,67240.3,70792.9,52548.2,58565.3 ], 
        [79035.3,63449.1,64950.7,58322.8,64421.8,52905.2,63334.2,78292.4,67205.5,57633.2,57020.6,66255.8,52357.9,55208.9,66070.4,56889,67374.6,63845.4,77698.5,55669.2,58847.1,72025.1,70555.6,72652.4,69133.4,58825.3,75521,57778.1,51458.6,60877.9 ]
     ];
d = [
        [3949.96,88375.9,57735.3,30008.2,80698.1,9597.44,8346.4,38712,61799.8,72253.7,26407.9,77864.2,55824,6692.09,78472.3,71196.6,14078.1,16607.3,84324.3,58526.9,19701.7,11594.9,38501.8,34617.6,69677.6,14380.5,9009.39,11514.1,21969.8,28977.6,33159.3,38171.4,87771.5,7712.64,70261.5,11134.4,55247.2,86613,44677.4,31067.6,13668,30885.5,8030.59,23228.4,66620.6,43384.6,55997.5,46847.8,31407.1,38852.6,67689.5,2448.2,42003.2,85125,22898.2,26534.7,32700.8,58220.1,52973.4,86272.6,3141.54,60667.5,71662.4,49885.5,74725.8,75787.5,81742.6,16079.6,4128.33,5146.96 ], 
        [40521.5,36197.9,80814.3,7030.19,40096.2,67313.5,63446.1,11378.8,36034.5,17166.2,37569.8,14613,49001.3,36817.4,39832.8,24628.1,15318.3,73426.6,63222.7,8697.06,57944.5,2920.5,36494.9,39809.4,51389.8,87063,52047.7,88035.6,80872.5,50717.1,61415.3,23930,16422.6,58286.2,55298.4,73650.7,41060.2,36275,66287.6,79339.5,10902,65128.5,13670.5,8960.35,74217.6,33174.2,48169.1,15647.2,56182.8,18227.3,19297.8,85144.3,62958.5,76918.6,7759.86,34625.7,87930.3,68272.4,43860.1,80626.1,49184.3,55543.3,73979.6,6527.48,10831,29035,69200.6,10784.2,60784.6,81860.5 ]
     ];
