/***************************************
* STOCHASTIC OPTIMITZATION
* OPL S2FVPP Data Generator
* by Jordi Mateo Fornes
* Model = S2FVPP; Stochastic (2S) MIP 0-1;
* Representation = Compact Representation;
****************************************/
I = 100;
P = 30;
C = 70;
G = 2;
p = [ 0.01, 0.01 ];
pc = 0.02;
ORCHARDS = { 1, 2, 3, 4, 5, 6, 7, 8, 9, 10, 11, 12, 13, 14, 15, 16, 17, 18, 19, 20, 21, 22, 23, 24, 25, 26, 27, 28, 29, 30 };
CUSTOMERS = { c1, c2, c3, c4, c5, c6, c7, c8, c9, c10, c11, c12, c13, c14, c15, c16, c17, c18, c19, c20, c21, c22, c23, c24, c25, c26, c27, c28, c29, c30, c31, c32, c33, c34, c35, c36, c37, c38, c39, c40, c41, c42, c43, c44, c45, c46, c47, c48, c49, c50, c51, c52, c53, c54, c55, c56, c57, c58, c59, c60, c61, c62, c63, c64, c65, c66, c67, c68, c69, c70 };
CGV = [ 12.3627, 25.4853, 10.2329, 20.683, 21.6957, 11.0756, 12.6637, 23.7192, 29.747, 24.3349, 1.6333, 4.32544, 17.4201, 25.5003, 10.542, 10.3069, 6.75382, 6.70016, 11.987, 21.4619, 7.0354, 11.8772, 18.5623, 13.2509, 13.4674, 27.7698, 8.32329, 29.4574, 27.4332, 21.3173 ]; 
s = [ 2.84972, 2.63639, 2.93451, 0.881518, 0.485698, 0.306994, 0.525129, 0.687612, 1.28742, 1.62071, 1.89602, 2.57658, 2.98629, 1.68668, 1.96442, 1.15665, 2.91276, 1.99352, 2.48752, 0.680003, 0.552075, 2.98777, 0.270194, 1.38969, 0.820449, 1.419, 0.795921, 2.74378, 2.73897, 28.9432 ]; 
CSV = [
        [
          [ 17.4648, 12.748, 24.7134, 18.7744, 3.79692, 26.4412, 9.90744, 9.57501, 22.8516, 9.63268, 1.49663, 1.0343, 25.3325, 14.605, 6.63212, 27.5744, 25.8846, 14.8812, 15.7131, 19.0032, 17.6878, 24.7521, 10.5869, 5.5487, 7.93495, 25.0671, 14.7498, 2.63324, 15.2914, 24.2187 ], 
          [ 23.8543, 15.781, 4.29379, 3.68608, 16.65, 9.8094, 8.0696, 25.1653, 22.9955, 11.0752, 13.3437, 7.53738, 15.4208, 27.2304, 29.5473, 10.9979, 20.1075, 14.3385, 25.5181, 12.8379, 29.6489, 19.9629, 5.93856, 15.2212, 26.1881, 29.2826, 6.95226, 10.7787, 11.0201, 16.4694 ], 
          [ 1.90812, 9.38483, 25.8887, 3.90135, 29.822, 13.715, 2.70074, 14.2879, 6.58967, 13.4493, 29.4388, 15.7548, 12.4863, 8.46602, 29.1854, 19.4667, 6.89705, 12.8575, 1.29702, 14.0158, 25.1085, 21.1361, 22.447, 22.5875, 24.0028, 26.9852, 5.60996, 27.0048, 6.08208, 11 ], 
          [ 5.19446, 15.0598, 12.7669, 14.3544, 20.5726, 13.8145, 28.1362, 21.7458, 28.7653, 13.1544, 11.0188, 25.9165, 26.753, 29.5349, 4.32996, 27.7715, 27.3477, 22.5483, 28.2347, 2.90858, 21.7509, 16.1779, 26.5254, 16.5731, 8.71922, 23.2988, 24.572, 3.99048, 1.59312, 18.5507 ], 
          [ 15.8665, 21.8191, 26.0662, 17.7122, 20.4745, 4.88752, 18.5947, 21.2823, 11.2073, 19.6322, 8.51748, 20.0524, 29.6991, 17.1173, 22.3383, 5.60778, 10.9891, 10.806, 20.4327, 11.1985, 11.2425, 11.589, 26.8361, 18.7615, 2.18412, 21.6725, 21.7351, 20.0085, 27.4513, 2.07299 ], 
          [ 21.877, 20.7228, 3.1557, 2.80392, 8.48095, 8.36208, 12.5413, 14.537, 8.60321, 22.4782, 29.7098, 13.72, 3.10919, 4.69704, 9.96474, 5.15552, 25.1748, 17.2886, 19.4418, 24.5486, 18.4917, 13.3013, 3.48453, 29.4259, 5.40338, 10.2307, 21.3517, 7.89476, 28.2922, 11.1305 ], 
          [ 27.2382, 20.1197, 9.04464, 17.6171, 12.3409, 7.5377, 9.13358, 27.2591, 6.32606, 13.6092, 23.0991, 8.08619, 29.2121, 2.16311, 8.94624, 3.92103, 16.7123, 8.33381, 15.9588, 4.8232, 25.7113, 15.7994, 13.4157, 14.4014, 12.8487, 19.4888, 12.5419, 22.7245, 17.5895, 13.4837 ], 
          [ 17.7563, 23.44, 14.0415, 24.1774, 9.09603, 15.0609, 17.8687, 4.2696, 2.82124, 26.992, 3.75727, 14.0292, 3.60183, 13.7445, 9.14596, 15.3376, 17.3496, 6.12319, 18.1807, 7.67911, 6.06917, 4.28261, 21.5558, 10.274, 20.4721, 18.8414, 2.46103, 8.6792, 6.92494, 13.1428 ], 
          [ 8.21772, 24.6379, 16.2575, 16.6673, 22.6425, 6.85416, 17.1601, 26.8758, 7.07587, 28.8257, 7.0136, 18.6407, 4.22283, 13.1326, 10.5359, 25.1933, 7.05909, 26.4488, 18.1793, 13.8068, 25.8162, 24.7025, 2.14875, 26.3618, 7.17615, 3.40292, 7.64539, 23.1415, 18.8602, 15.8714 ], 
          [ 22.7436, 3.94223, 4.98172, 29.9834, 3.26703, 2.97506, 24.3263, 23.9554, 17.9528, 20.7216, 17.1323, 19.6055, 29.7518, 28.3292, 7.638, 17.9715, 22.141, 9.02962, 11.739, 26.7465, 10.2556, 24.4514, 14.7644, 23.1951, 19.0671, 8.28305, 15.4846, 8.63061, 15.6637, 5.67931 ], 
          [ 16.4975, 27.7246, 11.3214, 14.6991, 11.491, 29.0038, 15.4609, 20.0055, 11.5556, 10.0581, 16.0646, 15.2038, 22.8863, 12.4832, 3.99955, 22.608, 24.0058, 3.0576, 19.203, 19.9675, 6.63338, 10.8057, 20.5722, 28.2461, 28.5898, 15.7546, 21.4579, 13.5893, 8.23918, 19.2285 ], 
          [ 19.1298, 10.4872, 4.25336, 10.2548, 22.7371, 27.6459, 22.2026, 11.8099, 7.20321, 26.615, 18.3361, 21.9376, 28.3719, 18.5955, 14.7685, 19.0934, 4.8069, 9.14414, 18.8143, 5.80586, 14.1393, 14.5291, 1.09502, 9.81479, 28.4494, 12.8724, 29.2625, 7.83681, 27.075, 25.029 ], 
          [ 2.70821, 10.4472, 22.4168, 19.1073, 2.37271, 29.3657, 2.38651, 4.58911, 10.1999, 9.35277, 23.4267, 5.82704, 12.1144, 1.04922, 3.88966, 17.7851, 4.87894, 2.09971, 28.6403, 11.3335, 22.6995, 28.5098, 6.6147, 26.273, 26.6839, 12.9992, 14.5862, 22.3578, 5.21269, 29.9882 ], 
          [ 11.7154, 6.85265, 5.18353, 3.67476, 5.90428, 12.8238, 5.4696, 24.9028, 3.78758, 29.1937, 14.8511, 24.8397, 9.39461, 27.188, 23.6302, 28.107, 27.3307, 25.6514, 29.4082, 22.4979, 28.3659, 3.84058, 3.32932, 26.3674, 18.9417, 4.31469, 17.7439, 16.5607, 6.91905, 2.15622 ], 
          [ 8.92556, 21.7481, 11.3152, 29.5463, 7.02747, 26.6224, 12.3445, 2.99833, 23.1402, 16.4308, 17.4019, 7.04938, 5.3754, 23.169, 29.8932, 3.43495, 21.3752, 22.0607, 6.55983, 27.7433, 27.1865, 22.6239, 29.4554, 12.6705, 17.709, 10.6076, 12.3174, 16.653, 2.31402, 14.41 ], 
          [ 4.13832, 1.75403, 9.29717, 18.2534, 7.81264, 27.384, 3.91493, 15.2671, 2.86563, 6.84527, 26.136, 12.522, 24.0547, 15.5901, 1.37223, 29.5774, 2.18881, 29.6889, 26.7871, 9.87753, 6.09682, 3.08903, 25.5572, 4.49014, 6.08931, 6.83439, 20.9686, 13.4545, 3.53701, 9.52848 ], 
          [ 1.46429, 24.2546, 20.3329, 19.7803, 3.86423, 11.8393, 4.56949, 20.0738, 17.3863, 26.4688, 28.7702, 13.1018, 9.67238, 20.9074, 18.6221, 22.9288, 3.04577, 18.3395, 7.80119, 16.4531, 27.619, 13.682, 23.0757, 29.4346, 21.4486, 11.2372, 5.31288, 17.8798, 2.94453, 27.9298 ], 
          [ 15.8351, 11.8118, 12.8354, 23.2661, 7.23208, 16.3681, 5.13553, 19.6685, 2.18597, 13.7308, 9.98096, 14.2404, 12.6858, 14.8605, 12.4215, 28.9356, 15.3735, 11.4505, 8.51831, 24.3266, 11.2782, 29.1689, 3.58701, 22.8102, 5.2359, 2.85655, 22.2682, 27.1737, 12.4685, 2.93515 ], 
          [ 26.082, 19.3644, 25.0102, 25.1614, 29.5486, 22.8509, 17.2033, 9.54312, 17.0114, 10.7093, 1.39119, 16.5914, 29.1089, 5.85902, 19.7625, 12.876, 11.6972, 9.28896, 4.22341, 24.565, 15.1223, 7.82616, 17.2995, 14.576, 17.934, 25.8399, 15.7615, 20.8536, 7.6552, 3.47278 ], 
          [ 13.0863, 29.4484, 20.0439, 23.6337, 24.2543, 11.6493, 18.0047, 9.4326, 27.0809, 9.09659, 11.8954, 20.0875, 15.6396, 1.58867, 12.3306, 13.7067, 12.3048, 7.18998, 6.01339, 22.7043, 23.9223, 15.099, 19.3728, 13.3179, 25.9793, 28.9908, 24.86, 27.3138, 22.4444, 20.4791 ], 
          [ 28.0471, 6.41129, 12.7045, 17.8919, 12.4871, 28.2454, 25.4832, 19.9207, 1.44043, 22.2171, 21.4123, 11.8545, 25.7088, 16.3254, 21.4182, 12.9893, 27.5891, 26.8737, 17.3233, 15.445, 17.5232, 15.9251, 29.1673, 19.5627, 10.9291, 10.8401, 7.52356, 4.69223, 18.1654, 7.02428 ], 
          [ 8.12851, 5.68642, 18.8035, 9.19402, 6.11585, 7.51234, 24.447, 16.9491, 23.9117, 13.2349, 1.76555, 19.2194, 10.6381, 9.30349, 8.1516, 3.64569, 11.8802, 5.59409, 25.9685, 20.4008, 21.9621, 1.49793, 13.5876, 4.61925, 24.8825, 20.5826, 19.8629, 10.2747, 9.3028, 25.9069 ], 
          [ 19.1282, 18.6522, 15.5003, 11.3314, 22.4657, 15.984, 10.6555, 11.7543, 25.5924, 10.7066, 18.5389, 6.5827, 25.7251, 26.6994, 18.9121, 24.0182, 28.7369, 8.83822, 16.6894, 8.01967, 2.40925, 5.81752, 3.48548, 19.8815, 18.9296, 20.1589, 7.07517, 1.85898, 23.7784, 1.20947 ], 
          [ 10.9245, 17.4415, 28.5167, 24.5544, 14.0837, 25.6874, 8.85409, 24.9466, 16.1946, 29.784, 24.8685, 20.4539, 18.7269, 5.29285, 26.438, 19.8239, 19.5387, 14.466, 6.10242, 12.5921, 8.3037, 16.0102, 16.6636, 1.65899, 11.498, 2.92108, 2.15859, 13.0722, 22.7899, 9.35251 ], 
          [ 16.4605, 12.8198, 14.9709, 11.5696, 12.6007, 8.11972, 25.3895, 9.52392, 27.8382, 22.3566, 3.21056, 16.718, 12.0457, 20.5234, 25.5482, 6.60876, 28.3685, 23.9388, 14.3804, 12.4933, 19.6059, 25.903, 27.5809, 3.05274, 5.28262, 7.05334, 21.5431, 21.3932, 23.0025, 8.36899 ], 
          [ 18.2508, 18.7455, 25.0341, 29.8688, 8.15619, 6.91134, 27.3503, 12.5779, 13.3421, 18.5354, 18.12, 9.41445, 13.4869, 7.69839, 23.5612, 20.5358, 17.3252, 4.90802, 6.57967, 13.1251, 16.0648, 25.2044, 10.2935, 21.0304, 22.3455, 8.02359, 6.68495, 28.6761, 13.2459, 15.5528 ], 
          [ 6.98989, 19.0253, 9.88768, 21.5317, 9.95256, 13.0385, 20.4664, 17.2405, 14.3078, 8.90723, 16.9443, 6.77005, 28.4381, 12.6733, 13.667, 11.8809, 7.59759, 4.71607, 22.7529, 17.5667, 22.3791, 5.2879, 7.49462, 4.92233, 20.3213, 27.4351, 8.84073, 26.5739, 18.7047, 9.34451 ], 
          [ 12.1889, 11.0903, 23.2169, 1.11662, 14.074, 22.2909, 13.5927, 17.6, 7.17065, 12.9112, 22.1981, 21.3525, 6.70242, 28.0472, 19.7193, 20.5031, 7.89118, 11.9189, 29.0273, 19.7997, 9.16506, 20.259, 10.8963, 6.55228, 9.93187, 27.3032, 19.4962, 24.8768, 28.9449, 12.5203 ], 
          [ 19.533, 7.10552, 15.4559, 29.8407, 28.0288, 29.0762, 21.2875, 15.2872, 6.25466, 22.7379, 13.317, 10.5904, 17.4932, 14.0552, 17.533, 6.50625, 13.0745, 24.1098, 1.74091, 1.96731, 12.1052, 17.0173, 14.3243, 19.0219, 29.3255, 1.64183, 14.8749, 14.6723, 17.603, 4.77985 ], 
          [ 27.1215, 17.7846, 2.83922, 5.03711, 14.5088, 16.5102, 15.3661, 29.002, 6.38523, 11.2604, 11.0865, 16.8685, 11.0293, 8.684, 12.1384, 4.25894, 2.18172, 21.7087, 19.7471, 12.7472, 13.0621, 28.3214, 29.8193, 20.0739, 5.41277, 16.2206, 13.9349, 27.7292, 29.4363, 7.67832 ], 
          [ 14.7047, 9.23285, 29.8749, 14.9827, 17.281, 1.28288, 18.1761, 8.21266, 22.8487, 27.1441, 21.6146, 7.11294, 10.1747, 4.93111, 13.6042, 1.91404, 12.2832, 8.69113, 28.2513, 1.77007, 29.7522, 20.7556, 13.1377, 20.6437, 26.6742, 28.3436, 2.39113, 16.1135, 25.0049, 14.1635 ], 
          [ 23.9403, 12.5446, 21.4402, 16.2311, 13.9619, 10.503, 27.4369, 17.1953, 15.8644, 26.8259, 13.113, 10.4874, 26.3573, 16.814, 20.6635, 23.4552, 25.1431, 1.12068, 24.9948, 9.14376, 20.3906, 5.55017, 15.412, 4.82769, 29.0032, 8.74566, 27.4448, 19.4482, 3.49021, 1.65402 ], 
          [ 23.1775, 21.6128, 11.6582, 24.5747, 12.4464, 14.2477, 23.6816, 9.90422, 28.2246, 3.08955, 28.4187, 7.98122, 27.7168, 13.4065, 27.921, 12.2215, 26.3554, 12.7431, 17.4006, 21.2581, 16.2273, 27.7451, 14.025, 19.561, 12.2278, 2.46748, 29.7982, 4.3957, 12.6676, 29.8137 ], 
          [ 3.93402, 14.3382, 18.784, 13.881, 15.8107, 23.6479, 6.67896, 21.974, 13.5677, 15.3938, 29.7733, 23.2565, 20.5745, 17.4019, 4.20727, 15.6707, 5.13403, 10.0098, 25.5565, 6.5788, 22.2604, 13.8443, 15.1069, 25.6772, 21.9211, 23.4262, 11.7432, 10.8789, 29.4937, 9.35044 ], 
          [ 15.959, 1.51497, 20.7336, 8.54066, 28.4567, 3.60597, 8.20676, 25.7753, 29.08, 9.41934, 23.4412, 5.55781, 24.6762, 27.3332, 29.751, 15.71, 7.21508, 1.64281, 4.80623, 27.0654, 3.51574, 27.9012, 15.3552, 23.6333, 4.36993, 18.4465, 18.3696, 2.19621, 18.6935, 15.9519 ], 
          [ 3.18049, 23.5314, 27.4918, 10.9678, 13.9811, 7.73899, 10.3894, 12.677, 5.93183, 17.8949, 3.00598, 13.4522, 12.0834, 11.017, 16.9969, 4.38803, 10.6551, 20.9045, 23.5321, 29.2377, 2.77506, 22.7893, 25.3788, 13.1634, 23.9563, 11.3068, 7.94504, 8.34316, 16.522, 4.93734 ], 
          [ 3.01968, 13.1415, 14.3137, 10.6962, 28.8617, 15.8777, 8.03613, 29.1485, 15.6412, 6.7362, 22.5085, 6.59311, 29.8443, 4.39186, 26.2748, 23.278, 5.00051, 7.51569, 16.7006, 22.843, 26.8485, 9.08164, 23.1091, 6.49001, 3.69753, 29.5159, 21.4589, 10.5502, 23.017, 17.9161 ], 
          [ 23.4958, 22.3982, 6.58696, 21.4357, 21.3703, 1.36831, 7.20119, 23.4221, 5.49423, 19.4841, 22.5144, 19.1817, 25.4659, 9.72373, 4.78653, 13.9973, 3.92406, 23.2099, 23.6124, 23.4995, 2.21587, 15.9997, 27.4708, 22.7321, 27.8878, 12.7904, 28.837, 14.2269, 26.5696, 7.44902 ], 
          [ 10.5999, 22.3936, 1.43086, 2.5934, 7.39136, 26.951, 10.096, 5.12959, 8.62205, 18.8612, 11.4361, 28.766, 5.44765, 11.2697, 8.81843, 23.7029, 29.8435, 29.5612, 24.5324, 29.5621, 14.1171, 20.0522, 18.6852, 3.17275, 9.7331, 28.4034, 5.13553, 5.65473, 13.9841, 7.88821 ], 
          [ 24.3828, 9.85418, 27.3192, 15.4616, 9.24444, 22.729, 1.08807, 21.0573, 4.49504, 2.50343, 2.84497, 19.7792, 27.6554, 23.1515, 9.59577, 16.9863, 15.2668, 25.772, 6.04659, 27.9658, 4.39154, 26.5403, 20.1895, 18.7346, 18.809, 1.28241, 18.6801, 10.9732, 17.4651, 28.1845 ], 
          [ 2.84211, 19.7752, 3.61724, 6.02277, 12.554, 1.84106, 2.63339, 11.7472, 25.1507, 26.1331, 23.6943, 12.14, 19.2328, 16.8814, 25.698, 3.52352, 26.5365, 8.00162, 18.444, 21.5664, 3.47198, 19.2226, 8.55685, 13.5155, 5.49677, 22.0415, 25.5193, 29.8617, 1.44597, 28.7628 ], 
          [ 2.01527, 10.4935, 23.6904, 3.686, 10.9467, 20.3087, 17.3379, 26.1806, 16.7771, 17.8866, 25.5607, 24.8249, 18.6209, 23.2844, 25.7022, 2.62593, 4.93512, 13.7469, 26.9127, 25.9384, 26.5646, 11.9974, 26.3467, 7.16377, 5.4881, 9.26123, 14.7906, 17.9962, 5.74579, 20.4082 ], 
          [ 17.6388, 3.71946, 7.77993, 6.87909, 28.4024, 7.05528, 8.15308, 24.32, 29.6268, 18.9644, 27.6396, 17.5087, 10.7015, 28.3051, 11.7708, 8.41074, 19.9773, 27.8075, 21.7898, 19.6339, 14.955, 24.7993, 3.84915, 17.698, 21.5467, 21.358, 7.07582, 17.4227, 28.0523, 15.3344 ], 
          [ 20.2165, 19.0246, 16.552, 1.81331, 5.59676, 29.4667, 13.3132, 13.1412, 24.8991, 22.1601, 8.70495, 7.50068, 8.6708, 17.896, 21.8703, 16.4277, 4.20767, 28.4102, 12.5132, 2.02402, 29.839, 19.7033, 3.71572, 1.56214, 10.282, 23.363, 21.8668, 2.53739, 24.3088, 4.50812 ], 
          [ 17.2765, 13.6984, 27.4825, 9.68884, 21.6249, 9.85313, 16.3354, 14.2294, 25.7867, 26.0924, 15.2747, 4.56146, 29.3679, 10.3956, 18.258, 24.7138, 4.46428, 27.581, 24.8555, 6.50647, 14.342, 12.2427, 12.1165, 10.2984, 10.9338, 18.8919, 17.3044, 9.53407, 21.1566, 28.0634 ], 
          [ 26.6116, 14.7202, 11.0236, 8.87198, 26.7973, 28.5274, 2.04423, 25.9953, 3.09098, 12.2125, 23.9845, 3.42057, 23.3209, 15.3259, 19.8208, 9.10589, 4.23519, 25.5955, 10.0939, 10.1364, 24.6688, 11.6364, 17.319, 11.6925, 7.5164, 13.4426, 22.7543, 5.19137, 17.3208, 18.6526 ], 
          [ 15.224, 17.9949, 7.19083, 19.2721, 7.69927, 1.11243, 16.7451, 7.6531, 26.3833, 24.7197, 10.3254, 10.7395, 4.85685, 12.7565, 18.0304, 9.70082, 5.47482, 1.56022, 7.43564, 3.42406, 29.7581, 7.68073, 22.0808, 24.8236, 14.0351, 20.836, 27.348, 7.25115, 2.95759, 4.3101 ], 
          [ 19.1647, 22.0138, 8.45177, 11.9458, 7.24251, 3.91349, 29.1655, 10.1296, 12.8561, 27.4856, 17.9146, 13.0968, 16.2227, 23.4254, 27.0762, 21.776, 19.9408, 12.6846, 17.9629, 7.02124, 16.8794, 2.77251, 2.92786, 22.0042, 14.3065, 5.29304, 24.5059, 28.9241, 28.9938, 6.49423 ], 
          [ 11.4923, 4.24757, 9.6326, 11.9788, 13.7657, 28.6079, 1.28111, 28.0972, 29.3017, 23.4127, 3.98934, 15.8763, 9.90022, 28.5454, 10.6052, 13.5674, 1.56397, 3.60032, 28.6616, 12.1599, 26.1768, 28.267, 12.1409, 8.09718, 1.50319, 5.72476, 1.096, 6.27672, 5.98408, 26.7832 ], 
          [ 26.8266, 11.0951, 3.77387, 20.293, 13.3671, 19.4871, 5.67705, 3.77834, 27.4149, 29.6655, 16.3705, 4.66565, 24.6585, 24.8458, 19.3, 5.93889, 2.8669, 6.58952, 5.86719, 17.5771, 16.3753, 15.7494, 17.0805, 21.6715, 10.5383, 5.81729, 15.35, 29.4896, 7.49577, 9.40457 ], 
          [ 20.342, 29.2906, 29.7979, 12.7694, 20.7464, 2.55591, 11.3125, 15.8943, 26.7816, 26.6575, 28.9233, 2.11414, 27.3541, 26.3179, 8.7683, 23.5495, 23.7727, 13.7438, 6.21077, 15.9352, 13.4259, 27.7698, 6.2822, 8.91748, 10.6193, 17.2186, 8.91795, 3.22179, 3.77603, 2.64776 ], 
          [ 9.61003, 11.7765, 16.3101, 8.22189, 14.2723, 22.0484, 20.0018, 7.16663, 5.62817, 25.0021, 4.04022, 3.71119, 4.79632, 26.851, 4.36814, 2.42654, 13.1624, 27.5959, 5.33215, 5.98894, 7.97974, 1.57503, 29.2496, 14.2814, 18.6935, 4.38741, 10.6265, 8.86556, 12.0121, 6.87674 ], 
          [ 4.18499, 10.023, 8.81319, 12.3667, 15.9985, 20.0312, 20.5678, 13.1513, 8.24055, 6.17742, 11.1843, 22.211, 28.4527, 1.55904, 25.9571, 22.2336, 28.6541, 14.4284, 20.5365, 5.36942, 10.2738, 1.72372, 6.695, 16.0444, 9.93681, 27.219, 13.461, 12.0521, 10.4316, 4.21999 ], 
          [ 24.8391, 11.5931, 28.5855, 24.7158, 22.2452, 1.95168, 22.8377, 13.2915, 22.599, 27.5504, 11.6085, 18.692, 14.0938, 20.5841, 16.1728, 5.16432, 10.7123, 26.1407, 18.532, 28.7093, 6.81142, 25.3916, 6.60814, 4.52521, 12.0661, 25.1537, 23.0973, 26.12, 17.0947, 23.6989 ], 
          [ 28.7128, 28.9152, 17.0579, 8.63021, 7.01092, 24.0063, 4.07492, 20.4756, 22.1135, 6.92581, 28.185, 26.8123, 25.098, 15.0374, 6.41965, 20.429, 4.66321, 14.6725, 13.6007, 29.41, 2.3668, 6.95082, 2.24306, 17.1544, 7.4511, 2.04609, 20.8251, 29.5839, 23.5338, 9.41126 ], 
          [ 12.0403, 28.0559, 1.80597, 17.181, 10.094, 18.3943, 10.4176, 12.6568, 26.586, 24.8463, 27.6798, 19.6204, 16.241, 3.61888, 2.83536, 15.7268, 24.1845, 23.6323, 9.13265, 24.2357, 14.5472, 18.6913, 15.5828, 12.5383, 23.2579, 28.173, 21.4001, 10.8836, 11.0747, 22.4893 ], 
          [ 20.8508, 29.9882, 22.6303, 2.99582, 25.2538, 24.2977, 9.73394, 24.9777, 8.65534, 4.06098, 23.1674, 17.8322, 16.8975, 7.3666, 19.859, 10.6953, 19.2061, 29.3971, 2.1655, 20.9888, 16.7574, 28.9208, 19.2593, 5.58669, 3.51434, 17.9895, 7.41164, 26.9011, 27.5207, 13.7013 ], 
          [ 25.7675, 26.7862, 18.8522, 3.86993, 7.43846, 13.3405, 19.8269, 13.3624, 8.30553, 12.735, 2.15511, 23.9391, 1.80473, 24.2695, 14.426, 28.7816, 1.52255, 6.16862, 5.74737, 13.7998, 15.1537, 14.378, 4.72983, 8.17091, 15.6549, 22.6718, 24.5897, 25.4909, 7.51575, 2.66603 ], 
          [ 26.3774, 14.7311, 27.5195, 6.4032, 13.5184, 13.941, 24.6849, 3.30285, 5.60776, 23.0479, 26.9768, 15.9115, 15.644, 10.2282, 3.62207, 29.1953, 27.6631, 8.34803, 29.9535, 21.4472, 8.06742, 6.29748, 26.176, 26.7387, 17.9188, 2.89632, 6.64645, 16.2767, 28.0369, 19.862 ], 
          [ 6.9883, 3.37113, 7.67466, 11.9378, 24.8099, 21.7228, 27.4796, 18.5949, 20.5049, 7.76015, 6.03667, 27.7867, 9.97273, 16.0384, 13.3423, 13.7204, 5.57423, 14.0914, 26.5768, 5.99947, 7.21487, 13.4366, 4.95667, 14.686, 2.07014, 1.12182, 13.1808, 8.11977, 8.35677, 7.97338 ], 
          [ 16.0965, 11.1468, 7.83025, 29.5402, 2.5142, 20.198, 28.4677, 7.84531, 15.6595, 22.8785, 8.35601, 7.63897, 14.0959, 5.0253, 20.5233, 4.97468, 2.33515, 6.132, 7.13458, 8.56286, 12.8805, 14.6562, 21.2111, 19.7991, 14.1195, 20.8524, 23.5667, 26.628, 6.2526, 9.47728 ], 
          [ 3.65047, 5.80138, 16.5616, 7.50851, 8.33841, 18.1712, 4.4007, 9.70048, 2.13259, 15.3311, 16.8865, 3.39484, 11.1853, 11.8701, 28.4404, 14.2299, 13.732, 13.6568, 17.8838, 12.5499, 27.3236, 2.13067, 2.92064, 21.9923, 26.691, 16.8927, 24.92, 10.8965, 1.2138, 9.83922 ], 
          [ 4.77125, 15.8571, 12.8764, 15.9657, 17.9605, 24.5738, 14.6337, 15.5251, 3.2957, 20.1531, 5.85877, 23.0961, 10.7437, 29.1946, 8.04809, 12.0967, 22.2097, 10.4673, 2.59078, 1.38308, 11.7718, 2.52863, 2.46415, 11.6534, 2.39927, 29.2372, 9.48764, 6.09228, 22.0805, 16.5727 ], 
          [ 24.6713, 14.1993, 18.5364, 23.1428, 5.20576, 12.6689, 27.3854, 14.0489, 5.42215, 7.16889, 24.3137, 28.9652, 28.7422, 29.6986, 16.1345, 12.2082, 21.628, 2.1692, 18.0206, 6.99092, 9.52548, 26.3952, 25.3602, 26.694, 25.542, 1.55119, 26.1334, 6.57824, 6.53442, 11.3915 ], 
          [ 21.8157, 10.0387, 14.9258, 26.5741, 1.06064, 2.56576, 2.17499, 10.4594, 12.4982, 1.48817, 15.3772, 23.1103, 7.63577, 19.3967, 3.52344, 4.56686, 23.9726, 28.0254, 6.68406, 22.5784, 8.71211, 19.2947, 15.4255, 24.5696, 1.71894, 22.8723, 22.004, 12.7415, 11.8649, 1.64983 ], 
          [ 29.4464, 7.27683, 23.9978, 3.47157, 24.8104, 10.9235, 18.4704, 13.3014, 20.062, 12.1285, 29.4622, 12.7835, 2.18947, 20.0319, 10.6331, 15.3795, 10.7303, 11.7551, 13.8526, 15.4851, 23.6771, 15.1895, 19.1724, 5.64284, 23.6226, 3.13077, 17.9462, 5.43458, 29.7847, 26.6189 ], 
          [ 25.8875, 2.49885, 11.7688, 13.9701, 16.501, 7.18737, 14.1649, 28.2685, 28.0527, 26.2505, 4.64099, 26.8323, 10.5189, 8.68452, 2.13014, 10.5757, 22.3752, 26.5051, 17.4693, 6.02676, 6.65512, 29.1024, 26.3331, 22.4345, 8.57956, 25.6942, 28.6543, 9.61339, 7.99077, 10.0463 ], 
          [ 23.3636, 29.0248, 19.3487, 8.94517, 26.5683, 7.99689, 8.95152, 29.0488, 7.54764, 16.1353, 22.9024, 27.5361, 22.3365, 27.8391, 23.3905, 2.81576, 12.1059, 17.9368, 15.0768, 16.3704, 17.3803, 20.0388, 12.4972, 15.1846, 9.8023, 21.9491, 16.9279, 22.2082, 3.9228, 28.0713 ], 
          [ 14.5079, 21.2812, 5.82164, 7.3005, 25.6796, 11.2367, 14.4639, 29.4057, 18.2823, 16.039, 27.4708, 4.4701, 29.387, 15.9965, 14.7318, 4.94092, 22.7086, 29.3024, 14.3253, 5.53602, 7.10067, 12.0268, 27.9104, 25.1414, 4.01226, 14.6991, 25.933, 15.9912, 5.1346, 21.7143 ], 
          [ 13.5482, 20.4535, 9.84732, 27.782, 2.48055, 12.1195, 18.4887, 26.6769, 10.2887, 29.0487, 2.35777, 2.34283, 25.6454, 5.73495, 3.47418, 9.48325, 28.4331, 24.7102, 21.6866, 4.26593, 15.5195, 9.93273, 23.071, 26.6388, 21.2916, 29.6343, 25.9779, 12.9911, 18.0254, 24.1126 ]
        ], 
        [
          [ 28.6448, 6.01918, 9.82166, 8.56066, 12.6475, 15.7166, 22.0585, 9.15354, 8.45717, 11.5643, 28.6071, 27.539, 17.9762, 15.5532, 28.9153, 3.76816, 26.3367, 3.86676, 8.91924, 29.3253, 25.7503, 19.964, 26.7024, 19.8216, 4.23503, 11.392, 28.9554, 1.34493, 12.707, 6.28949 ], 
          [ 23.7487, 27.2277, 16.6464, 27.723, 26.6929, 22.9748, 13.2066, 15.7051, 11.592, 20.9582, 2.4826, 18.1038, 6.25517, 26.688, 8.42935, 12.1854, 20.4512, 8.24988, 24.7758, 13.9615, 13.7784, 10.4445, 28.9009, 17.097, 3.88565, 10.9657, 11.1973, 12.5914, 8.10536, 5.71229 ], 
          [ 11.663, 3.02527, 28.8378, 25.5515, 18.7972, 9.55024, 27.0573, 17.5931, 28.7675, 23.6519, 25.1045, 24.7372, 1.29165, 14.3364, 6.1251, 1.29902, 24.4904, 29.0628, 29.1378, 23.8047, 25.5985, 11.8089, 2.14418, 12.5087, 7.3746, 3.03185, 22.4319, 25.9016, 27.5707, 22.7149 ], 
          [ 24.5627, 4.96857, 29.1896, 18.473, 11.9481, 7.41848, 5.27426, 10.2637, 25.5924, 19.7464, 21.3611, 25.1624, 4.55899, 5.69099, 9.13395, 16.2447, 11.4903, 24.1282, 11.4924, 14.4159, 22.4311, 29.4625, 2.16735, 28.623, 29.1795, 12.5007, 8.47976, 21.5775, 20.5333, 24.5234 ], 
          [ 25.9674, 6.05689, 12.6908, 2.56679, 2.04786, 10.8132, 4.35976, 12.5558, 20.7838, 18.8417, 10.0623, 1.63218, 18.9661, 27.0975, 21.0647, 24.7475, 13.3684, 15.0285, 20.677, 8.58906, 26.1196, 9.89335, 21.1877, 8.91348, 7.18085, 10.8397, 12.158, 22.554, 18.4672, 3.24315 ], 
          [ 7.38285, 13.6247, 5.38414, 24.1672, 21.4827, 26.0272, 7.81256, 12.9983, 29.92, 17.8411, 21.4664, 8.19548, 9.14843, 5.3635, 2.41689, 14.5928, 29.5866, 11.5867, 29.6375, 14.2218, 14.4352, 10.8932, 10.1994, 12.7343, 20.6207, 4.4512, 28.3838, 9.17834, 17.1512, 7.29444 ], 
          [ 16.9726, 9.33351, 9.27035, 18.3091, 18.3864, 11.3912, 24.1261, 27.5302, 23.631, 26.9292, 23.5507, 13.9382, 22.0547, 17.9728, 9.43818, 21.1596, 27.4208, 11.6928, 18.6039, 23.2986, 17.6557, 12.1771, 28.1204, 23.7984, 23.3041, 5.15466, 19.752, 2.0556, 28.0179, 12.6411 ], 
          [ 21.3751, 24.7776, 29.9868, 17.1981, 14.8152, 5.97157, 7.2471, 6.48879, 16.2834, 6.77456, 17.3179, 25.1484, 23.2249, 17.8552, 7.08239, 12.8864, 23.5109, 24.8282, 24.461, 3.18094, 18.4571, 29.8333, 28.4876, 12.36, 26.0746, 27.613, 5.90215, 28.2012, 21.8489, 4.26457 ], 
          [ 17.6004, 22.3287, 24.8358, 23.38, 18.2439, 13.8571, 13.6678, 24.1272, 8.64131, 3.65475, 11.4136, 9.83817, 5.97697, 24.2858, 25.2481, 19.7386, 5.85085, 15.5181, 2.20896, 23.7951, 20.3823, 22.6328, 17.7481, 7.13218, 2.57742, 7.83275, 26.9077, 20.7266, 4.62094, 11.6466 ], 
          [ 8.02204, 23.5324, 24.4173, 21.0168, 26.6958, 16.7594, 2.27727, 29.2076, 20.8462, 27.2415, 10.0809, 19.2571, 7.77304, 22.7064, 24.8112, 22.2481, 10.698, 15.4027, 7.51938, 7.32796, 27.7988, 4.84201, 19.9026, 17.8181, 1.82881, 24.5863, 8.23331, 23.1929, 26.9069, 15.782 ], 
          [ 18.3673, 27.7246, 6.95251, 22.7488, 24.9233, 15.0783, 29.7884, 7.90434, 9.09951, 3.46831, 5.77303, 22.041, 26.5984, 19.5353, 11.5551, 20.0056, 12.129, 27.7988, 8.94415, 26.66, 2.91426, 2.11709, 22.6355, 11.1179, 5.60106, 24.2094, 27.0141, 11.2464, 26.1147, 10.3758 ], 
          [ 19.4921, 20.3668, 10.1685, 5.91066, 24.4801, 28.5452, 22.7873, 23.1483, 12.079, 5.08355, 23.7074, 5.81355, 26.507, 13.7196, 20.5789, 28.5905, 22.5343, 11.6775, 9.0653, 8.91598, 11.069, 11.355, 19.8448, 27.6302, 10.7232, 18.1661, 8.01993, 16.5511, 4.7509, 19.2588 ], 
          [ 18.8245, 11.7465, 12.9189, 21.5544, 4.45351, 22.861, 5.66472, 11.4816, 12.6088, 2.40265, 24.4183, 11.0089, 7.70772, 27.8836, 5.54446, 5.54227, 5.50068, 26.6701, 24.0796, 18.5438, 4.70043, 18.6252, 10.9068, 3.88324, 6.54237, 13.1238, 8.34843, 26.0086, 18.3513, 21.2978 ], 
          [ 18.1172, 2.96427, 16.6435, 4.40862, 9.27653, 13.6864, 19.641, 23.504, 6.95377, 18.8953, 4.35273, 20.5842, 21.3319, 27.8543, 25.9603, 12.4325, 2.12928, 17.66, 16.776, 23.8595, 18.2089, 22.3929, 20.7936, 12.6178, 17.3758, 3.13599, 8.24452, 26.9054, 21.4678, 27.45 ], 
          [ 23.422, 4.92625, 28.9559, 1.40517, 29.4347, 25.6252, 27.4922, 27.5119, 22.8224, 1.36892, 23.8135, 29.9623, 9.65001, 11.9803, 6.55855, 15.4921, 8.82136, 28.7907, 24.4878, 28.0285, 28.3385, 3.50029, 29.6974, 11.2349, 9.82701, 8.48219, 8.51996, 23.5931, 23.7252, 17.6528 ], 
          [ 12.5405, 5.2489, 23.2893, 4.22717, 28.5149, 24.3417, 13.5168, 26.9339, 17.7702, 14.7873, 12.8819, 29.9301, 23.9649, 26.6887, 29.6619, 14.8174, 7.14168, 25.054, 7.98337, 2.38699, 12.6414, 12.0697, 25.0439, 26.6731, 27.0709, 22.2418, 19.9126, 1.89603, 15.352, 24.9181 ], 
          [ 15.6195, 23.844, 2.02521, 15.016, 17.1695, 19.5169, 17.9192, 13.9177, 20.6711, 14.1962, 4.1675, 4.37349, 25.926, 1.19198, 25.9101, 21.033, 3.59653, 6.28908, 4.43321, 9.13926, 5.9271, 14.1067, 13.5753, 5.06614, 11.8539, 27.0101, 17.2106, 10.0984, 15.8513, 6.78681 ], 
          [ 9.79698, 3.811, 10.1222, 8.24483, 23.042, 24.2544, 14.1668, 11.3515, 11.1352, 5.27135, 5.15059, 9.05809, 11.0405, 3.75487, 25.1464, 24.9759, 12.8768, 6.68942, 11.1569, 9.65584, 23.2698, 9.35856, 2.63275, 26.6196, 18.9872, 28.1269, 25.6622, 19.4141, 13.2959, 2.47527 ], 
          [ 26.5184, 14.3661, 16.0512, 21.0393, 17.3402, 22.0584, 6.64517, 13.3629, 17.7893, 28.089, 1.0012, 20.6091, 18.1477, 2.09761, 13.8684, 9.47272, 25.8823, 7.79088, 24.4065, 19.9762, 13.6895, 23.77, 6.431, 28.9976, 18.4062, 28.3376, 21.0912, 16.1334, 25.2967, 7.16981 ], 
          [ 18.9622, 24.3839, 5.18048, 27.4926, 7.0848, 25.7853, 4.9183, 4.69881, 9.60776, 17.0218, 9.20589, 10.8793, 9.90214, 1.62064, 9.8957, 18.6576, 12.2722, 29.365, 24.0924, 25.0751, 24.4426, 27.6193, 19.801, 16.7644, 8.8435, 14.3793, 5.82938, 22.7163, 2.14882, 25.0156 ], 
          [ 28.6145, 29.8915, 4.29458, 17.7921, 29.9635, 4.73412, 6.26462, 10.1423, 28.3229, 5.036, 23.1831, 22.5342, 25.8844, 15.5487, 4.93383, 9.52313, 27.4185, 14.4334, 16.4454, 10.3382, 26.7306, 12.5404, 13.0404, 19.0699, 25.093, 16.2356, 25.9662, 23.4598, 4.36272, 7.29293 ], 
          [ 9.7732, 11.1907, 27.0292, 11.2525, 12.2308, 11.183, 2.26068, 16.6145, 19.8871, 23.7971, 25.7624, 1.55606, 13.8706, 16.3071, 28.4211, 6.88717, 29.186, 22.7094, 23.4336, 4.99591, 10.3425, 13.7479, 26.292, 16.2616, 5.41988, 8.9724, 3.28784, 13.6627, 4.35907, 29.8575 ], 
          [ 15.5908, 2.54389, 19.0577, 21.3108, 2.99938, 25.1041, 9.51838, 20.7482, 16.943, 29.0878, 6.04343, 2.06402, 26.757, 11.4103, 3.61529, 14.8624, 9.40675, 16.8212, 12.5481, 18.8121, 12.8737, 16.4036, 4.5866, 3.16749, 29.2112, 10.2606, 29.8845, 5.33337, 5.31041, 16.138 ], 
          [ 23.5693, 27.1688, 26.0214, 16.7754, 14.459, 6.90986, 19.6465, 7.9795, 16.5538, 11.9676, 23.1244, 5.16908, 21.3433, 11.4734, 18.0945, 22.9098, 7.43467, 12.8478, 5.58046, 2.13615, 21.9388, 21.0866, 24.942, 7.04878, 1.16936, 10.2888, 28.3675, 1.25822, 28.9316, 20.4061 ], 
          [ 3.77939, 12.4222, 28.8726, 9.69108, 15.75, 15.2241, 28.5507, 15.8336, 4.84375, 24.1567, 27.5236, 18.467, 6.81268, 28.3409, 21.5845, 11.2711, 13.3988, 27.9388, 27.4273, 3.22672, 17.3227, 2.59653, 9.5038, 26.6417, 28.7579, 10.469, 14.6763, 25.2243, 10.2125, 14.6575 ], 
          [ 28.9774, 20.1888, 29.7325, 15.3121, 26.5215, 24.6882, 27.4693, 10.664, 15.9654, 4.39825, 26.1798, 18.3169, 24.6208, 24.1231, 17.434, 23.4644, 23.0328, 21.5078, 19.0113, 18.5313, 24.4388, 25.2723, 20.4973, 10.3225, 5.65171, 10.2125, 14.2892, 14.2244, 6.76261, 18.8945 ], 
          [ 10.3775, 16.2938, 27.1146, 1.97121, 12.491, 3.49115, 12.8255, 15.4787, 23.4753, 28.4415, 12.8782, 1.76184, 24.43, 14.8923, 17.8089, 20.7696, 18.2158, 27.8557, 5.48682, 8.04558, 3.22006, 10.8496, 6.81964, 20.3686, 5.02902, 23.5061, 17.8104, 20.4814, 8.67202, 28.2885 ], 
          [ 12.5518, 11.0815, 3.51402, 15.7758, 2.15889, 6.25602, 8.05928, 16.1521, 9.63348, 25.3228, 4.68324, 15.4416, 22.0001, 6.12715, 21.171, 20.5949, 9.52974, 5.74885, 21.3676, 28.0494, 10.0453, 22.6244, 19.2612, 26.0908, 13.1108, 3.00346, 27.4078, 23.1221, 21.0271, 20.4607 ], 
          [ 17.7568, 25.3645, 27.6652, 14.463, 11.2101, 21.8088, 2.17202, 22.1522, 1.67657, 21.9891, 8.52541, 6.63249, 6.21477, 23.6064, 20.0523, 9.97655, 12.2023, 24.9936, 28.3156, 20.1972, 24.8484, 20.8895, 27.9739, 29.1958, 29.6022, 18.4368, 28.9369, 22.9429, 22.5187, 26.7988 ], 
          [ 20.9674, 13.2267, 25.6139, 25.2012, 5.59649, 18.5752, 8.19247, 18.7656, 11.8594, 16.9376, 12.1698, 26.9355, 23.2253, 13.0993, 22.983, 20.1617, 9.00044, 20.372, 29.9112, 20.8044, 2.3054, 23.6147, 16.4899, 14.8117, 2.734, 22.9249, 5.14922, 16.8686, 19.4133, 3.29664 ], 
          [ 9.54552, 20.6537, 5.29555, 13.8814, 3.99435, 17.0613, 19.1703, 19.7094, 8.16909, 23.954, 23.7539, 13.2432, 7.67572, 10.2885, 7.5444, 20.0155, 4.34132, 29.9655, 4.32925, 18.8046, 13.0467, 4.40327, 24.2405, 13.6382, 19.7738, 13.9116, 1.18613, 21.4388, 5.8312, 23.2003 ], 
          [ 1.53483, 29.2044, 22.1718, 12.4323, 2.22169, 19.9675, 20.8032, 14.3878, 8.00399, 23.6084, 4.77189, 9.53109, 11.8315, 19.5452, 9.7338, 25.8257, 21.5601, 18.6022, 23.5894, 9.9581, 2.1641, 3.6746, 7.0499, 2.02385, 3.49136, 16.4715, 18.8019, 24.082, 16.1997, 29.9557 ], 
          [ 7.60111, 7.55998, 28.4322, 24.2414, 26.1559, 19.6367, 18.2855, 21.3202, 15.0917, 13.0434, 15.5198, 9.22443, 1.90899, 20.3757, 23.5059, 10.7426, 26.914, 28.5738, 12.6082, 3.95158, 29.405, 17.4989, 6.98914, 2.24327, 5.0885, 23.8953, 12.1837, 15.9242, 1.55277, 9.08915 ], 
          [ 21.5155, 1.43111, 2.42939, 11.04, 25.1716, 25.0033, 8.85908, 13.796, 12.2624, 19.2636, 22.8042, 21.2861, 17.867, 26.8937, 9.27939, 16.8601, 16.1955, 27.3507, 17.662, 16.6433, 19.8048, 23.3551, 4.81984, 7.8087, 19.692, 18.0247, 26.7855, 29.9816, 7.44944, 29.8347 ], 
          [ 19.1857, 6.47033, 14.973, 15.5174, 22.4535, 24.2806, 8.26762, 15.8393, 8.18739, 13.9683, 5.8224, 17.5266, 14.4472, 28.6363, 23.9899, 14.4176, 15.343, 28.8256, 11.7108, 6.98882, 14.2801, 24.7142, 25.3619, 18.3213, 28.5485, 1.60138, 14.1673, 27.8594, 1.66149, 16.1218 ], 
          [ 19.356, 10.8912, 6.95112, 29.4861, 22.7261, 11.1571, 21.0563, 19.4723, 22.245, 4.01985, 5.4401, 4.95734, 19.244, 6.0658, 13.7626, 19.0677, 6.93636, 27.0319, 29.2434, 6.9106, 12.5131, 25.9711, 21.3353, 20.3738, 3.46087, 20.0342, 7.7402, 2.19778, 20.2586, 6.87913 ], 
          [ 2.02234, 14.5485, 18.617, 3.58426, 9.42121, 10.1428, 26.2059, 9.52107, 24.5839, 4.50575, 22.6841, 4.77311, 9.30614, 11.6652, 6.60931, 8.56386, 3.25001, 8.67353, 24.6891, 11.5766, 22.905, 15.5301, 14.1164, 27.4223, 8.37016, 14.6603, 12.3277, 24.8544, 21.0864, 26.4006 ], 
          [ 11.5955, 17.1762, 25.2589, 11.4027, 5.97083, 13.3172, 18.7659, 12.7731, 15.7825, 17.8171, 23.8103, 24.8226, 11.9443, 5.29826, 1.8083, 15.3567, 22.8561, 27.4218, 9.83667, 29.1782, 19.5247, 15.1529, 28.5962, 17.5293, 11.6053, 4.9298, 15.9264, 6.61278, 5.28078, 5.26937 ], 
          [ 15.7492, 2.20666, 6.85854, 29.8763, 3.0347, 26.4219, 1.67208, 9.14301, 23.4626, 12.7425, 12.2775, 13.1881, 21.8279, 13.2013, 9.2675, 18.043, 22.7816, 25.7548, 2.28329, 9.51966, 16.1789, 4.13028, 14.0163, 29.8751, 24.4644, 1.76751, 15.585, 8.62919, 26.0849, 23.2928 ], 
          [ 18.5756, 13.7156, 17.2774, 27.5006, 23.7019, 23.556, 3.09087, 25.3254, 11.634, 18.7006, 3.67982, 5.95986, 27.5313, 29.923, 9.02582, 26.7215, 20.7024, 2.22934, 19.743, 4.43723, 6.44989, 24.0598, 14.461, 22.1108, 4.87903, 14.4344, 28.2565, 16.2114, 18.4546, 13.635 ], 
          [ 7.65992, 13.2274, 6.17046, 22.8804, 18.9322, 12.1534, 5.05238, 3.58374, 11.8456, 22.7919, 13.0198, 29.2416, 15.6179, 17.7032, 17.9874, 27.5399, 3.86242, 18.7677, 18.7862, 21.784, 15.2932, 22.2434, 15.7536, 24.0589, 17.1872, 20.9864, 17.2064, 15.667, 19.3246, 4.0535 ], 
          [ 24.2367, 21.758, 23.1502, 5.24047, 10.4157, 6.60464, 15.8157, 5.24016, 19.9379, 19.3373, 25.9303, 14.2773, 1.40814, 21.6118, 20.1539, 8.78227, 12.4874, 16.3201, 18.2563, 6.14299, 3.04897, 20.8493, 15.175, 7.93709, 13.5596, 11.0777, 25.0624, 8.60212, 8.10348, 29.3359 ], 
          [ 3.77984, 14.06, 4.62596, 18.0368, 12.1359, 17.458, 18.0371, 24.3982, 9.44412, 28.3561, 21.7159, 21.6648, 13.7862, 13.9621, 18.2058, 20.95, 12.1911, 27.0198, 27.9842, 14.2337, 14.124, 11.9294, 13.962, 5.58898, 26.0898, 29.3373, 14.3728, 23.1031, 3.76936, 29.1253 ], 
          [ 18.8367, 1.11208, 3.0577, 13.9815, 1.48626, 1.56069, 7.62197, 29.0156, 16.4805, 18.552, 12.325, 3.00889, 23.7506, 28.784, 13.0162, 9.56805, 9.50831, 23.1962, 26.4023, 23.4334, 7.91588, 5.88973, 27.1122, 8.32215, 5.23184, 14.2337, 15.8422, 5.28395, 8.05676, 4.74083 ], 
          [ 25.7029, 20.8549, 4.26978, 29.0428, 21.36, 21.2843, 13.3815, 7.72411, 6.14252, 16.3421, 28.4877, 5.54554, 9.51644, 28.0257, 6.82131, 2.56242, 26.5704, 10.3118, 2.37232, 2.75852, 10.3468, 12.5873, 19.5379, 27.6926, 14.2144, 15.05, 9.55717, 25.5757, 5.82424, 21.0641 ], 
          [ 18.3244, 27.8905, 5.63131, 12.5465, 7.87968, 7.31264, 1.29907, 11.9526, 28.3265, 29.3506, 4.64827, 5.85075, 8.74152, 2.13826, 29.6005, 28.2663, 3.30463, 16.2864, 12.7087, 26.6946, 15.5437, 19.7068, 22.061, 21.9201, 27.2019, 26.4712, 10.0437, 17.8035, 7.30873, 5.08074 ], 
          [ 14.4813, 15.0968, 2.16412, 10.4066, 4.13928, 2.3181, 22.5893, 17.2604, 5.66505, 28.6915, 12.4984, 21.9393, 10.827, 27.1172, 2.27528, 24.5832, 23.5202, 12.6331, 10.7997, 24.7442, 21.7697, 3.75781, 13.1061, 29.3083, 14.2247, 27.6673, 6.01982, 8.45416, 11.8442, 26.9855 ], 
          [ 10.9995, 16.5726, 11.0221, 11.7102, 18.9629, 5.41942, 16.4253, 16.1367, 15.3741, 14.4074, 29.7708, 2.33184, 18.4686, 19.8162, 2.95819, 9.70543, 10.6401, 18.655, 29.3421, 13.5138, 25.3794, 25.7689, 12.5004, 15.7441, 29.7712, 7.03309, 10.5519, 27.9614, 26.9737, 21.4728 ], 
          [ 16.5362, 27.1663, 10.6749, 8.89248, 8.0248, 1.3908, 25.3688, 27.6694, 7.00021, 4.32458, 10.3899, 15.7254, 15.9056, 3.1207, 25.8517, 27.4655, 19.6655, 9.80288, 2.62803, 23.4309, 24.7735, 19.6657, 25.5622, 7.94211, 18.1509, 29.5407, 19.2135, 1.83331, 6.88023, 27.1605 ], 
          [ 9.31155, 13.002, 21.3285, 26.2841, 20.2126, 13.7103, 3.26595, 6.75617, 8.26681, 23.8907, 27.9719, 27.8671, 13.6563, 15.9331, 21.4499, 29.9928, 11.3433, 3.66578, 22.6816, 6.08938, 19.0484, 9.9334, 22.7159, 13.8736, 13.8809, 8.90261, 16.5008, 15.3272, 1.02096, 24.0923 ], 
          [ 5.52033, 15.919, 10.2112, 12.5646, 11.572, 10.1051, 2.62103, 7.73993, 14.2492, 7.34937, 17.0436, 7.54159, 5.87623, 25.8636, 14.5712, 3.39773, 23.0713, 28.4352, 24.1838, 9.989, 14.7473, 2.30834, 23.9354, 26.9147, 28.0827, 8.14023, 24.42, 20.0001, 24.1165, 15.5157 ], 
          [ 12.5343, 16.257, 26.2211, 11.0639, 24.7843, 7.57978, 10.0402, 2.76015, 9.12974, 26.8425, 28.7496, 4.09894, 20.1329, 7.67129, 2.0073, 19.1671, 13.219, 18.2755, 10.7968, 26.8166, 23.0003, 18.4159, 15.5087, 24.7655, 10.5364, 6.47806, 20.5779, 26.516, 1.63407, 17.449 ], 
          [ 24.2986, 27.3761, 27.3879, 10.111, 19.0142, 4.82362, 21.1967, 24.0028, 11.9237, 28.728, 27.938, 12.1528, 19.5818, 4.55738, 10.6519, 27.7221, 12.4371, 6.07985, 5.26959, 4.32827, 1.43543, 7.62798, 1.99602, 19.5068, 24.2217, 26.0329, 11.3031, 19.9376, 10.8805, 19.9925 ], 
          [ 2.3806, 17.1052, 8.98108, 20.9913, 23.9912, 12.0101, 4.72163, 26.1844, 25.0597, 29.7413, 6.03958, 20.1661, 21.0355, 24.4313, 17.8461, 17.4116, 2.47925, 8.38467, 15.3989, 24.2146, 25.426, 13.0969, 6.57616, 29.0013, 14.1881, 13.3571, 10.3689, 24.4099, 18.8449, 6.06146 ], 
          [ 9.54187, 20.9203, 1.68625, 20.3264, 12.4844, 17.0726, 18.4016, 25.335, 19.774, 3.46393, 8.5973, 7.32962, 10.6276, 26.3292, 21.6059, 26.8551, 5.66396, 16.7053, 10.1537, 6.96434, 11.7504, 10.2404, 7.11214, 6.3486, 16.8151, 23.852, 28.8668, 9.57781, 25.0735, 19.8548 ], 
          [ 23.3034, 7.90286, 15.1727, 8.39529, 27.5584, 19.0705, 1.20163, 27.8406, 11.6676, 9.62198, 1.4168, 1.61292, 22.3106, 29.2707, 12.8461, 17.5918, 2.37275, 8.18093, 21.8847, 13.0804, 3.97454, 17.1968, 11.3633, 11.7121, 8.56733, 13.3911, 15.5166, 13.4167, 14.1083, 14.9835 ], 
          [ 25.027, 3.29993, 4.38993, 12.1107, 1.30045, 19.2291, 18.7256, 10.1143, 27.9785, 27.669, 9.96267, 29.9856, 4.1105, 22.5566, 24.9444, 20.1491, 14.5245, 20.4556, 29.1696, 29.8634, 6.69336, 12.3283, 13.2432, 17.4875, 18.3453, 9.94929, 15.8709, 13.2253, 26.4456, 16.9694 ], 
          [ 12.8408, 20.3301, 3.34856, 29.705, 12.6641, 18.1568, 20.2704, 29.6187, 7.62881, 3.38279, 23.8137, 27.5313, 10.5071, 7.65864, 20.7849, 12.2293, 3.84205, 14.2027, 3.4821, 2.44794, 24.549, 24.3422, 23.6247, 16.8087, 29.9732, 21.514, 3.40842, 12.3977, 16.3061, 18.4951 ], 
          [ 6.1737, 14.6867, 15.9493, 18.5975, 25.5707, 5.85938, 10.4917, 4.28491, 26.5496, 10.6343, 7.24404, 2.30446, 4.95013, 18.2896, 1.37045, 22.2498, 22.3145, 8.51708, 6.38573, 15.2913, 27.4952, 24.1432, 15.2241, 7.87023, 12.7874, 27.8822, 17.4425, 24.2075, 10.4407, 11.9759 ], 
          [ 10.1031, 6.64908, 17.3918, 21.1326, 16.8463, 4.12614, 8.93667, 22.398, 3.13235, 9.22147, 17.3257, 18.7199, 10.9427, 11.7957, 9.60542, 27.0096, 7.01739, 14.301, 23.0047, 9.98725, 29.5208, 13.5395, 19.3393, 21.2327, 13.5371, 19.4608, 25.1673, 15.9194, 24.1446, 12.1653 ], 
          [ 2.66562, 21.9374, 9.6281, 20.0753, 3.31563, 9.18717, 9.859, 23.8602, 4.92233, 1.24835, 18.9308, 6.09165, 15.1385, 28.1742, 21.0291, 7.17595, 21.2837, 22.1007, 20.4245, 1.492, 3.37758, 24.188, 9.78176, 21.498, 18.3925, 15.3157, 2.75849, 13.0229, 4.07306, 22.2495 ], 
          [ 27.2665, 26.3517, 28.6364, 23.7477, 8.52857, 27.3036, 25.1155, 25.7361, 26.7704, 23.776, 10.0434, 5.86961, 11.7205, 18.2513, 14.8197, 3.0295, 26.7609, 8.19376, 5.16107, 9.85078, 16.2502, 17.0037, 26.1024, 22.4117, 7.3212, 25.8923, 3.9231, 11.4742, 11.823, 7.68494 ], 
          [ 9.64873, 17.1846, 19.317, 16.4613, 9.46487, 27.9483, 10.9215, 12.4753, 29.11, 18.5102, 28.5693, 27.9511, 8.88528, 29.5598, 26.2313, 15.3263, 19.5644, 10.4469, 27.4286, 20.9745, 24.0282, 14.0949, 5.09167, 22.5506, 16.9016, 11.1217, 12.6244, 3.59752, 8.23842, 1.0558 ], 
          [ 3.78764, 16.4391, 1.11567, 18.2517, 29.3282, 18.5434, 4.34723, 10.2285, 12.0543, 26.8292, 26.1278, 11.7239, 11.9356, 20.6117, 21.3147, 12.1583, 29.2073, 25.1278, 11.4016, 2.46106, 7.89272, 5.22525, 20.6196, 20.8146, 16.0421, 2.80119, 19.3448, 23.727, 2.16271, 24.481 ], 
          [ 21.4609, 28.3864, 25.794, 11.3394, 17.7174, 9.56893, 22.2981, 6.46432, 4.01811, 20.914, 27.3794, 29.7209, 22.8409, 22.6341, 14.036, 5.47674, 9.97466, 9.75876, 10.9502, 9.79929, 27.651, 23.149, 15.231, 17.485, 5.43187, 3.07687, 27.3023, 28.6969, 4.90142, 19.0226 ], 
          [ 25.8861, 22.2828, 1.38985, 28.3471, 15.2727, 12.1012, 19.8128, 10.3779, 5.58607, 6.82681, 3.89832, 27.7033, 2.22546, 15.4619, 12.3661, 24.9191, 6.67929, 17.2135, 15.842, 18.7052, 26.4267, 5.04214, 11.6269, 23.7517, 7.40674, 21.6232, 9.74569, 16.3686, 5.58773, 16.8667 ], 
          [ 22.5733, 5.36626, 21.4194, 8.63768, 12.3616, 15.4095, 5.93799, 22.1714, 1.75385, 10.06, 25.2355, 12.7103, 8.73314, 6.29118, 21.7298, 29.7319, 27.8305, 13.4714, 20.883, 1.93718, 1.33785, 6.06214, 10.386, 27.589, 23.1253, 28.8538, 6.07709, 28.6912, 15.1071, 29.3124 ], 
          [ 28.8193, 22.4921, 14.0829, 9.58197, 20.5282, 25.7578, 5.8289, 20.8671, 11.609, 10.6395, 6.02791, 18.948, 5.99499, 3.71618, 19.3301, 17.861, 1.27465, 16.4771, 24.5412, 8.3077, 12.8473, 19.4433, 27.4753, 27.0318, 20.1591, 1.10711, 29.0331, 16.1192, 23.8045, 15.5534 ], 
          [ 21.4205, 28.6967, 21.1448, 3.4197, 5.75408, 6.99948, 23.2745, 2.68008, 18.3833, 8.23473, 6.79528, 22.8012, 23.9237, 23.172, 23.3104, 20.3389, 18.2581, 24.3501, 3.33761, 18.1186, 2.85373, 15.3299, 18.5121, 25.9428, 25.2671, 28.9544, 10.8502, 23.412, 3.23131, 28.7165 ], 
          [ 23.9114, 13.964, 2.19136, 2.7574, 4.38774, 11.5149, 14.8205, 7.4207, 18.9513, 8.70452, 15.8652, 18.497, 11.7107, 22.5764, 19.4676, 12.4096, 18.6394, 6.32825, 4.83231, 25.7328, 2.86156, 5.66014, 10.6698, 6.41299, 19.5594, 24.9993, 26.9275, 1.51816, 3.92369, 16.8949 ]
        ]
      ];
r = [
        [67452.6,66842.8,51881.9,68325.1,74599.8,73460.5,77037.5,51042.6,74318.2,80613.9,79756,79251.4,54780.3,63356.9,81860.2,71848.3,53796.1,74427.6,66537.3,63867,57439.7,52131.2,77160,63706.7,78928,70658.5,60536.7,67253.5,81842,52785.4 ], 
        [61694.3,69126.9,70378.9,68475.4,79693.5,59877.4,62914.5,65195.3,71173.2,80377.9,55218.5,76913.6,66406.5,74151.5,60612.9,66906.3,60931.4,65261.4,72025.4,58624.9,64595.3,78647.2,67566.4,61753.5,60246.2,62783.5,70761,53775.1,50418.6,77172.3 ]
     ];
d = [
        [85051.4,4726.33,43393.8,55386.5,28182.3,10597.4,46955.7,7914.26,35013.6,44990.3,15994.2,33963.7,70470.3,26717.4,20175.7,63937.3,43522.2,30277.9,24062.3,47935.8,14480.9,65582.4,31328,40983.3,81081,64186.7,22723.7,38924,2483.54,27993.1,50843.8,87684.7,33187.1,71890.5,81588.8,19350.4,28804.9,74200.5,49815.2,55635,62988.6,39861,57167.1,69316.7,36767.1,55630,61033.2,41971.2,43579.5,1089.24,69185.1,34305.8,20977.9,77748.7,45006.2,88892.3,46024.4,23518,53425.3,12152.9,22006.3,13362,48436.4,80621.8,38390.2,38650,77493.4,33903.5,2772.39,70277.5 ], 
        [31202.9,37168.3,28705.5,53664.8,43747.9,6752.43,83164.9,70974.8,14888.8,75111.7,63211.4,13599.4,39227,13514,62845.6,46648,14333.3,28035.7,35981.7,83127.1,58164.5,34202.8,69238.5,57584.9,29654,15991.3,81905.3,36527.2,11372.9,71760.3,55884.6,1576.76,53721.5,2147.63,65401.9,71881.8,73689.3,15245.5,16768.9,41734.9,61436.9,22457.1,31022.7,52170.4,34550.4,13561.4,27424.3,21773.2,40061.2,33828.2,30858.7,35572.1,73785.8,49328.9,67992.5,66740,34349.6,18489.1,76244.6,82509,75964.4,17148.8,42275.5,41111.2,51988,34792.6,83433.5,49904.2,44519.5,17310.9 ]
     ];
