/***************************************
* STOCHASTIC OPTIMITZATION
* OPL S2FVPP Data Generator
* by Jordi Mateo Fornes
* Model = S2FVPP; Stochastic (2S) MIP 0-1;
* Representation = Compact Representation;
****************************************/
I = 100;
P = 30;
C = 70;
G = 2;
p = [ 0.01, 0.01 ];
pc = 0.02;
ORCHARDS = { 1, 2, 3, 4, 5, 6, 7, 8, 9, 10, 11, 12, 13, 14, 15, 16, 17, 18, 19, 20, 21, 22, 23, 24, 25, 26, 27, 28, 29, 30 };
CUSTOMERS = { c1, c2, c3, c4, c5, c6, c7, c8, c9, c10, c11, c12, c13, c14, c15, c16, c17, c18, c19, c20, c21, c22, c23, c24, c25, c26, c27, c28, c29, c30, c31, c32, c33, c34, c35, c36, c37, c38, c39, c40, c41, c42, c43, c44, c45, c46, c47, c48, c49, c50, c51, c52, c53, c54, c55, c56, c57, c58, c59, c60, c61, c62, c63, c64, c65, c66, c67, c68, c69, c70 };
CGV = [ 12.3627, 25.4853, 10.2329, 20.683, 21.6957, 11.0756, 12.6637, 23.7192, 29.747, 24.3349, 1.6333, 4.32544, 17.4201, 25.5003, 10.542, 10.3069, 6.75382, 6.70016, 11.987, 21.4619, 7.0354, 11.8772, 18.5623, 13.2509, 13.4674, 27.7698, 8.32329, 29.4574, 27.4332, 21.3173 ]; 
s = [ 2.84972, 2.63639, 2.93451, 0.881518, 0.485698, 0.306994, 0.525129, 0.687612, 1.28742, 1.62071, 1.89602, 2.57658, 2.98629, 1.68668, 1.96442, 1.15665, 2.91276, 1.99352, 2.48752, 0.680003, 0.552075, 2.98777, 0.270194, 1.38969, 0.820449, 1.419, 0.795921, 2.74378, 2.73897, 28.9432 ]; 
CSV = [
        [
          [ 11.5189, 22.7485, 16.4012, 26.8954, 17.7164, 25.6194, 23.6097, 11.1021, 11.8103, 11.3257, 2.74512, 3.83135, 12.7876, 21.9241, 27.4554, 21.2825, 14.5812, 10.5501, 6.88226, 1.46411, 20.966, 6.33765, 2.05905, 12.5254, 10.322, 23.1531, 9.79477, 5.67442, 2.12894, 21.3473 ], 
          [ 3.93166, 17.0851, 28.4243, 27.4975, 21.4679, 28.6276, 21.0059, 1.69445, 29.3779, 25.7261, 9.10765, 18.8898, 13.1498, 27.5211, 2.92909, 7.82082, 25.3446, 10.9557, 25.1743, 9.87588, 2.14398, 27.7189, 28.5567, 27.3736, 27.1991, 10.4577, 22.8312, 26.7252, 26.4612, 8.93844 ], 
          [ 29.9423, 25.0056, 8.19408, 27.637, 2.20298, 5.75989, 8.61411, 23.3066, 14.3434, 3.87248, 26.8817, 29.7684, 10.5869, 26.4605, 20.4452, 17.5273, 10.7556, 2.54955, 17.7312, 13.8368, 4.09277, 5.12835, 19.263, 6.92754, 1.66558, 14.757, 23.2003, 10.6754, 19.0004, 26.8996 ], 
          [ 13.5938, 3.09542, 18.1959, 18.4678, 25.6658, 2.1963, 21.2372, 15.775, 11.9284, 19.3951, 16.0528, 23.1379, 7.65313, 23.8432, 24.9367, 8.73473, 28.8389, 5.62485, 21.9796, 5.54453, 15.5592, 16.5453, 8.52838, 20.5533, 2.52102, 9.58679, 23.3277, 25.9548, 23.589, 14.1652 ], 
          [ 5.82658, 16.9519, 20.0312, 28.1009, 8.40539, 9.75586, 12.0601, 28.2724, 29.7284, 7.29344, 13.4058, 6.33022, 6.67534, 1.97295, 24.6464, 23.2037, 15.4052, 14.4257, 7.60564, 15.5782, 2.65671, 7.72362, 12.5476, 11.511, 7.97478, 7.26276, 22.3978, 28.4963, 17.737, 21.4532 ], 
          [ 12.5071, 16.8105, 27.7566, 21.1105, 20.4535, 25.454, 14.0609, 2.83771, 22.6148, 27.9571, 24.5565, 22.6026, 15.0244, 9.68549, 12.2786, 18.3761, 2.25193, 1.9001, 16.391, 7.84278, 15.8734, 29.1207, 14.7654, 2.85107, 19.8891, 21.987, 2.29438, 28.3507, 14.2005, 3.91947 ], 
          [ 8.18294, 26.2669, 4.51744, 1.54351, 12.7679, 19.9015, 17.497, 8.01192, 10.4253, 17.9641, 3.28921, 20.5464, 29.7015, 12.763, 18.1561, 17.7788, 10.053, 22.0407, 15.3948, 12.6542, 25.001, 16.4376, 5.31466, 14.4439, 17.4296, 6.65684, 7.54147, 18.6063, 2.29518, 7.72712 ], 
          [ 2.53705, 1.06721, 18.72, 12.5185, 1.64886, 5.00226, 11.9058, 18.1088, 11.6022, 26.7482, 13.0945, 15.3102, 21.5588, 19.1255, 13.6372, 3.18116, 27.3538, 15.5679, 22.5628, 2.0652, 21.1154, 1.6138, 10.8874, 20.4359, 14.1265, 5.56303, 11.1699, 18.3419, 19.8183, 7.39946 ], 
          [ 29.5888, 10.8073, 15.6258, 6.12302, 12.0953, 20.5467, 19.0199, 27.9514, 27.1285, 21.6643, 1.2943, 10.6844, 15.0013, 13.0869, 23.2285, 4.18528, 14.1317, 2.06447, 14.9707, 11.34, 1.30912, 15.2343, 14.8441, 3.78196, 19.4338, 29.7504, 16.5823, 24.7285, 9.68533, 16.6845 ], 
          [ 13.2276, 26.4056, 18.9174, 12.945, 20.7561, 16.7712, 29.3695, 3.12688, 22.9371, 10.2359, 21.1389, 10.237, 28.6609, 2.87006, 13.6904, 16.4028, 3.19983, 27.8606, 25.9016, 25.7864, 4.52901, 4.48609, 3.96165, 3.28837, 11.7472, 11.7919, 3.55451, 13.2176, 14.1079, 24.2952 ], 
          [ 7.55937, 4.19069, 20.0995, 9.30045, 16.7664, 9.02912, 23.8837, 29.731, 21.2538, 24.3721, 20.3164, 24.6618, 15.12, 15.859, 14.0799, 7.63386, 20.8839, 28.806, 13.053, 18.6958, 20.4468, 24.2977, 25.5266, 4.15297, 4.80418, 26.9568, 15.2676, 2.52222, 4.09123, 17.0726 ], 
          [ 10.082, 28.3812, 25.7356, 10.1781, 11.9134, 15.3559, 5.46438, 15.5669, 7.54133, 20.7344, 26.9302, 27.7978, 4.4548, 1.2544, 6.67519, 9.70454, 7.39448, 15.6647, 26.8531, 23.3783, 2.74747, 25.1967, 8.27639, 27.4948, 8.97978, 5.08692, 5.91791, 23.1866, 11.5403, 24.4195 ], 
          [ 7.4383, 24.9674, 8.1722, 17.853, 11.6772, 24.7852, 5.76614, 21.7282, 8.34266, 2.42805, 5.33021, 26.3731, 2.70888, 21.7527, 4.55311, 8.54677, 1.61226, 3.10377, 8.1274, 8.46509, 1.63156, 6.61196, 13.6949, 12.5943, 13.3038, 28.1693, 1.01256, 10.7044, 18.6034, 12.9385 ], 
          [ 10.053, 7.20051, 7.13814, 24.3519, 9.81793, 27.6743, 6.29097, 10.1824, 16.4016, 12.2823, 8.99257, 10.7827, 7.35281, 12.7935, 13.1773, 25.4075, 25.2868, 27.8127, 17.5047, 21.7349, 15.43, 18.8869, 3.08814, 18.497, 17.1989, 26.2505, 26.0118, 29.2306, 26.8192, 27.3104 ], 
          [ 5.91795, 9.44958, 20.37, 24.7825, 17.0228, 2.14991, 24.8223, 4.13706, 24.7713, 13.5072, 25.9105, 10.4867, 25.9014, 19.5758, 22.119, 17.8567, 24.3757, 14.3302, 15.1329, 15.6322, 1.25643, 9.28845, 22.0069, 19.3914, 13.4836, 12.6226, 22.6401, 9.03222, 22.6859, 22.5766 ], 
          [ 19.1131, 9.53551, 17.1045, 19.9989, 12.1719, 29.6985, 10.1091, 9.10842, 4.9837, 2.11072, 16.2651, 4.18246, 16.158, 2.14125, 13.1152, 3.97839, 16.3687, 10.9382, 1.66566, 5.38338, 25.7678, 25.8357, 20.8012, 9.5674, 5.94269, 8.47422, 11.5447, 9.44109, 17.2175, 2.08169 ], 
          [ 25.3145, 25.1215, 12.1906, 6.81428, 5.76839, 14.4926, 9.68696, 3.43402, 4.20198, 21.3772, 4.67841, 16.9556, 14.3471, 8.49362, 25.3619, 4.1361, 14.9152, 8.66503, 15.5503, 19.5448, 7.6824, 18.7519, 9.0812, 5.48727, 2.45238, 2.64092, 5.12436, 6.30571, 13.161, 11.0175 ], 
          [ 11.5443, 9.13781, 10.0146, 26.9, 13.9878, 14.4335, 3.79156, 12.5767, 6.29069, 25.8016, 26.2779, 7.79344, 12.6526, 29.4839, 6.04632, 23.0052, 27.1955, 2.23794, 10.463, 27.0018, 17.4828, 22.0955, 13.9852, 9.77052, 11.5878, 10.7141, 3.103, 9.75334, 5.70812, 6.64418 ], 
          [ 22.167, 3.71718, 13.1513, 8.63879, 27.4466, 9.81297, 6.68528, 15.2232, 19.1873, 7.43584, 10.6833, 14.4344, 13.341, 13.8709, 25.2428, 18.9244, 23.0924, 28.2, 27.1023, 4.63063, 16.4338, 13.8264, 27.2908, 9.81013, 3.7784, 3.86153, 16.8121, 10.3649, 29.5586, 8.19889 ], 
          [ 1.61801, 10.6702, 15.3479, 25.4765, 15.3979, 22.0684, 10.4819, 21.1161, 27.2451, 11.986, 7.89648, 18.4926, 14.279, 19.0972, 3.56609, 19.9848, 1.44129, 18.766, 3.0421, 29.0221, 21.092, 29.1916, 20.9302, 8.8703, 8.82613, 22.329, 24.2374, 16.4444, 6.05648, 16.0714 ], 
          [ 15.1745, 3.86543, 23.2096, 17.0597, 3.8128, 9.20555, 14.2491, 26.0849, 1.89745, 7.87354, 12.9831, 17.7245, 22.0641, 24.8298, 25.0174, 10.197, 17.2047, 21.828, 12.9328, 25.9022, 22.9583, 1.39823, 18.2732, 7.05757, 16.2966, 2.51915, 22.6484, 24.0031, 24.8409, 15.3374 ], 
          [ 4.62294, 26.0365, 12.2511, 24.0321, 9.78976, 15.0161, 8.57153, 27.359, 24.0619, 17.703, 22.5602, 5.19661, 11.1461, 1.96764, 5.51043, 28.9119, 2.88833, 19.9411, 15.4834, 21.9676, 18.8932, 8.08867, 23.1533, 16.5051, 9.91381, 28.3417, 11.6082, 25.9717, 3.33874, 12.5885 ], 
          [ 5.45607, 10.2909, 2.83175, 12.9191, 7.82027, 28.737, 4.57462, 25.3392, 11.5639, 28.6475, 26.7852, 13.7886, 5.13733, 21.5132, 5.59863, 29.1289, 6.27071, 9.83401, 6.70768, 5.08197, 7.37284, 16.0872, 11.3085, 27.2107, 22.7368, 8.55631, 15.3657, 15.8189, 19.1692, 29.9105 ], 
          [ 16.4386, 3.00496, 4.34262, 19.5859, 3.24328, 29.2763, 18.9836, 23.0867, 26.649, 11.1428, 28.5294, 21.1805, 6.18017, 11.5121, 29.0208, 7.10718, 7.42069, 27.4977, 1.49608, 21.4386, 12.2383, 20.2367, 23.5659, 8.13854, 4.52384, 19.2869, 21.1483, 27.4484, 20.9352, 5.18287 ], 
          [ 4.2766, 9.18485, 12.2376, 18.7476, 5.11268, 25.0677, 18.9758, 10.191, 26.2853, 18.4863, 4.18848, 3.03602, 25.3443, 3.97484, 6.70208, 4.03446, 13.2827, 28.7265, 11.6932, 12.9754, 17.9907, 25.9576, 16.3175, 29.8896, 14.9839, 15.0757, 7.19551, 13.6377, 12.0898, 26.7947 ], 
          [ 27.9212, 29.0304, 18.522, 23.3005, 9.24503, 27.6961, 22.778, 4.86745, 9.27472, 6.46501, 24.9531, 18.2507, 1.58925, 26.3784, 12.16, 1.43786, 7.85844, 18.1769, 28.2397, 23.2481, 16.4079, 12.5774, 11.6344, 17.9107, 5.6352, 26.2103, 24.6358, 10.6107, 23.5512, 25.0485 ], 
          [ 13.042, 3.69305, 18.6048, 13.7497, 17.5556, 18.1415, 25.0077, 4.00456, 4.39246, 12.96, 22.7896, 11.5485, 6.09928, 23.4856, 26.4899, 28.9032, 1.77319, 17.7402, 4.43189, 6.07479, 7.51184, 12.5148, 19.5333, 1.69545, 21.3195, 9.55656, 29.8253, 10.6005, 14.6978, 27.1067 ], 
          [ 16.0361, 18.7599, 16.6339, 21.132, 26.6132, 5.50654, 26.5104, 17.7645, 14.8646, 28.7281, 5.31626, 19.9543, 15.1478, 12.1991, 14.2096, 11.5556, 25.3818, 22.5131, 11.7783, 12.6166, 6.76662, 28.4554, 6.78999, 8.68904, 16.2054, 21.5888, 1.31737, 23.3378, 12.7933, 20.9342 ], 
          [ 1.04554, 27.9864, 24.0608, 23.5352, 9.87952, 26.6799, 6.80934, 22.6377, 17.9768, 16.4436, 7.73777, 12.7208, 15.6283, 6.85698, 21.1455, 18.02, 13.6844, 11.7372, 10.4353, 11.5517, 5.94757, 6.83871, 23.9601, 14.6516, 23.735, 13.3386, 4.31762, 26.4095, 16.8293, 24.4671 ], 
          [ 14.6485, 4.18242, 21.5755, 25.3578, 18.7137, 1.10805, 13.5024, 2.3144, 10.2183, 10.5271, 22.9813, 28.5706, 24.3089, 3.10119, 12.0961, 14.9755, 14.9859, 16.2384, 24.9224, 29.818, 28.2672, 25.0036, 8.8865, 8.55364, 7.04502, 10.2807, 18.3527, 20.673, 27.5093, 26.7865 ], 
          [ 23.2531, 4.20406, 21.7526, 7.11936, 14.8061, 10.2482, 2.67761, 28.8664, 14.2493, 16.8365, 28.7426, 22.6141, 18.0386, 23.9231, 22.4177, 7.19058, 12.5073, 17.6398, 5.26515, 13.9208, 2.12846, 3.73085, 27.1065, 16.7989, 25.742, 21.5315, 2.48111, 28.9894, 11.9692, 24.3766 ], 
          [ 9.74972, 2.2001, 8.08909, 12.1987, 5.70201, 19.8377, 22.0077, 10.6098, 4.99191, 27.4484, 18.7126, 5.37269, 24.6347, 10.5218, 23.7846, 23.1928, 15.9375, 4.81873, 28.6625, 23.5381, 19.6383, 3.19615, 8.28862, 20.3521, 14.2341, 10.1446, 17.6909, 9.02621, 25.9362, 7.28405 ], 
          [ 26.4436, 5.68373, 27.883, 6.37309, 4.66061, 16.4494, 11.4035, 16.1316, 19.8397, 6.99029, 24.3171, 27.9354, 21.6742, 27.4252, 27.8246, 2.2082, 24.5593, 21.8418, 1.2129, 8.37257, 21.7543, 3.67436, 2.03858, 10.0477, 16.7116, 8.14461, 3.91342, 7.75014, 4.74995, 2.65533 ], 
          [ 6.84172, 24.5874, 28.6243, 28.414, 16.5639, 27.2173, 21.6777, 22.6653, 28.7921, 6.42195, 2.76202, 8.05618, 3.8804, 24.3967, 26.1047, 17.6146, 7.88845, 16.5342, 16.4948, 17.399, 3.55827, 8.84801, 26.3735, 6.94742, 23.9079, 10.701, 24.9791, 20.1792, 20.1727, 27.0758 ], 
          [ 7.79639, 19.1864, 5.07744, 25.3665, 19.6166, 3.9362, 21.7169, 17.1334, 17.461, 4.28321, 20.0023, 20.661, 10.0183, 1.72382, 14.3433, 23.7374, 6.29815, 25.8109, 2.13471, 5.77401, 29.6192, 3.22405, 25.8126, 16.3974, 12.8579, 16.9948, 8.12481, 26.8104, 12.8843, 9.46469 ], 
          [ 27.0482, 23.9554, 18.7193, 27.7438, 29.1871, 14.9177, 21.457, 27.185, 15.6904, 2.91923, 6.09423, 20.4165, 25.6462, 28.3211, 13.7479, 12.9994, 18.5143, 20.9251, 12.7953, 5.63842, 19.5488, 22.1111, 15.3578, 1.82085, 15.3055, 16.3952, 29.2032, 14.344, 29.8376, 22.5907 ], 
          [ 12.4889, 5.31836, 15.5172, 16.8017, 5.14626, 5.81986, 19.3281, 20.5537, 28.7899, 22.3898, 16.1058, 8.41521, 11.1504, 20.5504, 11.9351, 14.9625, 13.939, 29.1303, 15.3153, 23.7815, 5.23691, 22.2914, 27.5306, 1.82694, 2.22801, 13.5796, 13.9632, 19.0857, 7.04261, 10.5338 ], 
          [ 29.3637, 20.2124, 3.03013, 12.9317, 18.411, 21.4278, 27.3777, 11.2499, 23.8132, 5.24387, 22.8101, 4.3604, 24.1942, 12.9443, 6.73455, 24.7941, 18.2817, 20.1317, 3.28061, 19.708, 24.5322, 7.91711, 26.4459, 16.966, 16.4959, 4.10368, 16.8562, 18.9885, 11.6457, 13.8063 ], 
          [ 11.5254, 6.77386, 28.1697, 18.1101, 13.6089, 24.6446, 16.728, 19.4757, 14.9522, 1.58934, 2.44673, 1.71493, 6.2719, 11.368, 2.83732, 1.98399, 22.4096, 22.3349, 12.1449, 2.82243, 3.28528, 13.7814, 21.8399, 21.8892, 10.1846, 24.6421, 6.4153, 10.0051, 24.1859, 8.1073 ], 
          [ 26.2355, 2.35076, 29.701, 8.05172, 14.234, 4.89937, 4.49205, 16.328, 16.6985, 9.50798, 7.68444, 25.1898, 17.5232, 28.5681, 1.50383, 9.46183, 12.2494, 8.2281, 3.99528, 21.41, 10.247, 10.8638, 23.0722, 12.5316, 10.9998, 8.01289, 10.0469, 14.1764, 28.1838, 21.2315 ], 
          [ 21.6172, 28.4803, 7.53109, 24.0458, 1.34554, 13.1892, 10.004, 29.3385, 21.4995, 9.92074, 29.5208, 10.2738, 15.4753, 23.3303, 24.3792, 28.734, 28.7399, 4.00894, 2.67674, 13.9702, 28.1961, 22.2315, 29.1813, 10.7123, 6.86178, 22.4537, 20.7003, 19.8846, 6.33877, 16.8819 ], 
          [ 6.36229, 13.5616, 20.4039, 24.3629, 8.23155, 7.80252, 23.4329, 26.309, 7.77181, 1.13241, 23.7936, 6.05259, 6.13144, 7.58411, 25.5033, 8.86234, 3.13309, 18.954, 25.0626, 23.1131, 6.37602, 26.3421, 17.4338, 7.24064, 29.6182, 2.17729, 27.9148, 5.92477, 15.3314, 5.59622 ], 
          [ 25.1138, 12.3053, 8.95384, 19.6306, 27.4368, 27.4361, 7.29297, 9.86848, 28.9521, 12.407, 11.8708, 24.9257, 11.7871, 24.3375, 18.8041, 19.7493, 4.86748, 16.2081, 6.50213, 26.5436, 24.0039, 17.1425, 29.2546, 27.6458, 25.7858, 15.6467, 27.0544, 28.0105, 19.8419, 13.587 ], 
          [ 5.59309, 13.9561, 11.5798, 28.9419, 13.7481, 4.20378, 23.4488, 3.92884, 14.8885, 11.0922, 15.9294, 28.3995, 6.86528, 20.2184, 11.3996, 20.1845, 21.1874, 28.1958, 28.6041, 6.07521, 14.5771, 23.3234, 9.21171, 5.75651, 14.6323, 12.2193, 12.5776, 27.3284, 11.9797, 29.1799 ], 
          [ 3.99551, 22.3246, 22.6782, 13.3177, 23.8201, 9.5581, 2.84944, 20.4158, 8.37975, 11.7438, 11.0327, 7.81029, 20.4507, 12.5748, 23.6359, 12.5046, 2.08817, 23.3945, 28.0332, 24.991, 5.35988, 9.39017, 15.1829, 26.0872, 25.3746, 4.35992, 7.31347, 23.0388, 7.49408, 10.9146 ], 
          [ 26.7559, 28.5956, 26.702, 15.9812, 23.349, 3.87271, 25.9974, 27.5486, 13.2663, 26.8198, 12.8671, 24.4532, 17.0935, 9.38582, 10.544, 11.9931, 12.0276, 21.0892, 15.8933, 29.9722, 13.6336, 7.86118, 18.6761, 2.4809, 17.9964, 6.28839, 18.0464, 28.5093, 8.66629, 10.5428 ], 
          [ 25.1078, 4.04562, 15.9275, 10.9298, 20.6687, 17.6081, 20.2698, 18.0901, 29.6948, 9.56557, 9.08187, 2.28007, 17.1437, 1.46109, 11.9638, 25.0048, 7.90045, 28.5777, 11.8246, 6.50782, 13.259, 16.3329, 8.90516, 27.161, 2.28689, 27.9386, 3.44823, 3.34649, 17.9058, 22.9981 ], 
          [ 10.7251, 15.3989, 29.007, 2.5355, 8.53192, 18.7761, 27.5222, 7.92025, 27.9234, 16.711, 20.2601, 13.9679, 1.3525, 5.90731, 21.8006, 22.9124, 8.82275, 2.93505, 1.61316, 9.49356, 19.7441, 16.4334, 20.6334, 14.7689, 24.083, 3.93301, 21.8424, 27.3041, 12.9454, 29.8616 ], 
          [ 5.53356, 10.0552, 7.41355, 11.4002, 14.0362, 28.3726, 16.4461, 29.9786, 15.8719, 1.52289, 8.8205, 21.6244, 23.0102, 3.27119, 3.47899, 9.69284, 27.6533, 17.2088, 9.35684, 29.525, 9.05411, 9.27484, 3.16305, 2.77415, 8.56891, 13.2126, 20.1993, 7.92512, 21.1733, 9.41779 ], 
          [ 4.12306, 7.21163, 18.5514, 10.5583, 2.93786, 8.66754, 15.1802, 26.9225, 19.6838, 13.7757, 2.49215, 9.11571, 29.7066, 5.48603, 26.971, 16.2065, 29.0755, 18.2217, 22.3945, 1.98038, 19.4205, 26.7004, 25.4217, 3.70006, 6.51506, 9.38548, 10.19, 19.0101, 16.3685, 11.1621 ], 
          [ 11.0496, 6.56769, 16.1332, 14.7781, 1.42831, 12.9766, 11.0183, 18.6507, 26.5828, 6.36694, 17.4867, 15.1234, 1.67647, 1.00735, 29.1438, 10.0332, 23.3908, 8.07298, 10.0111, 28.9131, 12.0769, 6.56245, 6.3237, 3.17872, 18.4309, 3.05401, 2.40155, 10.0789, 15.3638, 12.7404 ], 
          [ 5.18007, 25.4965, 28.4173, 8.74759, 8.23989, 20.4755, 2.69393, 5.5186, 15.0912, 4.37608, 8.38174, 17.1039, 24.2784, 23.4644, 8.53467, 21.5278, 8.08994, 25.5128, 19.1033, 21.469, 11.0903, 6.80378, 18.4606, 11.7255, 3.30153, 7.63787, 20.6638, 8.26422, 14.0524, 18.4407 ], 
          [ 8.44542, 17.0491, 17.7259, 18.7223, 10.7949, 1.38483, 29.1779, 4.65256, 27.5124, 12.5474, 22.4929, 13.5355, 21.1215, 19.7489, 25.0433, 9.10365, 6.98579, 6.27576, 1.86757, 29.7568, 18.9775, 18.3566, 7.22557, 20.4653, 14.4664, 24.8029, 25.4123, 13.5936, 26.2423, 25.1138 ], 
          [ 14.7238, 13.4993, 28.7983, 20.0458, 21.4662, 11.4583, 26.5586, 21.9152, 10.4848, 11.4199, 26.6254, 14.3987, 16.829, 7.01042, 24.2436, 21.6426, 13.6205, 9.51666, 29.53, 2.63068, 29.207, 16.9024, 14.9278, 6.06297, 12.8814, 18.1947, 15.8706, 1.80488, 6.56552, 23.6146 ], 
          [ 19.3628, 24.6189, 2.77805, 20.3178, 18.2927, 3.0701, 4.20637, 4.6499, 1.00052, 17.966, 25.8281, 9.88404, 4.95242, 11.2754, 29.34, 5.02032, 28.9325, 6.17615, 9.96867, 10.6405, 21.3061, 2.63289, 25.9175, 9.62391, 19.4408, 24.4589, 5.1388, 14.639, 2.50693, 6.12248 ], 
          [ 22.4565, 18.9316, 6.74813, 1.73821, 2.20837, 9.40987, 27.2785, 2.0827, 12.7512, 25.2991, 16.2196, 24.9262, 8.7385, 8.16764, 18.6333, 18.9721, 10.6499, 27.3713, 18.2999, 21.6614, 19.2955, 11.793, 26.9291, 27.0586, 23.6912, 7.99647, 10.8408, 15.1397, 26.8053, 29.8353 ], 
          [ 18.8315, 7.2913, 4.36892, 27.6588, 8.40549, 19.6213, 21.3508, 3.50526, 5.27417, 4.23289, 24.2801, 2.33173, 28.5933, 14.2196, 23.3481, 28.9622, 16.545, 24.9595, 25.0193, 29.7939, 14.4501, 18.7025, 2.10734, 3.75465, 9.40156, 16.1269, 26.8548, 1.30389, 19.3125, 11.5828 ], 
          [ 1.24041, 16.9816, 6.55992, 21.3679, 5.83878, 8.40852, 2.90377, 3.01262, 4.2641, 6.76136, 1.16047, 15.5508, 16.6868, 27.0353, 18.3366, 9.54075, 7.65955, 14.8237, 29.5923, 4.62138, 1.32166, 27.9522, 18.5836, 20.8492, 3.38915, 17.7579, 17.1292, 16.8518, 18.3165, 26.1926 ], 
          [ 10.2411, 14.7428, 24.9267, 8.18286, 6.04086, 6.73301, 15.4583, 10.8376, 6.69888, 20.5069, 10.2781, 29.5777, 25.4059, 7.17329, 18.113, 12, 26.9284, 29.8738, 28.5294, 8.12462, 16.1094, 14.2864, 14.8446, 15.2452, 15.1228, 23.3924, 4.33215, 19.1207, 9.84524, 13.7104 ], 
          [ 11.8106, 1.37527, 20.2269, 9.88574, 16.6397, 13.8474, 29.152, 3.67487, 10.6751, 26.0833, 26.8231, 8.26574, 23.5596, 22.3163, 8.97197, 12.8417, 2.08417, 22.2892, 20.2772, 27.7552, 27.2282, 28.3618, 12.1397, 13.1084, 24.9802, 16.5187, 17.8836, 22.757, 12.1958, 21.8136 ], 
          [ 2.16024, 23.747, 12.4107, 1.9131, 2.12957, 27.5536, 5.41055, 19.6815, 17.6448, 10.31, 24.0593, 19.3493, 26.8729, 20.5676, 3.655, 27.289, 12.1774, 21.3496, 25.6353, 20.8106, 4.21875, 17.2235, 28.3711, 22.7914, 18.3109, 10.8991, 4.89887, 9.23429, 17.5486, 26.5319 ], 
          [ 28.5099, 28.8664, 5.54608, 24.0785, 15.7734, 15.2356, 13.2875, 21.5191, 12.6844, 24.6113, 25.3605, 1.14322, 10.5437, 4.8254, 16.0726, 22.6495, 10.7585, 23.9189, 16.9552, 17.4955, 27.0511, 14.8742, 23.3678, 6.58581, 12.5038, 8.10296, 7.26532, 29.0818, 17.5625, 26.9453 ], 
          [ 7.64866, 2.24404, 16.922, 7.2048, 3.79581, 20.7289, 28.3503, 25.8608, 24.1259, 14.1023, 18.7673, 9.12014, 13.5734, 27.8126, 27.1359, 6.10777, 22.8135, 24.051, 9.52754, 6.56905, 9.32054, 22.8914, 29.44, 13.1812, 3.64596, 19.5015, 22.2246, 18.478, 26.4465, 22.6997 ], 
          [ 16.2079, 28.9686, 16.9481, 14.6552, 3.60972, 20.3302, 28.407, 22.954, 13.1209, 16.4688, 7.77515, 20.5418, 27.4691, 18.5079, 24.6986, 10.3546, 20.247, 4.95524, 6.57851, 6.99002, 4.93458, 29.4295, 17.1665, 8.08077, 21.9897, 5.08686, 11.8597, 18.5363, 12.1543, 13.1512 ], 
          [ 10.3025, 5.98114, 5.27318, 22.2737, 2.35169, 3.30612, 12.8838, 1.05496, 6.85047, 25.3788, 19.0536, 19.9397, 23.6367, 23.2034, 21.6225, 18.5256, 26.6878, 26.1487, 13.048, 6.3746, 17.4082, 2.2989, 28.5937, 16.2819, 26.847, 13.9818, 15.0784, 6.47092, 18.1412, 22.5563 ], 
          [ 6.48904, 28.6717, 7.62458, 24.0237, 29.5939, 25.4056, 4.29462, 6.3982, 20.2548, 9.35543, 28.9307, 14.5506, 5.1346, 4.20348, 12.0183, 1.20998, 16.7996, 7.06875, 26.2729, 6.02884, 2.84302, 18.8633, 29.4439, 27.9744, 14.9647, 18.5101, 28.9176, 19.0265, 12.8432, 19.3068 ], 
          [ 14.2754, 10.9536, 27.8679, 21.9774, 4.86337, 23.1566, 24.0933, 18.6812, 29.3938, 11.6038, 1.97313, 29.87, 14.5526, 5.02184, 23.8263, 26.6328, 4.72778, 20.7053, 28.7433, 16.1919, 14.646, 16.3183, 9.69956, 29.3185, 25.8249, 26.5525, 6.68304, 12.6524, 7.99864, 4.79535 ], 
          [ 8.66542, 19.7335, 22.2937, 18.3892, 18.7477, 19.7344, 22.1529, 6.86423, 27.718, 6.29344, 15.2852, 17.4021, 25.3234, 17.5825, 9.24104, 2.76078, 5.13691, 24.4203, 2.85329, 27.4084, 25.6654, 10.9591, 23.3327, 8.21823, 26.1088, 9.2056, 12.883, 23.8457, 18.9178, 12.4318 ], 
          [ 19.7431, 14.2273, 21.6567, 23.3832, 10.4793, 23.2459, 29.7496, 6.62922, 3.95255, 20.3342, 17.3781, 20.4554, 9.96846, 10.6276, 23.0135, 16.5482, 5.28205, 21.7788, 27.2519, 20.7253, 21.8786, 13.3634, 3.6997, 6.91212, 13.3734, 21.0812, 1.14046, 29.0975, 15.4109, 14.6051 ], 
          [ 23.1135, 7.92934, 9.75904, 12.9425, 17.4268, 8.53161, 5.86433, 10.1253, 3.00564, 6.74892, 4.22896, 8.18781, 27.1914, 11.3935, 17.813, 22.2768, 18.2811, 1.87734, 11.0559, 23.1735, 16.2847, 15.4933, 17.6263, 19.6079, 25.3974, 24.147, 19.809, 17.0354, 4.37571, 3.99172 ]
        ], 
        [
          [ 13.1948, 11.505, 15.1042, 2.92996, 10.4468, 9.44052, 4.0515, 23.0894, 14.0824, 12.4745, 21.3178, 15.3393, 25.8419, 14.2888, 21.036, 7.867, 8.1312, 28.3683, 19.0327, 23.0045, 15.8255, 22.4428, 17.6548, 4.65335, 8.31484, 16.1557, 2.02519, 24.787, 22.285, 6.17857 ], 
          [ 25.7197, 22.5913, 23.9459, 18.2086, 11.5821, 7.96923, 23.9221, 5.5728, 2.90502, 5.11545, 4.50818, 21.5792, 9.81736, 17.0683, 21.7593, 10.0092, 6.74616, 8.53222, 22.8949, 3.61226, 15.2584, 4.81026, 20.9343, 7.7268, 10.2957, 3.87774, 15.0328, 16.5128, 27.5376, 8.15603 ], 
          [ 25.331, 10.4037, 13.5742, 15.9575, 19.4755, 16.3999, 9.71105, 16.9128, 2.26645, 28.9327, 1.27585, 20.5003, 5.6738, 15.3231, 11.1843, 1.7673, 4.08299, 11.8665, 1.24378, 24.705, 22.4438, 26.7344, 19.6345, 1.88611, 1.23991, 5.59369, 4.9548, 3.63537, 26.6164, 9.82068 ], 
          [ 17.7476, 9.79339, 22.903, 10.9157, 28.6291, 17.5481, 19.6344, 14.0927, 19.1246, 29.5408, 16.3651, 29.3299, 20.2683, 10.6947, 26.8167, 26.7986, 8.07924, 19.5474, 8.3248, 10.0808, 28.334, 13.4965, 20.8722, 6.73683, 12.1211, 1.73198, 6.07082, 12.9318, 29.6879, 20.5251 ], 
          [ 5.29722, 17.1285, 27.9612, 27.2185, 10.1205, 23.9954, 13.4956, 11.9369, 26.1246, 1.79169, 8.12031, 18.4947, 4.36449, 13.502, 20.5099, 9.19269, 19.4083, 7.76057, 3.95597, 21.5868, 23.153, 26.2287, 25.5942, 10.7524, 7.30064, 22.2062, 21.6263, 17.6884, 28.0102, 8.17474 ], 
          [ 3.19164, 20.2352, 27.9317, 16.1359, 4.75518, 2.58312, 14.5129, 1.04087, 26.8734, 12.5296, 21.0542, 5.35081, 1.38121, 27.6048, 12.4511, 18.4396, 3.59406, 17.6893, 5.63763, 12.0542, 24.2356, 25.1109, 8.30527, 21.3446, 4.32419, 16.1437, 16.311, 7.1839, 2.23497, 18.6133 ], 
          [ 15.2847, 4.87571, 1.90311, 25.2118, 9.90539, 18.2041, 18.504, 15.389, 18.0837, 23.8187, 26.247, 29.4518, 27.1776, 27.1394, 5.43004, 6.86104, 3.8927, 24.9277, 2.94203, 29.2723, 3.05359, 17.1253, 17.6153, 21.0827, 3.87034, 19.3162, 24.9362, 14.4087, 21.7144, 17.0299 ], 
          [ 23.7303, 17.7438, 2.97682, 15.6751, 2.75792, 18.1842, 5.82665, 7.98651, 26.7066, 17.624, 5.22587, 2.1395, 14.8374, 9.76505, 18.5107, 8.91615, 9.01624, 9.80384, 4.68348, 5.23989, 6.34036, 16.2146, 14.6406, 28.0274, 2.21242, 4.08976, 12.4931, 19.4324, 27.6039, 26.9431 ], 
          [ 12.8169, 2.88352, 21.0568, 15.5611, 25.7054, 9.60989, 4.85932, 10.9105, 8.94256, 15.6469, 5.05684, 10.3328, 28.7648, 2.28534, 12.3343, 2.42903, 17.4234, 27.4904, 1.4089, 10.7392, 18.9285, 12.1234, 9.73396, 23.3548, 4.06214, 24.344, 24.6339, 1.91409, 25.984, 10.5464 ], 
          [ 16.1089, 21.9669, 8.11748, 25.298, 29.4995, 1.57693, 22.0935, 19.6407, 8.64187, 2.15202, 7.58067, 19.8618, 16.4597, 1.32375, 26.3118, 22.3746, 12.1244, 8.99181, 18.4404, 19.4944, 3.02737, 25.3731, 21.8016, 29.0592, 29.9642, 26.0574, 13.0318, 7.24671, 27.9092, 16.1804 ], 
          [ 26.8149, 3.20026, 20.0503, 23.7248, 12.1896, 27.0613, 18.0126, 21.7978, 14.5127, 9.1607, 19.0519, 27.8851, 6.43093, 7.12867, 21.3511, 24.0671, 28.5365, 28.122, 22.7927, 23.3457, 20.3968, 22.359, 16.6837, 29.4524, 10.6025, 20.9995, 14.846, 8.99599, 29.1381, 10.5495 ], 
          [ 5.44759, 26.831, 7.5297, 4.35311, 5.44769, 25.0612, 14.8088, 21.9744, 3.82241, 6.86335, 15.2811, 27.727, 16.5911, 27.5048, 7.66201, 3.77643, 4.08955, 9.62812, 19.5964, 18.7501, 4.87873, 24.148, 3.09812, 22.888, 3.60157, 15.9242, 4.14728, 23.6923, 21.7408, 24.8952 ], 
          [ 14.146, 9.21559, 22.1064, 5.71299, 22.9631, 15.9491, 17.5069, 3.0818, 12.348, 7.88874, 18.5719, 11.6898, 17.9866, 21.1647, 17.7108, 19.4973, 28.166, 21.3304, 12.1031, 7.81347, 23.8477, 8.62211, 22.7911, 8.1759, 29.9618, 17.844, 9.9613, 10.086, 7.05241, 3.36201 ], 
          [ 21.3848, 17.8334, 2.43201, 23.1607, 18.5456, 23.4718, 9.40206, 22.1281, 25.3459, 24.4469, 7.91466, 19.302, 24.4256, 15.6409, 20.415, 27.8187, 29.4384, 22.7332, 25.3958, 9.83266, 13.3588, 12.3759, 26.0015, 13.4092, 8.69771, 10.5477, 23.759, 25.3314, 3.07778, 23.1754 ], 
          [ 7.43961, 20.4281, 1.87578, 16.9839, 9.14524, 29.0215, 17.1772, 9.80803, 5.30807, 1.25788, 5.65458, 29.8891, 13.0486, 5.02706, 15.3693, 26.1051, 15.9675, 27.6866, 14.3159, 6.50497, 7.44463, 4.02148, 17.3197, 12.2246, 12.4247, 13.7032, 11.7534, 26.1922, 12.1196, 4.40877 ], 
          [ 13.6437, 7.46426, 12.5955, 29.6834, 1.76805, 15.9873, 4.63355, 22.8015, 20.201, 2.28756, 15.1119, 14.7779, 22.1304, 8.87278, 20.0614, 25.2019, 8.64778, 15.0028, 3.76882, 22.7013, 19.7725, 23.9083, 20.0541, 17.843, 18.6747, 20.8788, 10.7007, 28.2174, 29.2855, 23.2924 ], 
          [ 25.2166, 2.97474, 16.2269, 7.34559, 17.9415, 3.83803, 20.0617, 15.8657, 17.8116, 29.6799, 7.13215, 23.8629, 4.30843, 4.56449, 20.2796, 18.6591, 2.71651, 7.57513, 26.6041, 19.9778, 12.2157, 6.67108, 18.9054, 2.31211, 1.64666, 4.54247, 17.1285, 7.42135, 29.5012, 9.24366 ], 
          [ 23.7907, 7.84291, 12.1179, 15.2662, 11.0139, 13.5636, 19.0257, 28.7205, 26.0145, 9.20622, 26.9807, 23.4929, 2.72155, 7.82753, 1.63305, 12.7636, 23.1577, 1.6112, 12.0294, 18.2929, 14.9504, 27.5608, 18.6514, 20.9717, 12.9778, 15.8372, 28.7355, 5.04887, 27.7795, 6.92276 ], 
          [ 4.98303, 6.3811, 29.3051, 4.09105, 20.9043, 2.6066, 4.8487, 27.4235, 2.27497, 13.1882, 25.5301, 29.517, 2.12186, 26.1108, 14.202, 25.002, 1.03749, 14.0001, 1.20831, 8.36725, 11.9357, 22.8225, 11.1137, 22.4528, 9.57873, 28.7772, 28.147, 23.826, 16.7854, 17.2471 ], 
          [ 12.3968, 10.0715, 8.67238, 11.988, 1.57601, 13.1592, 23.6147, 24.1191, 12.4134, 15.4336, 4.29903, 1.3614, 17.9947, 21.4185, 5.01926, 9.99202, 24.5305, 16.1284, 9.84671, 5.55622, 25.9886, 1.83939, 5.91693, 10.922, 13.9915, 9.62568, 5.43289, 6.66364, 24.9831, 11.7602 ], 
          [ 13.3285, 29.6532, 28.6739, 20.2738, 28.462, 7.11074, 7.916, 24.5029, 3.14215, 19.4245, 19.1741, 5.46357, 14.719, 29.8326, 21.1381, 4.4397, 15.8762, 29.443, 23.3627, 9.73521, 4.04145, 14.3404, 3.15444, 8.77386, 14.6754, 24.5795, 4.62398, 9.97066, 29.8882, 13.8898 ], 
          [ 27.7429, 21.4719, 4.00318, 17.2522, 29.7964, 14.5037, 11.2394, 22.976, 26.0529, 15.6609, 1.38632, 8.21916, 3.90136, 26.7178, 23.4437, 16.158, 27.6034, 25.8459, 3.83421, 20.8643, 23.4008, 17.6193, 19.0637, 26.6776, 20.541, 24.2925, 26.8027, 29.542, 3.16422, 17.803 ], 
          [ 18.9798, 21.7122, 21.9414, 22.0157, 25.1412, 8.24134, 14.9067, 4.22255, 27.2804, 17.5729, 18.6128, 4.11357, 16.2696, 19.9713, 6.89936, 29.2144, 20.2636, 14.1574, 8.39604, 12.9519, 25.8405, 3.87274, 6.63686, 25.5877, 2.77083, 5.78322, 22.3935, 19.3163, 1.67495, 8.6381 ], 
          [ 27.4189, 11.3603, 20.9718, 25.7353, 16.0263, 16.6741, 24.2053, 1.32392, 25.5944, 2.96007, 26.9338, 4.53379, 1.03256, 20.6349, 25.0627, 29.6583, 25.9827, 5.03806, 20.2581, 29.9686, 7.66634, 1.81937, 12.797, 23.8018, 1.44237, 22.2866, 4.8916, 15.1035, 27.664, 13.534 ], 
          [ 8.50994, 25.602, 8.97401, 26.6266, 12.8838, 22.0937, 12.8109, 11.0324, 26.0602, 5.24511, 20.0905, 20.9787, 29.3746, 6.76484, 27.8952, 28.7339, 2.78425, 10.2476, 18.8146, 24.3819, 16.2681, 17.0455, 11.9455, 19.1632, 26.5141, 9.97937, 19.6848, 29.4658, 19.3251, 10.5582 ], 
          [ 15.5972, 4.64154, 7.39051, 6.37053, 15.6334, 3.45455, 27.2939, 22.2025, 28.6666, 27.696, 18.2992, 27.6908, 28.6314, 21.5395, 18.8822, 27.3474, 29.1476, 29.9664, 18.3083, 9.66793, 14.778, 20.5974, 23.8285, 24.9517, 5.5775, 25.2374, 17.291, 16.6641, 23.8058, 22.8661 ], 
          [ 1.13462, 21.2398, 14.6938, 11.6902, 14.7828, 3.20087, 3.75734, 12.829, 28.5816, 17.0882, 5.01384, 16.8387, 15.0625, 20.3256, 26.4967, 13.2981, 16.576, 10.1185, 13.5062, 13.0762, 24.2372, 25.3852, 20.0772, 13.1162, 8.42695, 9.83309, 20.4341, 6.02332, 20.4141, 28.0157 ], 
          [ 24.9559, 6.01068, 1.14638, 20.0432, 25.2289, 1.39476, 5.6529, 27.0503, 22.1898, 27.2327, 19.4388, 2.53502, 21.0694, 15.8174, 7.37869, 28.6059, 11.0587, 28.4036, 14.4304, 12.6585, 6.68789, 11.0677, 6.19413, 1.48324, 13.7832, 25.146, 16.3023, 22.94, 16.9919, 7.94395 ], 
          [ 8.12824, 7.89151, 6.69482, 27.7874, 24.3072, 23.3621, 13.4151, 20.117, 22.2517, 14.4436, 6.22051, 1.56324, 20.2171, 22.329, 15.2937, 15.9698, 27.6611, 12.729, 15.307, 7.25228, 25.1475, 24.1822, 8.59616, 4.83769, 16.3668, 20.8103, 6.14712, 8.08322, 11.7588, 16.8001 ], 
          [ 23.5921, 26.8505, 22.3839, 20.3031, 23.8289, 25.5571, 2.70208, 16.8634, 8.6006, 5.99862, 27.2243, 4.41805, 28.1862, 4.63775, 6.58024, 21.1512, 11.4583, 4.85028, 24.8665, 20.7673, 17.4656, 24.168, 5.70238, 6.25334, 20.8726, 5.33565, 8.84825, 23.7103, 13.7543, 7.28102 ], 
          [ 2.76267, 29.6869, 27.7817, 9.71575, 27.3832, 16.5927, 13.9422, 25.876, 6.56958, 28.3223, 12.047, 25.3676, 28.5231, 24.3135, 5.5812, 10.4526, 26.2428, 18.8294, 1.20633, 29.6286, 12.4996, 16.9373, 14.6025, 24.2508, 21.1601, 6.61911, 17.1041, 11.1501, 25.7636, 16.7501 ], 
          [ 8.91421, 14.3234, 17.5998, 20.2898, 12.3595, 6.05507, 27.2937, 1.95274, 7.1646, 24.9854, 10.315, 8.26855, 24.6476, 24.3495, 2.10434, 17.4332, 19.7136, 29.0006, 7.66509, 25.4916, 11.6302, 26.8249, 20.6825, 1.25255, 25.5971, 28.8469, 4.40815, 20.0351, 19.7543, 9.19123 ], 
          [ 6.89206, 2.37511, 2.26444, 10.7281, 12.7459, 13.6508, 29.6143, 23.2176, 14.2456, 19.1651, 24.937, 23.1479, 26.5914, 26.8335, 23.396, 28.7428, 2.9335, 4.34615, 1.05899, 6.52425, 19.6506, 4.13452, 4.64767, 9.56601, 29.5459, 25.0224, 7.2353, 16.7361, 4.99548, 8.1904 ], 
          [ 19.7002, 27.665, 9.81906, 20.4007, 22.6487, 29.81, 16.7692, 2.56782, 7.02531, 19.037, 12.8348, 26.3517, 26.3032, 25.1249, 9.00446, 24.7675, 20.835, 29.3747, 8.5221, 26.0186, 15.9586, 11.2448, 19.2128, 17.5284, 20.7315, 4.45684, 26.9013, 15.3241, 7.6554, 6.55455 ], 
          [ 25.9213, 16.103, 3.01824, 1.19948, 11.2552, 27.6908, 4.3323, 9.92768, 7.09668, 23.8921, 4.30257, 15.4876, 20.9839, 6.78307, 7.38381, 8.67595, 6.69839, 3.19797, 21.5871, 17.5061, 24.4157, 18.041, 1.54811, 12.0375, 13.8005, 26.3031, 10.1341, 12.5801, 26.6463, 17.597 ], 
          [ 20.0028, 8.49095, 14.1438, 9.48693, 29.6225, 21.1075, 11.8287, 28.1267, 12.256, 7.40036, 27.5683, 21.3351, 19.1417, 20.0568, 24.6315, 23.7548, 23.3923, 4.18694, 29.1655, 29.7968, 18.3648, 29.3891, 7.77019, 24.9749, 1.77698, 8.43202, 7.04655, 16.4369, 12.4417, 13.6536 ], 
          [ 15.0711, 1.66826, 22.5887, 3.33416, 2.44934, 2.9815, 1.12155, 14.9777, 20.9031, 23.5873, 2.14499, 22.2304, 18.6865, 5.88435, 3.44668, 22.0736, 20.5943, 7.2233, 23.4934, 5.76455, 19.5888, 15.0885, 13.9, 27.9838, 1.7909, 27.4539, 6.58905, 25.9531, 19.9237, 3.25162 ], 
          [ 16.5725, 20.4365, 12.0841, 19.5457, 20.6736, 4.96781, 16.9932, 18.6231, 7.68018, 13.4851, 11.7293, 19.6669, 8.76978, 7.91211, 14.8904, 7.36338, 9.74532, 27.6098, 25.2612, 17.8825, 5.63545, 10.8787, 8.21615, 22.846, 29.4924, 6.29053, 2.17004, 3.88687, 15.5278, 18.9281 ], 
          [ 23.3201, 26.4261, 1.47026, 14.1063, 11.3171, 25.8321, 26.3084, 5.53068, 1.12206, 8.36583, 24.574, 13.0337, 21.0633, 14.3976, 23.8005, 29.7311, 17.1717, 12.2921, 15.6885, 16.4644, 4.96139, 27.5748, 20.9418, 24.299, 1.39, 17.2192, 6.1706, 21.3874, 23.2429, 6.98039 ], 
          [ 27.6098, 24.9545, 14.3346, 14.2274, 13.0596, 15.8116, 13.4286, 1.90434, 27.0679, 19.6342, 12.0188, 5.61455, 17.1738, 28.54, 5.01488, 19.3369, 21.122, 23.4215, 9.53783, 7.68636, 10.8881, 23.4726, 14.0891, 21.4415, 15.724, 18.5516, 19.5911, 9.37506, 3.86365, 22.5587 ], 
          [ 5.86854, 16.4941, 20.4656, 12.5381, 4.94313, 13.0246, 19.5849, 20.9611, 9.16244, 26.2388, 2.4304, 22.5181, 21.0206, 18.274, 23.4614, 23.504, 10.9952, 28.0339, 22.2374, 11.7267, 2.28011, 22.9332, 10.4706, 9.14571, 17.9355, 28.2977, 22.5748, 28.137, 1.11224, 5.26312 ], 
          [ 5.56795, 11.0104, 18.2228, 2.08419, 9.35864, 25.4841, 1.10966, 16.3067, 2.03067, 27.8465, 14.985, 21.9574, 1.67032, 11.9992, 8.43812, 14.5588, 12.5324, 21.7494, 13.3273, 25.6553, 11.4313, 23.4972, 14.9252, 21.8645, 24.3111, 12.2996, 4.36016, 24.605, 28.811, 29.5171 ], 
          [ 2.4331, 14.285, 9.57385, 11.6573, 7.20014, 8.81518, 11.0701, 26.2387, 11.3005, 27.0813, 17.1198, 20.8351, 18.3828, 20.1226, 7.42576, 8.06207, 20.7526, 6.04594, 8.3607, 19.979, 23.5307, 19.755, 7.20327, 6.69483, 10.5133, 1.45385, 20.3876, 2.36828, 5.19116, 18.86 ], 
          [ 15.4957, 7.91059, 5.20169, 24.2176, 17.3909, 8.25294, 14.0292, 12.903, 3.54702, 28.4268, 15.0995, 3.7773, 27.1592, 18.0937, 2.38476, 12.3784, 6.61386, 11.6889, 13.3911, 10.5726, 5.55323, 12.0478, 10.8556, 10.4683, 15.5557, 10.1227, 12.6386, 26.9912, 15.185, 7.49025 ], 
          [ 6.28518, 14.6094, 14.1069, 19.5745, 1.68969, 21.453, 9.39536, 26.4592, 26.8995, 6.49977, 3.05183, 2.05244, 14.1142, 24.5586, 5.51244, 3.50303, 7.99939, 21.0232, 5.81519, 8.15194, 25.8241, 27.9371, 11.6233, 26.4322, 23.7166, 4.27205, 22.0086, 25.652, 23.5865, 27.9085 ], 
          [ 17.4926, 24.1251, 22.4212, 8.33088, 21.297, 9.91769, 9.27168, 7.35986, 28.5997, 7.14052, 3.56986, 26.5147, 28.7988, 15.9839, 7.75889, 7.22953, 8.92289, 7.25969, 28.1758, 13.3876, 12.4759, 18.4159, 10.1011, 13.3878, 9.67199, 19.8938, 17.3895, 27.94, 16.7164, 19.2891 ], 
          [ 22.9543, 29.7873, 5.13401, 19.6347, 27.1306, 16.3854, 1.84218, 15.6674, 2.77196, 4.34986, 4.54078, 27.6031, 22.5736, 13.4764, 5.45426, 10.1897, 14.6637, 1.85448, 24.4825, 29.8343, 24.0731, 26.6461, 4.85494, 29.8649, 26.0569, 27.242, 10.075, 11.1534, 1.12685, 24.5949 ], 
          [ 27.8072, 13.216, 3.0847, 14.599, 11.0409, 28.7746, 17.3216, 23.2335, 29.351, 21.4546, 15.2586, 28.8791, 11.3634, 20.7511, 26.8033, 6.16414, 19.4774, 25.9791, 11.3256, 6.12239, 20.0942, 27.3787, 18.8282, 29.4388, 11.5211, 27.6524, 26.2127, 29.06, 22.2703, 24.6008 ], 
          [ 11.0184, 24.8322, 16.0628, 4.6005, 27.3094, 17.6749, 12.8948, 14.3495, 27.1766, 17.5663, 9.41824, 29.2834, 4.71585, 21.8937, 4.54187, 15.3664, 20.9766, 18.3819, 13.4761, 22.455, 3.35642, 27.659, 4.21094, 10.5563, 3.22748, 12.6886, 17.4299, 29.1328, 28.8937, 8.11599 ], 
          [ 22.9056, 4.93129, 23.4687, 26.6185, 19.7094, 9.36378, 29.7616, 19.6398, 24.6661, 25.9874, 5.17318, 9.98067, 14.3644, 19.6822, 26.7033, 13.3324, 20.4249, 9.99872, 10.5092, 1.75553, 17.812, 3.85529, 10.5561, 2.28208, 9.15497, 3.96693, 21.8755, 25.6022, 15.8612, 25.5099 ], 
          [ 26.9607, 18.0828, 18.9665, 13.3009, 20.5569, 16.6364, 16.1509, 7.15153, 13.9008, 3.89849, 10.5283, 26.1735, 5.02222, 15.9008, 12.0171, 25.285, 21.5284, 12.6842, 18.8235, 14.5234, 26.5745, 25.3592, 4.28645, 8.08473, 8.51236, 20.5265, 14.3372, 17.4497, 22.5266, 26.5916 ], 
          [ 16.5202, 24.3373, 22.1414, 17.657, 29.5221, 28.9304, 3.70438, 16.5814, 29.5349, 4.86968, 9.95588, 27.8676, 17.4051, 8.09779, 21.7487, 17.2956, 19.7737, 23.8956, 19.2606, 7.74402, 18.5785, 2.44182, 28.632, 11.9032, 10.992, 10.1242, 29.7451, 21.9522, 14.2087, 11.0206 ], 
          [ 5.01971, 11.9019, 12.6892, 26.7159, 12.5791, 4.60073, 3.09391, 13.8132, 17.1396, 22.221, 1.22291, 24.8823, 8.36031, 17.2318, 18.8923, 25.167, 18.4674, 4.89886, 4.94615, 17.8947, 16.644, 15.8211, 19.1854, 15.851, 8.7905, 23.7406, 21.1081, 12.6583, 9.3303, 24.9971 ], 
          [ 16.5461, 13.4576, 25.7557, 9.93853, 7.4016, 20.9788, 25.2462, 22.5311, 6.75376, 10.7724, 12.2281, 21.3556, 4.68733, 28.0905, 14.0463, 11.754, 18.8184, 22.3946, 14.7641, 26.086, 21.6843, 4.25142, 27.7515, 11.1941, 10.0816, 29.7316, 14.2283, 25.7225, 5.62959, 26.851 ], 
          [ 17.384, 3.14225, 20.4515, 28.5903, 21.4129, 27.0861, 4.54482, 28.8036, 19.091, 25.09, 13.2043, 3.91305, 18.311, 7.91011, 27.0665, 17.5376, 23.5734, 17.3737, 5.09926, 2.63888, 29.3493, 20.812, 17.7337, 23.6814, 25.4227, 22.127, 12.4525, 9.75111, 4.80017, 18.4038 ], 
          [ 18.1801, 13.4146, 10.1497, 8.70578, 7.32532, 6.00328, 8.70008, 16.9568, 13.9661, 21.9472, 1.83673, 22.202, 20.5436, 16.3686, 1.66245, 4.75319, 25.3413, 10.8061, 7.48585, 21.7679, 11.2858, 22.5397, 1.94332, 12.2611, 24.9768, 26.6445, 11.7662, 6.85785, 28.6493, 14.1481 ], 
          [ 11.8588, 11.9251, 2.91232, 23.4184, 12.5545, 24.1693, 22.2717, 1.78865, 9.79623, 25.6285, 14.0071, 10.1764, 20.0547, 2.88534, 18.9155, 9.24143, 18.6599, 2.19369, 27.4184, 10.2568, 29.1904, 17.1391, 21.7879, 14.116, 17.1566, 4.94268, 27.2548, 17.0908, 13.6737, 15.1998 ], 
          [ 11.9094, 12.6378, 4.95391, 14.3482, 12.4216, 17.7332, 25.7737, 12.6339, 7.29413, 20.5539, 11.3028, 15.5775, 13.4877, 21.4215, 25.6567, 22.3364, 5.30064, 6.24702, 23.4813, 3.60355, 12.7734, 29.3302, 19.746, 11.4292, 16.3453, 12.4135, 29.8194, 7.29391, 27.7874, 28.3939 ], 
          [ 20.0683, 22.0068, 17.1506, 17.1683, 17.1257, 10.6323, 23.5469, 27.5399, 17.3065, 18.2689, 9.90638, 9.88898, 28.9804, 10.3694, 6.70258, 2.68862, 9.41624, 17.1459, 6.81323, 15.2383, 20.4688, 20.656, 13.0562, 9.86255, 3.89188, 11.8803, 3.73359, 29.1125, 27.6082, 8.55464 ], 
          [ 13.3632, 27.8536, 28.5687, 16.1104, 29.1909, 14.5641, 20.9712, 17.4833, 9.38122, 22.3, 13.0499, 14.174, 14.4631, 4.39565, 5.25065, 2.58477, 23.0713, 5.03784, 26.7106, 14.5726, 20.4044, 15.6446, 9.1174, 9.25964, 11.2705, 26.0378, 25.5402, 19.2384, 21.1131, 17.7694 ], 
          [ 15.3001, 10.1998, 12.5432, 4.20681, 27.8199, 21.7448, 24.9717, 14.3133, 25.8889, 9.1249, 21.1709, 3.33165, 12.1014, 4.31506, 24.7393, 2.49798, 21.4584, 19.3991, 15.6213, 16.8095, 2.62216, 26.3874, 4.22568, 21.6729, 15.5269, 14.1611, 16.2966, 27.1748, 10.0019, 21.8674 ], 
          [ 20.8425, 2.31358, 21.52, 24.1243, 29.2778, 22.3077, 10.3099, 6.32878, 18.3666, 19.478, 27.5199, 29.145, 6.47719, 8.11558, 26.0595, 21.7013, 13.7514, 9.55945, 20.5673, 20.605, 5.67567, 4.69533, 25.1057, 17.5534, 8.19826, 18.5714, 14.4018, 24.0922, 15.7249, 18.0325 ], 
          [ 10.4744, 29.185, 27.0394, 16.8111, 13.3786, 21.8908, 28.2727, 12.4518, 1.6814, 20.0115, 12.6642, 5.4621, 19.5676, 22.4356, 3.83511, 16.41, 19.3319, 6.46305, 8.13382, 13.0511, 19.3811, 4.97842, 5.75618, 29.592, 13.846, 8.75898, 25.5862, 7.47416, 8.43102, 25.042 ], 
          [ 6.94091, 22.7091, 21.053, 16.938, 6.56743, 28.1038, 9.57244, 5.91297, 17.2591, 26.3545, 3.49117, 21.4018, 14.7865, 14.2511, 24.8191, 3.24014, 10.1519, 26.0061, 27.958, 6.06384, 22.028, 13.5935, 3.23031, 21.6172, 2.85131, 11.9952, 12.06, 1.66725, 10.5563, 28.8357 ], 
          [ 28.9608, 23.1408, 3.84711, 19.2068, 10.6793, 3.92557, 1.63611, 17.5929, 17.2755, 9.72795, 4.99749, 7.69481, 28.1051, 20.1554, 3.1173, 11.6684, 26.8976, 16.2466, 12.2556, 5.1721, 25.8506, 20.9921, 29.2986, 14.8042, 1.29947, 16.3826, 21.5907, 3.06055, 26.1904, 16.2367 ], 
          [ 20.0233, 8.32788, 20.9972, 7.75662, 2.27563, 26.9176, 10.4243, 28.8946, 15.6797, 3.06618, 2.51063, 28.9294, 11.7674, 17.3772, 12.781, 1.99523, 22.166, 13.6798, 15.5718, 6.80755, 18.2884, 19.5099, 14.4277, 24.8931, 8.91826, 16.6325, 29.416, 21.3391, 8.58638, 3.91129 ], 
          [ 25.0172, 10.9153, 21.2056, 3.82529, 21.2639, 9.73916, 14.8224, 9.45057, 1.67426, 23.0877, 20.6824, 1.29333, 28.5384, 15.5901, 21.463, 20.2454, 12.9597, 17.819, 22.5136, 6.06276, 3.21363, 11.8117, 5.77678, 27.9513, 6.06144, 7.36014, 24.0514, 8.7876, 9.71825, 24.2418 ], 
          [ 14.7232, 8.8542, 20.7076, 4.1483, 17.7603, 3.03385, 14.0703, 29.0282, 20.0925, 23.6381, 13.8307, 6.2753, 6.47831, 23.901, 2.65378, 8.5215, 29.2604, 21.4099, 1.59089, 3.84584, 23.4232, 18.7904, 11.0754, 28.2213, 22.3904, 3.23998, 14.9761, 7.80433, 2.20863, 28.6463 ], 
          [ 22.2431, 29.7354, 3.87693, 24.2834, 26.7313, 12.286, 16.249, 26.8074, 26.689, 28.6406, 7.30874, 11.8935, 3.86701, 21.0708, 22.4988, 16.1871, 13.4086, 23.0957, 4.44497, 25.4081, 1.42452, 3.34785, 20.602, 6.6604, 27.8908, 27.6029, 27.4431, 11.8423, 28.4119, 9.66331 ], 
          [ 28.8472, 25.5996, 16.0307, 28.7708, 10.4697, 11.2768, 6.22039, 15.664, 12.5141, 2.42832, 27.7109, 29.9639, 6.84087, 12.7448, 18.0623, 28.8743, 5.08675, 1.90361, 5.1105, 26.5075, 25.8233, 14.4262, 8.90052, 27.4686, 7.81492, 7.07181, 6.9247, 12.7725, 20.5972, 26.6677 ]
        ]
      ];
r = [
        [74305.2,81990.4,52440.1,81207.6,63310.2,62591.3,78078.8,59555,56828.6,57997.2,55546.6,77504.3,61602.1,74520,56137.3,75981.1,58418.6,54808.2,54972.8,80117.4,73574.3,58976.1,77433.9,56387.2,54055.7,64583.7,80208.9,65508.9,79072.2,58398.2 ], 
        [76371.2,64043.6,78121.1,62391.1,50465.5,61569.5,81670.3,51205.8,60660,54598.9,54148.3,70384.1,71487.5,52466.6,74907.5,70064.7,73582,69750.8,73269.4,75374.1,79480.9,65321.7,50927.3,80485.5,52082.4,71275.9,79890.8,81723.6,62990.3,51379.3 ]
     ];
d = [
        [3122.68,82864.2,54475.5,30296.1,31426,58859.1,46929.8,47617.1,53990.8,17721,28702.9,55224.7,82698.2,30227.9,56789.4,32223.5,35405.4,71676.4,55609,53514.2,4703.8,83152.1,44622.6,3706.01,42988.2,30861.4,76415.9,31399.7,51970.8,56862.5,26864.3,52966.8,21299.3,37127.1,64785.8,86011,55760.6,81676.2,25773.1,59289,23404.2,27742.1,88888.2,11691.3,4958.17,58649.1,44350.1,24926.8,72000.9,66806.3,53777.1,82623.6,84643.4,67387,78263.2,67415,62663.3,3556.79,76875.7,72731.5,56779,40564.8,16703.8,16943.5,9038.9,49761.4,35963.7,41166.3,50134.1,2483.39 ], 
        [23015.1,78443.1,51132,49574.1,9010.51,88006.3,32447,68505.5,81820.1,44524.7,9505.65,87955.4,27001.6,46520.7,9520.01,53157.6,31002.5,74583.1,35048.4,24707.3,49249.4,15383.1,33578.1,24540.2,63398.3,12920.8,39934.1,10331.4,59383.9,10739.6,13221.5,85398.6,68859.8,66881.3,80485.9,52816.3,12100.2,36685.2,23629.1,12715.7,81638.3,45611,75876.4,60081,11191,84261,19566.1,38065,7432.22,84115.2,30822.1,81113.2,1542.66,25885.8,76585.9,10585.1,81359.8,40963.4,19608.3,46234.9,51702.7,50555.3,26870,59895.1,86198.5,17868.2,3853.56,55528.7,24604.7,12959.1 ]
     ];
