/***************************************
* STOCHASTIC OPTIMITZATION
* OPL S2FVPP Data Generator
* by Jordi Mateo Fornes
* Model = S2FVPP; Stochastic (2S) MIP 0-1;
* Representation = Compact Representation;
****************************************/
I = 100;
P = 30;
C = 70;
G = 2;
p = [ 0.01, 0.01 ];
pc = 0.02;
ORCHARDS = { 1, 2, 3, 4, 5, 6, 7, 8, 9, 10, 11, 12, 13, 14, 15, 16, 17, 18, 19, 20, 21, 22, 23, 24, 25, 26, 27, 28, 29, 30 };
CUSTOMERS = { c1, c2, c3, c4, c5, c6, c7, c8, c9, c10, c11, c12, c13, c14, c15, c16, c17, c18, c19, c20, c21, c22, c23, c24, c25, c26, c27, c28, c29, c30, c31, c32, c33, c34, c35, c36, c37, c38, c39, c40, c41, c42, c43, c44, c45, c46, c47, c48, c49, c50, c51, c52, c53, c54, c55, c56, c57, c58, c59, c60, c61, c62, c63, c64, c65, c66, c67, c68, c69, c70 };
CGV = [ 12.3627, 25.4853, 10.2329, 20.683, 21.6957, 11.0756, 12.6637, 23.7192, 29.747, 24.3349, 1.6333, 4.32544, 17.4201, 25.5003, 10.542, 10.3069, 6.75382, 6.70016, 11.987, 21.4619, 7.0354, 11.8772, 18.5623, 13.2509, 13.4674, 27.7698, 8.32329, 29.4574, 27.4332, 21.3173 ]; 
s = [ 2.84972, 2.63639, 2.93451, 0.881518, 0.485698, 0.306994, 0.525129, 0.687612, 1.28742, 1.62071, 1.89602, 2.57658, 2.98629, 1.68668, 1.96442, 1.15665, 2.91276, 1.99352, 2.48752, 0.680003, 0.552075, 2.98777, 0.270194, 1.38969, 0.820449, 1.419, 0.795921, 2.74378, 2.73897, 28.9432 ]; 
CSV = [
        [
          [ 18.8785, 5.63985, 27.883, 13.029, 23.0799, 15.0276, 18.1009, 25.687, 27.6945, 6.70554, 15.7077, 20.5839, 15.7571, 29.9763, 22.0352, 3.19477, 1.15821, 4.49446, 10.3254, 15.033, 2.72328, 23.4147, 23.4285, 28.569, 2.57224, 29.2096, 25.8035, 5.59168, 23.1427, 5.03059 ], 
          [ 16.1975, 4.13446, 16.0669, 12.1648, 6.16323, 16.1565, 28.9049, 3.92713, 7.45943, 1.65784, 11.8028, 10.7974, 23.9677, 11.6057, 25.9281, 22.6406, 25.454, 22.7033, 26.9769, 10.3725, 26.1898, 12.2066, 17.2008, 26.8597, 20.6755, 3.99953, 23.6312, 4.38199, 11.8498, 17.607 ], 
          [ 5.35079, 21.9056, 15.2709, 7.82339, 15.3896, 6.11425, 17.3057, 9.49968, 27.5131, 14.883, 26.6784, 17.5344, 28.3453, 1.11245, 19.1636, 12.1985, 6.55094, 17.3287, 4.35553, 14.9048, 21.5469, 5.71961, 16.1082, 9.24987, 7.17449, 4.17183, 28.9272, 20.6304, 5.25237, 24.4558 ], 
          [ 19.4931, 27.8381, 17.0215, 28.4628, 10.4125, 23.8989, 19.2396, 13.5873, 16.3993, 13.1542, 25.3118, 22.9087, 29.221, 21.935, 5.57221, 23.1686, 15.6923, 5.05522, 3.00351, 21.7181, 16.5003, 13.1868, 16.9845, 23.8126, 17.3694, 15.7034, 2.69691, 6.89704, 26.0348, 15.6054 ], 
          [ 3.66449, 28.5763, 18.1999, 1.35641, 22.4886, 22.3453, 20.1549, 1.4858, 18.7138, 16.1288, 16.443, 14.638, 16.0927, 1.7349, 1.41299, 24.3506, 22.7321, 1.33087, 25.6396, 22.4368, 16.763, 22.2484, 11.6126, 27.8338, 9.97327, 8.07582, 24.8253, 25.6916, 3.3055, 16.1509 ], 
          [ 28.3963, 7.4352, 23.8121, 22.0263, 11.0013, 2.88679, 6.82604, 28.4672, 17.1578, 11.7781, 20.5759, 27.9387, 29.2578, 22.5664, 24.9129, 13.3676, 15.8026, 4.97523, 20.9033, 27.2895, 18.4607, 15.0848, 26.7544, 26.3047, 2.69389, 20.8278, 25.0747, 21.2527, 27.7304, 3.68395 ], 
          [ 12.5363, 1.73768, 5.58531, 21.9776, 21.9389, 29.516, 7.12221, 24.1629, 23.4552, 27.3711, 28.1434, 5.40702, 29.516, 18.0308, 8.5073, 16.9485, 22.4117, 27.3567, 17.154, 19.2528, 12.1677, 28.6358, 3.46683, 21.229, 22.6531, 12.1509, 21.4365, 2.00667, 6.75763, 29.4101 ], 
          [ 14.364, 11.9166, 4.70378, 8.58102, 22.9067, 22.2688, 24.1987, 21.2101, 14.0606, 26.0861, 1.09284, 7.16786, 9.59066, 8.5159, 14.8441, 21.9024, 28.0194, 24.653, 20.305, 11.922, 12.3344, 9.76526, 23.356, 2.6733, 9.47258, 26.8211, 24.8307, 20.3617, 3.18035, 4.75225 ], 
          [ 24.2429, 13.5421, 8.72928, 21.768, 10.3025, 2.51857, 12.0878, 27.0389, 15.3747, 11.573, 14.8412, 18.542, 24.9822, 28.208, 22.3231, 7.11302, 17.0673, 2.02695, 28.4514, 19.6124, 27.6261, 18.362, 6.1093, 10.4964, 4.85279, 28.684, 11.825, 24.2067, 9.55289, 15.9122 ], 
          [ 20.5703, 28.9768, 29.689, 16.92, 2.41438, 8.2508, 19.7971, 8.75944, 7.60667, 7.91257, 9.54395, 26.2995, 25.0232, 19.6422, 17.7863, 18.4872, 24.4514, 26.5257, 5.07054, 2.06541, 21.5819, 20.5819, 20.0419, 12.9822, 25.6559, 15.7834, 10.9188, 22.3059, 23.26, 23.6052 ], 
          [ 29.5639, 3.48025, 6.72106, 26.5437, 29.6157, 17.9218, 12.7657, 10.9753, 8.63825, 29.6243, 2.94672, 1.49597, 13.3974, 10.4886, 26.0171, 4.20889, 12.8815, 29.576, 1.98185, 2.02963, 19.7348, 9.97372, 12.7371, 27.5536, 14.9002, 14.1392, 23.1371, 5.09164, 8.40621, 6.2095 ], 
          [ 4.92856, 2.06228, 24.4933, 7.46468, 12.3137, 9.13442, 14.7228, 26.5661, 21.4901, 4.75729, 27.9924, 1.89903, 14.9161, 11.1595, 21.5697, 15.4835, 5.76042, 23.8112, 11.0001, 8.65534, 10.0727, 14.3884, 22.5852, 21.4474, 25.8479, 8.474, 28.2416, 14.5137, 20.1553, 16.7091 ], 
          [ 12.8835, 17.486, 11.3165, 23.6517, 23.9169, 15.3144, 28.7893, 3.36901, 16.8589, 28.8259, 7.59072, 7.42141, 4.25958, 9.55196, 8.89277, 7.22037, 6.88115, 7.92131, 25.3923, 8.98448, 11.652, 2.80819, 20.4324, 4.67126, 13.4458, 28.8174, 9.88568, 14.4534, 3.35229, 3.2896 ], 
          [ 4.23055, 8.67436, 9.33609, 6.00202, 22.9896, 20.105, 24.2219, 7.31567, 22.9543, 6.46075, 17.1184, 25.1639, 23.4789, 11.7679, 16.6301, 19.5453, 22.5329, 13.5424, 22.0485, 29.6866, 21.7733, 14.8397, 9.85657, 27.5351, 6.17744, 9.27931, 22.3737, 12.7596, 15.1336, 19.2831 ], 
          [ 21.901, 4.78966, 26.0721, 28.8394, 25.0955, 12.862, 1.04645, 6.06654, 6.0296, 12.8423, 11.793, 6.3086, 8.04498, 17.1345, 6.55503, 29.1965, 21.9146, 28.7789, 24.5006, 8.11071, 15.2887, 15.6259, 5.91078, 12.7226, 17.7098, 17.9462, 23.8126, 25.3107, 15.0654, 7.575 ], 
          [ 7.7995, 23.8388, 4.55129, 16.6191, 6.85657, 9.22246, 18.8568, 28.3957, 26.4941, 16.7424, 21.9533, 28.4574, 2.53058, 18.5731, 22.8233, 22.8003, 17.6346, 27.5292, 1.49018, 23.6648, 2.98333, 21.9685, 17.4371, 9.10463, 11.6212, 6.22283, 3.96173, 21.388, 12.0691, 29.4196 ], 
          [ 11.3132, 17.0914, 9.15197, 27.0182, 16.0339, 26.5089, 19.9977, 13.6007, 4.92497, 26.8585, 28.3736, 15.3873, 9.67756, 6.16193, 29.8418, 23.2098, 10.2944, 3.8622, 7.48246, 6.02251, 3.74353, 6.61536, 15.0084, 15.988, 15.2886, 23.9408, 18.2383, 2.79723, 22.1594, 29.872 ], 
          [ 1.38855, 19.2002, 16.1789, 4.81064, 1.5296, 6.47972, 25.8307, 8.29394, 13.6324, 17.1522, 28.1407, 12.0418, 15.6734, 29.3626, 7.16214, 17.3679, 2.42143, 3.87552, 18.9573, 23.737, 8.92229, 14.2353, 25.6316, 4.40362, 15.5593, 17.4254, 29.817, 4.84093, 11.7963, 11.0193 ], 
          [ 22.3789, 14.1788, 20.3216, 7.29636, 18.8465, 5.67622, 13.0643, 13.3622, 29.3868, 19.8091, 26.1651, 26.7468, 7.17876, 28.9378, 23.0043, 27.5277, 4.87188, 27.0547, 16.5525, 16.1694, 5.77045, 3.62102, 19.5468, 8.5675, 25.861, 22.2492, 22.6089, 23.6635, 17.5849, 26.8771 ], 
          [ 19.8714, 14.0014, 5.33056, 7.30129, 11.4859, 6.74101, 24.4616, 21.0579, 26.6764, 5.01407, 19.2247, 1.33295, 24.871, 4.85009, 10.2049, 5.32702, 10.6406, 22.4591, 20.9131, 9.25365, 29.1188, 13.113, 4.13363, 26.8596, 5.68011, 22.9489, 21.5463, 12.3078, 17.7198, 3.17804 ], 
          [ 11.2022, 5.78513, 16.8196, 26.3275, 13.5971, 16.8813, 11.0808, 20.0646, 13.6118, 8.31081, 23.194, 10.1652, 1.53204, 6.58409, 4.14762, 20.64, 5.53091, 17.5672, 28.4057, 25.669, 11.8763, 7.32469, 25.1184, 14.623, 9.13148, 22.7317, 24.9338, 6.99174, 3.18236, 17.1265 ], 
          [ 29.822, 7.46648, 3.8032, 22.2658, 20.0389, 18.1806, 10.0077, 20.0657, 28.8429, 6.2557, 29.7963, 2.43573, 25.816, 19.5696, 14.935, 18.159, 9.55766, 12.3126, 4.7021, 15.896, 19.3814, 24.2602, 17.2883, 18.9517, 10.8629, 21.7117, 14.701, 14.7356, 12.2119, 6.19829 ], 
          [ 28.3365, 29.5541, 7.37088, 29.7847, 25.5158, 8.80115, 13.8335, 16.0012, 19.0244, 29.8272, 16.6418, 29.043, 16.1721, 9.35939, 29.6685, 21.1399, 14.7509, 4.37034, 12.5412, 16.0301, 4.29248, 27.6513, 7.1524, 21.3492, 29.6202, 13.2616, 9.92494, 18.5855, 27.3641, 4.08747 ], 
          [ 10.3613, 3.45428, 10.3353, 26.4544, 5.09691, 22.6698, 15.6817, 13.1372, 15.9833, 8.53218, 6.94155, 24.4305, 4.55652, 12.3141, 14.2801, 29.2291, 20.8536, 10.7441, 12.6928, 23.1245, 12.8781, 26.6551, 4.04627, 25.8323, 28.6845, 8.96236, 29.9334, 5.17377, 27.5355, 8.98452 ], 
          [ 26.9503, 16.3667, 6.76825, 9.60139, 10.6514, 2.27044, 21.4362, 16.834, 16.7217, 2.62772, 8.91164, 12.8347, 11.5386, 9.10899, 11.6744, 15.3677, 23.9404, 29.8233, 28.9199, 23.1694, 13.8449, 10.1869, 16.2264, 27.417, 23.8231, 11.0164, 21.5032, 11.5183, 1.02614, 3.77861 ], 
          [ 5.35579, 29.7827, 3.27529, 9.34508, 18.8696, 12.5085, 26.158, 16.212, 3.89061, 21.5188, 19.6874, 16.8247, 11.1592, 24.2438, 5.10167, 23.9281, 17.1681, 24.6667, 15.8576, 16.2523, 8.75114, 29.8692, 12.2025, 4.37133, 11.1295, 20.0274, 15.6608, 19.387, 19.7396, 28.9941 ], 
          [ 19.895, 25.2936, 18.2048, 27.0635, 10.1683, 29.6726, 7.66627, 1.23057, 14.005, 25.4177, 15.7314, 10.1261, 15.0551, 18.4712, 5.83521, 28.0294, 18.4566, 22.3761, 8.20844, 21.6299, 5.12163, 23.1459, 15.0181, 19.419, 1.6926, 20.4537, 18.7348, 15.264, 17.6282, 24.1524 ], 
          [ 15.0133, 29.8821, 21.7266, 1.98588, 18.9775, 7.85995, 27.0292, 8.49194, 28.4087, 24.6344, 16.487, 10.1567, 20.5015, 12.2525, 6.29002, 25.2949, 14.2597, 17.7716, 8.45366, 5.56081, 4.25025, 9.88049, 11.0785, 12.547, 8.10595, 22.2593, 6.95814, 7.00578, 23.3519, 7.73666 ], 
          [ 21.904, 12.7341, 6.88618, 25.0396, 19.1667, 1.38207, 9.6211, 2.9583, 6.51957, 14.4862, 29.6259, 8.54782, 3.34936, 29.3536, 28.9388, 17.9033, 13.5018, 9.47057, 2.35809, 25.5645, 16.756, 1.0246, 23.4328, 15.0729, 11.6157, 9.95614, 5.96993, 2.11497, 6.36221, 28.9015 ], 
          [ 21.4898, 23.2486, 5.08964, 29.6476, 12.0959, 18.575, 13.4602, 9.4007, 4.44566, 29.8855, 13.1238, 10.3088, 25.2522, 29.4854, 24.1598, 3.70496, 3.70026, 26.0445, 25.0191, 17.3594, 12.4463, 24.4831, 16.8977, 21.1764, 22.3544, 24.8219, 6.52985, 3.73156, 21.5054, 6.24852 ], 
          [ 28.8266, 16.6891, 28.7988, 19.5618, 13.3832, 26.3103, 17.6091, 28.5783, 12.4229, 7.24743, 10.5014, 7.18708, 27.1942, 8.16794, 27.3023, 24.2826, 25.3836, 12.748, 6.06946, 22.6419, 10.6855, 5.98955, 12.4126, 10.293, 13.3101, 16.9135, 22.9792, 15.0578, 25.9146, 5.53858 ], 
          [ 25.9089, 28.5089, 3.77277, 13.7643, 23.5939, 29.0472, 16.912, 17.8163, 23.8287, 27.5237, 13.7444, 25.5745, 8.04492, 25.2027, 28.3673, 27.268, 4.8179, 11.972, 7.46029, 29.2225, 21.0825, 5.54028, 9.6494, 17.9734, 26.5794, 13.4592, 1.55574, 13.6272, 22.1367, 23.6443 ], 
          [ 29.8332, 11.1698, 29.1116, 26.0063, 18.4212, 25.8661, 3.21553, 5.17462, 14.0567, 12.1447, 2.71885, 29.8576, 17.2827, 18.4222, 6.10719, 2.78942, 10.1055, 1.61436, 25.6963, 27.6989, 14.544, 8.83442, 5.85139, 15.3307, 14.8351, 25.321, 27.7064, 27.7552, 7.30339, 6.91275 ], 
          [ 16.6922, 16.2879, 23.9949, 21.5435, 6.37652, 23.797, 23.1333, 24.8104, 24.4791, 1.3705, 21.1105, 15.9132, 8.07229, 11.3994, 4.89332, 4.0139, 7.24353, 24.1294, 8.9151, 5.53559, 26.3094, 8.53864, 11.8497, 26.7792, 28.8356, 5.44907, 26.8149, 10.3913, 7.02775, 18.8592 ], 
          [ 24.9077, 2.72175, 1.30976, 5.78398, 28.8503, 11.3505, 3.43173, 4.36805, 28.2932, 29.9611, 23.6574, 19.8844, 9.83841, 12.9686, 10.1831, 3.6303, 23.0183, 23.2176, 18.1862, 12.3298, 27.6736, 20.9628, 14.6574, 13.9058, 2.4681, 25.9315, 10.8374, 12.158, 2.25095, 28.4264 ], 
          [ 18.6353, 18.179, 13.7594, 7.38111, 20.4515, 19.0407, 13.9227, 22.1889, 4.49051, 22.7849, 17.4296, 21.224, 18.8066, 7.86014, 7.25872, 4.25063, 20.9372, 29.8319, 25.4393, 8.58222, 26.7939, 11.6988, 1.09311, 1.87389, 12.4793, 8.88436, 13.223, 28.4414, 29.6388, 19.9071 ], 
          [ 4.92985, 19.7556, 16.3787, 20.3285, 24.3381, 21.5587, 24.4677, 13.7699, 3.87026, 15.956, 16.8971, 27.9352, 6.81119, 9.03724, 19.7033, 13.8441, 25.0056, 8.82908, 27.5828, 17.1007, 1.23504, 1.17211, 13.7508, 2.96486, 9.6579, 24.1141, 13.5263, 29.0575, 26.6863, 10.988 ], 
          [ 20.8655, 9.78709, 17.3582, 10.4487, 24.8392, 21.1918, 23.6833, 27.4771, 13.1537, 11.2678, 24.4954, 18.2452, 6.2297, 11.7377, 10.0265, 26.5526, 25.709, 6.41669, 26.4276, 2.5935, 23.3692, 14.4365, 5.2299, 7.55286, 16.9249, 26.3571, 1.42211, 16.5161, 16.3548, 27.3408 ], 
          [ 11.0784, 7.94676, 6.69164, 20.1929, 3.74103, 24.733, 16.8372, 10.4992, 24.3135, 28.0306, 21.6335, 17.7765, 23.2958, 27.2911, 15.178, 29.4962, 5.72009, 17.6853, 16.3844, 19.3087, 20.412, 14.0602, 2.31103, 15.9191, 28.4669, 28.2667, 10.7889, 27.628, 7.29065, 11.1939 ], 
          [ 7.94689, 18.6027, 5.64984, 28.7516, 22.2136, 18.114, 29.9134, 28.1577, 7.7648, 16.956, 20.1623, 14.0882, 23.7132, 9.33777, 11.0026, 16.0397, 10.3297, 9.66959, 2.23783, 5.60142, 9.60717, 14.7153, 26.9505, 24.2763, 1.44159, 6.66383, 1.17131, 27.3802, 16.9724, 14.7082 ], 
          [ 27.678, 23.6205, 21.2442, 9.84382, 15.9128, 19.4442, 24.5631, 6.25973, 12.04, 16.474, 26.3332, 12.4666, 14.1425, 12.7001, 23.0348, 28.9335, 3.10079, 6.43146, 26.5486, 26.4534, 28.0916, 20.4436, 23.4507, 12.1011, 11.3226, 1.57892, 21.2605, 4.39517, 27.7151, 20.1218 ], 
          [ 29.1787, 14.2881, 19.3155, 8.94976, 9.56169, 24.5287, 13.3365, 4.72791, 12.082, 14.6954, 12.096, 4.63115, 21.1296, 7.69716, 5.66565, 12.1164, 6.35853, 2.3553, 12.9619, 23.3626, 16.8971, 27.0888, 21.0789, 17.1092, 27.0275, 12.5765, 25.7482, 14.6963, 15.7643, 8.19455 ], 
          [ 6.67935, 21.234, 16.7169, 1.31499, 21.6052, 2.67064, 28.1008, 17.9042, 2.46607, 25.48, 29.7264, 12.5915, 22.9493, 14.009, 7.12253, 3.1715, 6.92993, 16.9684, 4.24476, 3.54071, 18.0495, 19.1679, 14.6158, 5.42112, 18.8405, 21.8363, 13.3011, 12.0634, 11.4925, 15.5989 ], 
          [ 18.2276, 27.0011, 24.2986, 4.13109, 16.2549, 18.1267, 20.4724, 29.6268, 22.3954, 16.1363, 4.9278, 16.2959, 18.344, 16.4036, 4.84334, 5.52155, 25.9485, 13.3524, 23.5626, 21.7497, 1.72324, 18.4414, 26.7597, 22.3064, 13.6653, 3.24252, 24.8905, 25.0057, 23.3463, 8.65408 ], 
          [ 11.6838, 11.4713, 27.9691, 10.15, 29.5543, 10.4581, 11.8322, 12.9408, 13.4848, 29.5864, 10.4046, 18.4273, 13.4899, 25.177, 1.81421, 16.1286, 8.1959, 25.3143, 16.6131, 6.88648, 6.63358, 18.992, 12.2771, 2.51418, 14.2924, 22.433, 19.0108, 26.1464, 6.46661, 6.14986 ], 
          [ 7.89209, 15.648, 1.20956, 1.56089, 2.84776, 19.4112, 7.90064, 19.6968, 10.8365, 8.86794, 25.2793, 3.03707, 26.4818, 6.00771, 27.5887, 13.3431, 23.6181, 26.9439, 8.0014, 9.44664, 19.8579, 23.2487, 7.18979, 20.6339, 2.50817, 24.0733, 1.28217, 25.3394, 25.7374, 3.26968 ], 
          [ 21.3742, 23.1141, 28.6484, 7.68295, 6.15828, 28.0474, 4.38307, 19.4571, 16.1627, 29.0239, 25.5112, 23.5299, 27.0852, 7.53319, 28.2458, 28.9261, 22.1237, 7.13767, 15.5739, 3.86723, 15.6716, 24.7873, 26.4437, 29.6237, 22.9944, 12.66, 3.95033, 5.87601, 15.4502, 9.42983 ], 
          [ 16.524, 20.8694, 19.5456, 16.6784, 25.983, 15.6221, 8.24474, 7.1295, 19.014, 19.2082, 6.91024, 4.69135, 19.979, 24.3363, 2.54601, 12.3881, 11.3158, 11.5706, 7.50592, 5.89254, 27.5652, 10.4096, 12.4665, 23.3501, 11.9136, 21.5511, 6.82317, 25.6918, 12.8725, 6.56003 ], 
          [ 23.3419, 16.9612, 2.434, 1.27432, 29.8746, 19.1935, 20.9835, 21.7174, 16.1205, 23.6186, 20.156, 1.61457, 7.83545, 7.92115, 26.7293, 18.2936, 6.2358, 28.4866, 27.2657, 22.7724, 2.0356, 25.9987, 28.0277, 24.3309, 7.11402, 19.1174, 14.6234, 9.24792, 23.4519, 7.51726 ], 
          [ 2.04488, 6.80946, 16.7105, 19.0922, 24.5276, 18.3877, 17.56, 12.8126, 15.6648, 4.35749, 11.0437, 23.7002, 10.9662, 1.79404, 12.3377, 28.994, 3.34747, 20.1073, 8.34846, 27.1471, 11.1664, 24.936, 9.23046, 17.9331, 18.1202, 20.2207, 12.685, 21.4304, 17.528, 7.00867 ], 
          [ 6.05645, 16.0315, 25.8195, 13.9288, 10.0278, 12.2785, 3.61203, 1.66535, 15.3138, 13.6084, 10.313, 24.8581, 29.7535, 18.6457, 7.81172, 1.48309, 2.1697, 15.9845, 3.77233, 16.6061, 9.6035, 27.1515, 9.32461, 17.0823, 18.2502, 21.4883, 22.2423, 6.43807, 14.9874, 4.1535 ], 
          [ 28.7744, 3.27962, 26.6878, 2.9191, 11.9662, 19.8948, 22.1211, 1.23465, 29.9949, 15.4118, 24.1699, 5.45896, 3.38602, 6.1366, 12.8895, 9.03589, 29.9777, 14.33, 24.4221, 20.7283, 2.2591, 21.2879, 16.0186, 12.2431, 10.7506, 11.7543, 18.8849, 21.921, 2.67673, 26.4118 ], 
          [ 26.5849, 10.8344, 14.8464, 22.336, 16.3205, 28.2952, 13.7327, 7.91953, 15.6308, 14.5135, 4.80789, 15.5431, 28.6835, 21.7017, 10.8135, 21.2023, 11.2787, 23.7009, 27.2855, 16.6651, 7.97668, 19.1797, 7.26134, 21.1938, 26.937, 8.9378, 11.8186, 26.2711, 12.0101, 15.3535 ], 
          [ 13.4973, 12.3473, 29.5992, 23.6842, 29.8963, 25.0893, 2.29704, 14.046, 27.5001, 22.1448, 11.0991, 29.4249, 1.17619, 14.3917, 22.6203, 11.2832, 15.9164, 10.496, 28.2644, 18.9271, 25.0085, 19.4604, 25.3076, 17.5532, 9.29852, 20.2039, 21.7166, 9.7698, 16.7708, 5.31767 ], 
          [ 20.9215, 9.03058, 4.72926, 12.8432, 21.0041, 28.3662, 27.7734, 2.05576, 9.27072, 17.776, 22.6958, 28.3791, 24.3224, 1.89589, 25.5728, 21.6691, 18.1937, 18.5922, 16.0542, 14.9291, 7.01105, 25.6728, 27.0632, 26.2864, 18.7919, 16.9541, 11.6925, 12.3588, 20.746, 12.86 ], 
          [ 12.1186, 14.5682, 5.38573, 2.96546, 1.25626, 11.3866, 11.1257, 25.2596, 12.765, 1.9739, 3.1947, 22.3131, 7.47998, 16.6316, 18.622, 13.0434, 28.0776, 4.63833, 11.1646, 2.62308, 2.14434, 28.4104, 16.1901, 25.4497, 12.4547, 13.971, 27.0583, 7.80657, 7.40472, 16.5406 ], 
          [ 7.11783, 3.72672, 16.5595, 13.9114, 4.14063, 8.12856, 8.36166, 25.703, 15.099, 1.81661, 24.2205, 16.0287, 1.05199, 19.1783, 14.503, 25.4522, 8.563, 28.7169, 12.2266, 14.4537, 11.8399, 29.3299, 27.1364, 28.4868, 28.2319, 5.56984, 21.7734, 29.22, 14.6389, 24.1907 ], 
          [ 23.8674, 27.7419, 2.95883, 7.55686, 10.4364, 12.2402, 29.9312, 8.61929, 21.1942, 15.0608, 18.3186, 24.9051, 18.7338, 13.9397, 9.1126, 10.6675, 18.4311, 12.4858, 14.6942, 29.7103, 11.0896, 2.88613, 12.6232, 14.7528, 14.5991, 10.5665, 28.8353, 16.977, 26.3587, 22.3469 ], 
          [ 24.818, 28.8856, 6.52137, 26.248, 12.6955, 16.4627, 6.65827, 11.4715, 12.8451, 8.47679, 11.6628, 28.6368, 12.4549, 18.4888, 9.00377, 10.5799, 1.63896, 2.96358, 5.21729, 11.6209, 24.2206, 29.0284, 7.1302, 24.1563, 8.36957, 13.9713, 7.45301, 17.198, 18.45, 9.17467 ], 
          [ 15.3822, 10.3577, 7.37405, 6.43417, 27.8896, 1.80065, 10.8042, 14.1638, 16.4293, 13.8356, 13.9372, 8.6562, 12.2351, 23.97, 16.8771, 7.90624, 12.4248, 7.97277, 2.19021, 2.60866, 20.5885, 10.2542, 12.4432, 15.8746, 14.2079, 21.6827, 5.04487, 28.337, 22.115, 6.40079 ], 
          [ 10.9647, 10.9761, 21.1621, 12.2859, 4.89763, 18.2124, 11.6667, 18.1077, 2.78558, 25.9198, 13.8375, 29.9001, 16.2847, 26.7811, 13.1486, 28.0681, 16.6945, 17.6694, 27.5883, 29.0685, 18.6808, 9.37344, 26.6983, 1.21713, 4.96034, 22.2599, 18.0677, 13.4068, 12.2656, 13.0302 ], 
          [ 19.0649, 9.86434, 12.2473, 14.7571, 8.6614, 7.7541, 21.3358, 16.8263, 8.04795, 6.08667, 29.1611, 28.3275, 5.78701, 2.76006, 9.16596, 16.1575, 11.5291, 3.31765, 6.58517, 15.4788, 28.3614, 25.1399, 29.0777, 6.83401, 15.7876, 23.2194, 23.2767, 24.9289, 2.50569, 14.3195 ], 
          [ 13.0873, 18.7547, 15.33, 28.383, 4.44595, 1.27032, 26.2094, 16.9769, 12.6887, 11.5942, 18.9695, 15.1982, 5.42113, 22.1108, 10.3265, 15.1672, 19.0574, 15.9774, 26.4241, 12.4118, 29.1177, 10.3227, 19.9913, 12.0536, 24.2016, 14.8595, 25.0148, 6.27431, 25.5469, 24.975 ], 
          [ 16.3841, 9.05218, 15.237, 5.58229, 13.7464, 3.25453, 22.376, 7.32296, 2.12882, 20.0636, 21.1613, 4.39843, 12.9654, 1.10724, 26.3861, 17.5635, 9.48871, 14.7428, 24.69, 29.5063, 18.7718, 24.7321, 9.67086, 9.02162, 28.5562, 3.17113, 27.826, 15.7323, 29.2697, 26.821 ], 
          [ 7.22087, 1.03036, 20.4019, 26.1231, 1.5057, 15.3371, 28.3757, 10.9701, 6.00898, 8.57743, 13.543, 18.8729, 20.0667, 28.4092, 3.06166, 1.24985, 15.6843, 9.81809, 5.88363, 18.7735, 21.1719, 13.4645, 13.9751, 20.8809, 10.8638, 2.28563, 24.299, 18.1198, 15.2618, 4.66142 ], 
          [ 19.7412, 15.5476, 6.13413, 19.7393, 10.0198, 25.497, 24.1486, 22.8801, 1.9445, 23.4753, 22.0868, 28.7943, 22.8213, 22.8423, 17.5542, 11.969, 7.28112, 8.71279, 9.70289, 10.5166, 1.24679, 4.33437, 4.39741, 3.50299, 3.90808, 10.6907, 22.2597, 22.2822, 17.1494, 10.8572 ], 
          [ 24.9378, 23.7998, 28.5648, 25.9038, 22.9405, 6.08735, 27.3346, 12.7229, 25.2848, 4.42289, 28.8085, 21.5922, 6.40546, 21.6773, 2.19136, 23.2111, 11.5962, 5.94156, 21.0792, 27.8946, 17.9618, 20.0336, 23.7511, 17.8495, 25.8906, 28.9603, 24.2652, 10.0883, 20.0229, 7.81321 ], 
          [ 28.0077, 26.5446, 22.7482, 7.51996, 22.2121, 29.1457, 10.1689, 2.70144, 8.30387, 13.8214, 23.4098, 14.3768, 29.4344, 14.6329, 6.39764, 17.9882, 16.4551, 3.26423, 19.2718, 14.959, 24.6799, 28.2812, 4.84546, 14.6192, 2.23875, 7.83374, 15.0601, 13.1463, 29.2275, 26.4703 ], 
          [ 8.54171, 1.05775, 9.15315, 27.8973, 17.5402, 28.045, 18.4685, 10.3998, 29.7168, 24.5786, 18.169, 2.6418, 22.1016, 2.25391, 14.5165, 27.8592, 18.8066, 14.6575, 15.5932, 4.72016, 9.01716, 3.47985, 5.50606, 22.3634, 4.33064, 15.9372, 27.951, 10.1154, 11.0962, 8.09008 ], 
          [ 22.0948, 28.8992, 20.1346, 26.1314, 4.60997, 6.01657, 19.0264, 1.0174, 10.7725, 27.9084, 3.54584, 16.3407, 10.3671, 28.4608, 9.6281, 3.76376, 21.2197, 18.7933, 17.0704, 6.2167, 8.99721, 8.86765, 7.28284, 1.44778, 14.422, 3.19589, 2.88448, 5.31931, 29.5961, 10.0527 ]
        ], 
        [
          [ 25.2191, 11.4685, 16.369, 17.8691, 18.9441, 16.554, 19.9017, 26.1016, 15.6636, 21.7903, 9.23192, 13.6288, 21.3279, 13.0074, 13.4077, 11.5959, 15.7459, 29.056, 15.9852, 14.891, 21.2597, 6.44474, 10.1174, 5.0017, 14.0082, 17.1587, 1.50343, 16.3949, 8.59144, 18.8878 ], 
          [ 11.2777, 29.3508, 21.7484, 20.5139, 5.20251, 17.547, 25.3105, 15.0318, 1.01868, 15.4399, 7.23935, 4.38643, 16.8253, 12.7653, 24.3084, 5.63174, 9.93148, 17.7079, 20.7433, 9.34183, 24.5287, 13.9208, 18.8936, 6.50234, 11.5702, 10.4983, 9.06981, 6.48825, 19.8771, 3.34127 ], 
          [ 18.7791, 13.4916, 6.49276, 3.93459, 3.1906, 18.6995, 4.62965, 25.6207, 10.9722, 5.47717, 27.6673, 23.254, 12.9524, 24.8821, 24.8505, 21.1442, 19.7635, 2.4299, 11.0848, 2.84798, 9.83449, 9.34788, 10.9478, 18.2358, 14.9131, 15.6059, 24.3644, 16.4089, 27.754, 23.7592 ], 
          [ 25.8786, 14.3422, 9.00974, 1.22262, 7.94908, 5.50231, 3.9008, 27.6662, 19.6272, 25.9166, 22.8822, 3.24154, 5.73242, 16.7748, 25.8987, 14.0773, 11.6079, 25.6068, 13.9307, 15.3887, 10.1105, 16.0728, 22.6224, 19.696, 20.0671, 24.4089, 29.5594, 19.0391, 11.0675, 7.69262 ], 
          [ 24.385, 19.7267, 24.2979, 4.11875, 27.8534, 8.91779, 5.23919, 29.5984, 2.83623, 7.65471, 25.1362, 3.4586, 5.33472, 13.5094, 28.9394, 26.9771, 26.5754, 11.3407, 25.2622, 12.3333, 27.1465, 22.178, 4.31794, 17.3609, 19.4498, 17.8907, 27.613, 5.28711, 22.9329, 16.4195 ], 
          [ 29.8803, 12.933, 17.4848, 25.4844, 2.56228, 12.7498, 11.3913, 15.705, 1.01628, 17.6379, 7.44268, 9.55546, 20.9534, 10.3658, 19.9997, 25.2601, 2.84825, 26.012, 1.60872, 13.7647, 28.5682, 18.1221, 24.1057, 23.0514, 27.8358, 14.0434, 26.7525, 1.21583, 1.73441, 10.2519 ], 
          [ 5.11617, 16.8914, 27.9118, 6.68356, 27.2753, 22.3652, 9.42114, 28.5363, 2.78313, 3.4721, 9.52611, 12.9389, 5.95664, 2.35067, 13.7431, 15.2437, 28.5684, 23.567, 13.0798, 23.4326, 15.9826, 6.72551, 17.5155, 19.4108, 6.77094, 21.4391, 24.195, 25.9563, 1.2142, 9.98104 ], 
          [ 27.3815, 8.67921, 21.7297, 16.6706, 10.5472, 15.4754, 13.9975, 29.888, 1.63752, 18.5955, 15.8871, 17.231, 27.9768, 8.16647, 16.8925, 21.6822, 11.6813, 3.96995, 17.1007, 26.4096, 20.4463, 5.86025, 26.8593, 22.1774, 23.2462, 16.8011, 19.0262, 10.3827, 23.5387, 1.6271 ], 
          [ 27.9458, 1.58589, 11.2272, 1.62221, 13.668, 28.3438, 14.2514, 15.7904, 29.5381, 13.0438, 2.0615, 16.9533, 22.0216, 2.35983, 9.72775, 6.79351, 6.89193, 17.5291, 10.4539, 13.8221, 26.2035, 23.8641, 2.46686, 11.6038, 25.2036, 15.538, 26.839, 4.18205, 20.3197, 18.2362 ], 
          [ 6.6855, 11.0686, 28.4773, 8.24909, 4.04849, 2.37128, 9.44166, 26.0246, 29.9625, 25.7132, 5.38844, 11.3361, 7.98826, 6.87389, 15.0905, 12.9155, 10.9844, 14.2387, 24.4957, 12.1493, 26.3674, 14.0785, 17.7476, 21.3633, 13.6695, 26.3519, 7.81813, 1.82635, 7.83288, 24.17 ], 
          [ 18.0358, 8.89121, 28.0539, 12.3547, 9.13576, 11.2413, 20.7885, 18.5794, 21.1018, 13.206, 21.3807, 2.63996, 25.9765, 11.9794, 21.1613, 8.682, 27.9931, 7.03135, 21.2387, 13.4864, 13.7859, 18.7572, 7.07402, 6.80483, 7.01034, 11.8281, 29.7301, 3.06281, 12.5249, 10.4132 ], 
          [ 8.17934, 26.0845, 22.8589, 17.8825, 9.18332, 9.98669, 13.0945, 28.8958, 10.9752, 12.137, 12.1248, 9.96089, 16.6916, 20.5828, 16.3387, 5.8842, 21.0499, 25.911, 14.865, 19.7993, 5.00183, 12.1876, 9.65782, 27.6474, 16.1693, 25.2379, 4.35448, 13.7674, 19.5141, 13.833 ], 
          [ 6.79957, 27.9145, 8.95713, 7.86368, 3.4559, 18.7631, 7.96124, 4.58357, 28.7488, 11.3138, 8.02392, 5.37618, 27.7109, 10.2514, 13.7646, 20.1342, 22.3156, 3.02779, 11.9294, 25.9955, 28.8697, 11.3299, 19.9826, 16.2807, 22.1334, 4.49708, 26.7243, 25.2222, 6.34546, 26.101 ], 
          [ 18.4963, 9.54739, 28.4086, 28.3691, 22.0778, 7.63333, 13.8249, 29.7961, 20.9516, 11.2171, 2.75027, 22.0419, 27.2232, 1.44631, 6.77357, 27.0038, 1.53738, 15.188, 13.5143, 6.21066, 18.6121, 18.4978, 27.288, 9.72912, 16.4839, 17.2102, 3.49673, 8.55701, 15.9123, 17.1922 ], 
          [ 28.1277, 18.2912, 16.1429, 5.00179, 25.0076, 5.63828, 5.41066, 23.2177, 6.7416, 16.841, 11.8176, 16.0285, 24.91, 4.71201, 27.3727, 21.1613, 18.9565, 25.978, 11.4336, 24.6773, 15.5709, 28.0933, 20.9601, 12.1117, 20.9121, 19.1355, 10.243, 5.60192, 22.7386, 2.56503 ], 
          [ 20.0164, 16.4507, 25.7203, 5.3404, 14.9189, 25.9837, 1.18705, 11.4462, 25.8944, 10.8291, 8.05674, 8.67152, 7.02885, 18.8573, 20.5392, 23.1635, 15.6321, 5.72144, 3.58633, 19.7589, 8.8083, 7.28019, 18.3325, 19.2605, 5.49781, 24.0508, 6.17448, 23.9149, 17.2307, 8.44364 ], 
          [ 21.4928, 2.56586, 14.2829, 14.2378, 5.84114, 25.7878, 17.6603, 15.1398, 11.0826, 17.5313, 26.8217, 29.2136, 27.8858, 21.5701, 12.6571, 29.8021, 2.21153, 21.8421, 12.5218, 15.8538, 27.4202, 18.4062, 15.4931, 16.807, 24.9381, 8.32124, 24.0175, 6.47745, 25.7899, 14.0496 ], 
          [ 7.84842, 15.4895, 9.72654, 18.9712, 9.04259, 10.0253, 1.03248, 4.31414, 15.7142, 2.33687, 26.5217, 17.8783, 24.5374, 15.0405, 5.72078, 21.5176, 16.2992, 6.63782, 19.0415, 21.3819, 15.3356, 8.76455, 20.9549, 20.3674, 18.4921, 6.59958, 16.6065, 5.26492, 16.4126, 27.8902 ], 
          [ 4.26399, 22.026, 8.16262, 9.52704, 5.01743, 24.0761, 20.9959, 27.0001, 25.126, 14.9681, 10.4662, 29.5162, 9.48282, 17.5433, 17.762, 20.9243, 27.9723, 1.15529, 28.4067, 15.6811, 16.5658, 27.9173, 20.4765, 7.84824, 8.38631, 11.4304, 23.9002, 27.0167, 10.402, 4.55301 ], 
          [ 22.0325, 17.641, 6.77376, 17.1604, 17.7918, 4.96748, 7.27639, 24.6325, 28.7222, 19.7773, 7.92785, 3.41597, 12.3708, 2.84783, 4.69624, 23.9216, 1.97468, 27.9081, 14.6356, 5.26027, 4.7575, 19.595, 28.1027, 25.5484, 26.727, 13.7941, 29.4923, 22.5277, 3.76837, 15.1779 ], 
          [ 3.66209, 7.19639, 26.2461, 16.0878, 12.5825, 1.83741, 21.6201, 11.9405, 26.4231, 9.4754, 12.4339, 18.6615, 10.294, 26.1136, 12.0605, 12.4863, 8.04696, 28.6524, 14.5631, 26.4588, 13.7672, 5.06382, 13.1793, 6.00493, 23.4064, 3.87743, 19.6772, 17.2133, 3.5735, 14.9203 ], 
          [ 18.5307, 11.1421, 23.7899, 8.91458, 1.71153, 11.0609, 3.33049, 16.0194, 22.5445, 22.602, 5.06339, 7.93833, 2.73725, 14.7412, 14.0051, 28.0468, 21.4771, 28.5176, 29.9917, 25.7818, 25.8092, 20.1432, 29.7666, 11.9164, 9.19045, 24.7289, 23.7402, 11.5228, 25.7442, 27.5295 ], 
          [ 2.12636, 11.8919, 5.61839, 19.7875, 13.0366, 12.9283, 7.16595, 12.9121, 24.1782, 9.07757, 12.3598, 16.0686, 12.9934, 25.5846, 17.146, 27.2461, 14.183, 8.6206, 1.95072, 21.2104, 1.26808, 24.8632, 18.1122, 20.1366, 23.6355, 24.4162, 26.4362, 25.2808, 1.91613, 14.0846 ], 
          [ 26.4038, 8.4864, 27.3857, 9.84809, 13.5584, 20.4686, 7.91475, 7.50451, 24.2351, 20.8632, 7.89753, 7.26911, 10.2195, 28.0606, 28.4464, 23.688, 12.6061, 25.4006, 21.0379, 1.0185, 1.62463, 6.53138, 18.4895, 7.7923, 29.2436, 26.5661, 8.01065, 29.5273, 21.8994, 18.4484 ], 
          [ 10.2057, 8.23056, 5.35426, 18.5672, 17.8839, 19.4579, 5.47067, 22.4824, 23.8737, 11.4677, 7.56442, 1.74704, 8.96526, 18.9064, 7.04365, 3.94135, 17.8209, 13.2512, 8.63703, 5.17279, 7.49567, 10.2926, 22.6018, 4.7684, 14.4017, 9.67651, 6.21374, 6.40411, 26.4388, 19.6993 ], 
          [ 2.65126, 25.7474, 28.7893, 4.28615, 12.0488, 21.6996, 19.9578, 19.7353, 4.12293, 25.2177, 28.2843, 7.42146, 17.8243, 19.7046, 24.6294, 9.74393, 1.34114, 18.6542, 11.0495, 1.10652, 3.52154, 12.0857, 6.15371, 21.7328, 27.0481, 21.3717, 29.5412, 29.0593, 20.1416, 21.5755 ], 
          [ 9.08613, 25.9728, 29.6508, 4.89552, 18.4521, 14.494, 25.6866, 10.2686, 7.40316, 15.1769, 19.1383, 6.18107, 12.1977, 8.55058, 27.5372, 23.5647, 5.00704, 25.691, 23.9066, 21.3782, 2.36043, 22.188, 5.38244, 2.28076, 15.0097, 26.7224, 14.2469, 24.9755, 10.7093, 2.59045 ], 
          [ 7.02535, 28.9586, 6.11806, 22.8323, 22.1585, 25.4072, 13.2867, 7.39319, 4.69344, 20.2183, 6.07454, 28.2756, 19.616, 21.5945, 21.2656, 15.9145, 19.0027, 15.0929, 6.45386, 19.4309, 12.6138, 17.6059, 6.51657, 11.9793, 8.70594, 27.4144, 27.4988, 25.8578, 26.3407, 18.8343 ], 
          [ 3.12326, 25.7783, 26.5523, 18.3408, 21.1002, 23.4982, 14.6765, 26.9807, 23.7496, 5.07561, 4.56487, 4.72482, 6.44167, 10.5741, 27.024, 14.3328, 21.4832, 10.088, 15.2047, 5.11856, 2.40323, 2.07362, 19.537, 29.4101, 29.1788, 27.2832, 11.7674, 9.96396, 14.5921, 28.2897 ], 
          [ 26.8288, 10.9353, 8.65669, 21.5874, 3.24763, 18.5661, 4.73923, 29.6206, 6.38922, 11.2017, 4.13737, 29.2275, 13.2476, 6.66575, 20.7021, 28.7943, 16.8649, 2.02763, 8.24231, 23.8556, 25.7136, 20.5011, 6.69314, 18.4632, 26.8743, 8.27669, 19.933, 24.4907, 6.10655, 28.7427 ], 
          [ 27.3042, 10.0018, 10.5968, 4.54386, 21.9711, 12.2238, 24.5927, 7.71021, 19.4463, 4.69611, 16.2788, 21.4942, 3.31711, 8.75286, 25.7738, 18.4379, 12.7687, 26.4337, 3.6151, 14.6781, 14.6827, 14.6427, 7.89373, 27.0386, 12.0724, 14.699, 14.2287, 2.69457, 11.1906, 3.59823 ], 
          [ 7.22294, 24.4547, 29.2406, 15.4321, 2.00275, 8.14077, 22.0709, 1.4349, 13.212, 4.32263, 17.3046, 18.0633, 5.72442, 5.51904, 9.35198, 29.2555, 25.8014, 17.3713, 10.2201, 13.8432, 29.2332, 17.0602, 27.2042, 27.5751, 3.01935, 22.3162, 20.5572, 13.6594, 23.0249, 4.73298 ], 
          [ 7.68799, 16.1563, 15.3019, 2.59191, 24.3994, 22.6986, 3.41987, 14.873, 3.94552, 24.9208, 4.00452, 11.5082, 5.85354, 13.0145, 15.7391, 14.9554, 20.779, 6.66939, 26.019, 24.839, 2.34188, 10.9768, 29.1058, 17.2106, 14.2505, 23.8026, 15.5538, 4.81254, 29.5867, 6.00778 ], 
          [ 21.8283, 26.2637, 14.8321, 3.77646, 3.01095, 29.8456, 15.3631, 3.90955, 11.5817, 8.47241, 13.0964, 3.38253, 29.0723, 19.9138, 24.1658, 13.9341, 23.2228, 24.807, 12.3215, 11.2913, 29.001, 19.2099, 27.0631, 7.75857, 19.6846, 15.4953, 16.8232, 10.8786, 29.6731, 15.7531 ], 
          [ 23.243, 18.8623, 20.1366, 3.56924, 13.052, 29.0974, 18.0778, 7.83831, 17.8975, 29.8308, 23.3802, 26.7332, 9.06984, 1.18684, 22.6858, 18.3954, 18.2317, 12.3727, 23.3257, 7.81642, 1.89036, 4.29755, 2.62214, 22.1346, 9.30055, 26.7579, 27.1837, 24.5033, 12.4045, 8.15327 ], 
          [ 7.25564, 23.3875, 28.4071, 6.04734, 20.4342, 1.11388, 3.69317, 15.1214, 12.3005, 16.0459, 6.20054, 20.9548, 27.357, 2.52177, 29.4378, 13.6694, 24.161, 12.6967, 1.00014, 19.5524, 8.41117, 15.8908, 5.79642, 4.12888, 21.0711, 27.6508, 13.4921, 5.27301, 8.93198, 16.9968 ], 
          [ 20.9472, 25.8526, 29.1082, 12.7402, 13.0432, 15.3209, 18.0354, 20.0326, 16.3397, 24.029, 2.74334, 19.3007, 21.5833, 28.4372, 26.3943, 16.3959, 24.1517, 26.8168, 9.17624, 23.1505, 12.6149, 7.53096, 7.11092, 29.3151, 6.24498, 11.0318, 3.94054, 13.9395, 25.7288, 23.4438 ], 
          [ 15.6891, 25.8766, 26.2716, 28.6687, 23.0475, 5.16662, 14.6076, 23.041, 20.6023, 5.24094, 28.1129, 4.72611, 21.7818, 9.15916, 1.89546, 2.73025, 12.7364, 8.87103, 23.89, 4.77362, 27.779, 15.0614, 3.55774, 14.4674, 4.4289, 19.718, 13.0951, 10.4157, 4.998, 5.86002 ], 
          [ 27.8343, 28.5322, 1.98083, 28.2239, 25.5412, 18.6632, 28.0039, 16.3316, 18.1662, 1.10935, 26.6453, 22.9793, 15.6866, 14.0617, 22.8593, 24.8017, 16.4505, 22.81, 17.9368, 15.3581, 27.0282, 27.5497, 4.05769, 7.82396, 2.59917, 6.75894, 18.8691, 28.6854, 11.0286, 8.16731 ], 
          [ 17.2814, 9.5029, 16.4374, 3.84037, 25.1508, 4.98742, 18.9613, 13.7613, 22.3162, 5.07749, 20.8307, 15.8611, 5.23853, 12.6087, 12.2906, 11.1452, 15.1298, 15.9636, 28.0011, 10.0329, 23.0767, 4.44503, 4.28865, 3.1678, 12.0144, 12.3587, 16.3634, 9.03095, 13.6596, 5.13411 ], 
          [ 7.43893, 5.67088, 22.9791, 4.85038, 8.34728, 23.9248, 28.1985, 19.1417, 26.6782, 22.9082, 4.16676, 9.6172, 18.1484, 15.222, 5.33313, 8.15508, 17.6013, 3.02414, 29.6715, 19.1873, 10.5855, 17.5221, 20.6841, 5.91655, 8.58308, 13.4611, 18.4004, 11.7167, 14.5835, 29.8444 ], 
          [ 4.31486, 5.01844, 24.7554, 17.7269, 20.8531, 15.6877, 16.8611, 5.25418, 18.5353, 4.60143, 29.4156, 14.2639, 14.939, 9.49874, 10.4107, 23.6571, 25.7426, 26.4379, 26.5522, 16.5881, 7.60308, 11.2373, 24.0521, 2.77366, 10.4337, 19.9998, 26.0249, 11.698, 15.4537, 18.1748 ], 
          [ 14.6116, 12.4149, 23.9992, 4.68096, 24.5822, 20.4931, 20.8142, 8.72463, 3.26476, 7.89284, 5.4104, 28.9299, 19.7997, 24.5695, 19.0039, 13.1507, 26.5193, 9.20683, 16.1651, 19.8462, 24.117, 29.2568, 7.43971, 13.9819, 29.0705, 1.82284, 20.9023, 8.31745, 3.12637, 13.4288 ], 
          [ 15.5781, 8.86069, 3.63984, 10.6692, 25.0437, 13.7042, 12.0952, 28.2729, 3.55548, 19.642, 16.8671, 21.4297, 18.0337, 7.94163, 23.286, 24.818, 26.9052, 12.6002, 5.64555, 17.7427, 13.9843, 20.3219, 12.8003, 7.26695, 8.65571, 2.61072, 3.287, 12.9463, 4.72676, 27.4184 ], 
          [ 21.9374, 18.7695, 23.4576, 4.85002, 14.2218, 6.16185, 15.0932, 3.67453, 29.2126, 4.33433, 13.0852, 15.2097, 11.3727, 14.8145, 23.8783, 24.4835, 19.8862, 18.1176, 8.17529, 13.3949, 27.8713, 25.5125, 23.481, 7.97666, 14.6548, 28.9309, 24.0369, 3.24735, 22.4694, 20.3076 ], 
          [ 3.84034, 2.64151, 9.77399, 28.0227, 4.02224, 3.55958, 4.72689, 7.02383, 14.1753, 26.9411, 18.5985, 10.6188, 8.00783, 19.5555, 3.42416, 17.3256, 7.5445, 12.4054, 16.8309, 29.9276, 11.1729, 15.0539, 4.51632, 19.5806, 19.7994, 13.7188, 16.8244, 5.51829, 1.53443, 4.19465 ], 
          [ 12.8353, 18.9089, 25.293, 28.1477, 9.50162, 18.7995, 26.8942, 8.08503, 14.7475, 11.2404, 14.3987, 6.96274, 13.1335, 23.2041, 13.2238, 21.2519, 5.63777, 3.44084, 22.0265, 25.7491, 8.83587, 20.1012, 24.122, 16.1259, 9.5863, 11.8591, 3.05333, 29.1767, 4.70606, 2.24718 ], 
          [ 9.38959, 10.644, 3.18282, 25.3956, 15.6909, 29.9584, 25.9595, 3.40652, 17.3819, 25.9166, 11.3822, 8.34643, 23.4352, 24.404, 28.2376, 4.48013, 21.976, 17.5824, 5.66407, 10.7227, 11.8627, 19.6072, 5.96377, 7.16586, 3.89309, 29.6198, 25.7728, 29.4899, 20.3967, 1.37648 ], 
          [ 23.7159, 7.04649, 23.9055, 10.037, 11.8002, 26.8449, 12.3265, 29.9072, 3.09092, 20.7443, 20.311, 29.296, 17.6805, 16.1486, 13.6123, 20.868, 8.71674, 13.545, 7.37713, 26.4058, 20.1857, 14.664, 27.9382, 28.9754, 23.6272, 27.0061, 27.0049, 17.4343, 4.1812, 17.0234 ], 
          [ 29.4657, 12.7191, 22.3327, 11.6897, 21.6714, 25.5616, 20.5166, 18.0934, 17.9832, 13.991, 24.8501, 19.3849, 19.7725, 1.66117, 25.4073, 24.4121, 4.73664, 4.98745, 5.16888, 23.1847, 27.2381, 27.2254, 19.0995, 3.1079, 5.98603, 22.4485, 13.6268, 12.8036, 25.4579, 11.8059 ], 
          [ 2.55466, 4.37725, 20.1857, 26.5922, 21.6189, 24.1036, 3.1087, 22.2737, 3.63083, 1.45018, 21.6067, 27.6776, 19.4826, 6.06285, 18.844, 21.8081, 22.7594, 15.5006, 21.7494, 12.2333, 6.82151, 1.69352, 5.40193, 18.4956, 5.98634, 27.3129, 17.4752, 25.9216, 1.69304, 24.4147 ], 
          [ 10.2722, 18.3997, 6.00476, 7.72148, 8.06096, 4.06004, 17.1005, 4.40092, 2.64841, 22.3116, 2.66823, 2.93173, 5.53952, 21.0863, 9.68702, 8.19029, 20.9965, 5.03282, 17.6597, 29.0243, 29.2717, 25.7058, 25.7312, 13.1276, 21.4797, 27.9653, 15.5129, 20.1486, 22.3955, 20.2513 ], 
          [ 9.97781, 16.4768, 10.2678, 2.29793, 28.9168, 20.6633, 6.5112, 25.8601, 15.2489, 19.3502, 14.2296, 13.035, 27.8108, 19.0373, 5.58507, 14.6231, 19.5012, 9.47798, 14.7138, 11.0486, 17.9617, 3.03793, 25.1018, 14.6938, 17.7726, 15.4614, 8.89952, 27.9985, 13.3566, 17.8026 ], 
          [ 27.1675, 7.8945, 27.8919, 16.9937, 15.0655, 29.4285, 23.8034, 22.6048, 22.8512, 1.49796, 9.15799, 15.0502, 13.1033, 26.5113, 17.0894, 19.3678, 8.94883, 18.7278, 13.4108, 14.248, 26.6211, 19.2378, 16.1813, 29.8083, 17.4628, 29.7658, 28.6047, 25.9016, 25.6149, 8.09756 ], 
          [ 17.3923, 19.9428, 28.36, 3.13478, 13.8208, 25.4568, 14.0204, 23.8946, 16.8432, 22.9809, 21.1624, 20.6374, 10.2353, 10.9973, 13.8058, 24.0983, 8.54392, 22.999, 5.1414, 16.7674, 22.1401, 7.16474, 7.45283, 15.9351, 14.9435, 2.76289, 24.8873, 25.2872, 19.8972, 14.7278 ], 
          [ 18.0263, 26.7985, 25.7732, 27.5199, 13.0095, 5.43897, 8.77924, 6.12588, 21.7442, 11.8365, 26.4236, 25.6658, 2.98735, 7.5632, 12.2619, 17.1677, 12.749, 14.9069, 2.73404, 16.2174, 16.3636, 1.0064, 10.2425, 4.15642, 22.6805, 16.588, 3.61331, 1.46493, 23.4514, 14.1046 ], 
          [ 19.0702, 3.93104, 16.8651, 25.2764, 19.4154, 22.9971, 9.21854, 14.0268, 26.8877, 7.51582, 26.8328, 17.3265, 3.55285, 27.2646, 7.67194, 26.5809, 19.7469, 2.72118, 3.765, 9.53556, 26.6732, 8.58045, 29.7308, 17.9707, 8.58929, 3.36558, 26.0322, 22.7899, 12.845, 16.1622 ], 
          [ 22.257, 4.5842, 14.1386, 18.0439, 3.53785, 28.2093, 23.302, 11.007, 7.94487, 18.9522, 22.7035, 1.4061, 29.6967, 19.9957, 10.0549, 16.3815, 16.4834, 14.9329, 14.1714, 10.3498, 6.21506, 8.64217, 4.79933, 9.83143, 25.1083, 15.7411, 5.66669, 16.877, 1.58328, 4.02963 ], 
          [ 7.84791, 10.9851, 6.96473, 8.15836, 11.8461, 28.2642, 25.7515, 24.4054, 23.7818, 5.93385, 8.13727, 26.3772, 8.79177, 14.9285, 25.2091, 7.40588, 26.3642, 22.685, 9.46471, 22.2458, 6.0071, 18.5502, 4.99833, 7.72086, 28.3853, 12.2557, 13.8591, 23.9711, 2.65011, 29.5493 ], 
          [ 20.9936, 10.4963, 18.0318, 12.1648, 24.0869, 6.42065, 26.475, 9.83074, 22.6467, 2.69168, 5.28103, 2.52541, 1.25971, 8.89997, 26.6835, 29.5926, 17.2311, 28.7969, 16.4225, 1.77523, 25.6848, 20.442, 17.22, 8.51444, 10.2391, 9.36278, 17.0035, 12.0604, 25.866, 9.88935 ], 
          [ 16.4039, 8.55926, 4.7161, 1.69422, 16.9288, 27.2572, 6.19036, 5.29859, 22.8682, 4.27592, 5.71536, 28.8633, 15.0743, 24.6118, 13.4934, 8.77651, 2.55776, 3.96051, 16.5184, 16.2042, 1.47617, 20.3003, 4.4997, 4.28683, 19.0507, 23.1307, 23.0049, 3.03131, 23.0475, 12.061 ], 
          [ 9.87591, 2.50143, 17.0468, 11.4421, 23.7929, 13.7593, 5.88059, 24.6822, 28.5533, 8.55383, 6.90184, 22.1931, 22.8482, 2.54429, 14.5585, 10.5655, 7.01192, 13.6854, 27.7402, 13.6148, 1.97932, 15.2395, 3.01514, 14.2039, 16.8527, 3.53686, 9.35873, 3.2053, 1.77404, 15.0602 ], 
          [ 6.7101, 10.261, 16.0434, 1.84425, 3.29896, 16.9025, 26.1531, 5.79406, 2.51688, 21.5998, 1.43375, 15.7693, 18.5254, 3.958, 17.8963, 8.15149, 21.7624, 20.4258, 22.3395, 15.7281, 18.2653, 3.21792, 13.3926, 1.75345, 13.2692, 12.4118, 27.4341, 8.11063, 15.0628, 4.37431 ], 
          [ 20.1825, 16.1402, 1.29675, 1.93496, 12.3926, 2.64496, 19.6937, 8.2405, 10.9853, 27.3451, 23.1505, 14.9074, 3.21248, 19.8918, 14.7963, 10.3151, 14.1879, 13.5611, 25.0753, 16.1259, 17.1194, 7.11317, 4.56863, 6.0594, 21.7942, 9.76462, 17.2304, 22.4908, 12.556, 9.8373 ], 
          [ 18.0097, 11.1764, 28.6267, 13.4423, 21.5339, 2.79856, 20.2654, 23.9588, 21.222, 9.73258, 26.2875, 29.4029, 18.8072, 6.76021, 9.32128, 16.8666, 4.73042, 7.39846, 29.5291, 3.97078, 2.16592, 7.78178, 28.6278, 16.0004, 11.6259, 5.29934, 8.57923, 11.0188, 1.3353, 19.8971 ], 
          [ 10.7734, 12.9827, 12.1705, 3.44979, 27.1796, 11.7437, 21.5457, 11.6442, 5.7351, 5.76033, 22.366, 14.6371, 13.6091, 21.1404, 7.01504, 11.6911, 7.04728, 14.2168, 18.1942, 9.48652, 21.0958, 19.2984, 24.7929, 28.0055, 13.0081, 29.6364, 22.3319, 29.971, 7.45948, 20.9622 ], 
          [ 29.7711, 29.0452, 24.6947, 27.7364, 8.65706, 22.4349, 6.26124, 27.2315, 28.7589, 4.92974, 19.0261, 12.2578, 16.8597, 3.11767, 11.7349, 26.424, 4.15925, 12.5815, 10.0727, 3.43357, 8.08699, 11.4406, 21.0431, 28.8631, 15.887, 3.78774, 13.0618, 13.8529, 3.66052, 3.42413 ], 
          [ 16.5599, 14.1086, 26.1572, 25.3918, 4.6515, 5.32163, 8.08914, 7.25478, 26.8386, 17.7773, 17.8798, 25.051, 17.2477, 4.18121, 19.2405, 2.06342, 20.5906, 28.2865, 19.9555, 9.82372, 2.37542, 14.4306, 29.3666, 11.8806, 6.47703, 4.7109, 15.0391, 12.3274, 25.8302, 12.0275 ], 
          [ 1.94177, 26.8914, 19.1203, 26.5439, 16.9555, 8.36156, 23.7489, 27.6542, 17.2594, 17.9409, 6.05734, 29.723, 23.2262, 7.91378, 16.6207, 11.9234, 27.104, 6.06342, 15.6984, 18.7045, 14.5977, 6.35895, 23.9786, 7.78313, 23.3673, 19.2493, 18.409, 13.3462, 6.07878, 2.17718 ], 
          [ 1.26428, 28.1851, 17.1666, 15.2601, 27.9559, 1.8739, 6.28618, 9.39314, 16.6421, 29.3272, 13.2838, 29.8794, 23.7774, 10.3665, 1.55406, 10.4255, 14.7375, 4.1941, 15.7741, 20.8523, 2.38818, 28.9249, 12.3209, 28.8343, 16.1108, 23.1449, 6.89562, 17.9827, 19.9316, 2.91838 ]
        ]
      ];
r = [
        [51819.9,52264.8,75458.1,69250.7,53058.9,59621.8,75717.4,59799.9,67885.4,55909.8,58812.5,79880.6,79282.4,50649.8,59025.4,58491.5,62625.6,56475.3,71454.3,70388.3,73471.6,73285.2,72694.5,71899.3,70037.2,71852.3,62676,77021.3,51997.2,55134.8 ], 
        [75630.5,67954.8,63009.8,65717.5,76185.3,70131,59969.9,76661.8,70159.3,54462,74157,60302.8,72029.9,81723.5,79239.4,61756.1,62697.6,69985.7,72831.1,63041.6,62807.8,79837.6,67669,55523.5,75432.6,74289.3,64359.6,55751.6,66521.6,68230.4 ]
     ];
d = [
        [71470.9,81449.5,71826.1,48871.8,53200,22513,58574.4,68578.3,74314.2,69437.5,81069.8,12439.6,41379.3,67543.7,81239.2,3245.23,85981.2,7944.33,61083.9,18390.2,7963.09,80519.7,19430.9,66047.1,54450.5,5329.32,23330.1,71233.4,71499.1,47831.5,51264.7,64102.2,39388.5,27526.8,86535.6,14484,60367.5,63677.1,52098.9,26252.3,13991,83560.9,66143.3,5831.21,19617.8,15665.1,11974.8,6009.75,31511,57946.8,19086.4,77738.9,60191.2,69853.9,61743.4,58549.3,37737.1,72080.5,9321.08,37821.6,85725.6,38259.5,60488.5,68435.4,75733.6,74304.3,24125.4,83279.9,50836.6,89463.8 ], 
        [61533.3,73166.6,64497.1,5357.13,87654.2,89796.6,46180,78359.7,8261.08,28863.8,54103,65675.3,65868.1,69177.9,51519.5,2633.09,25944,10117,88121.3,2211.06,16738.1,33456.8,57288.1,83802.4,65055.3,62919.9,24109.5,77298.8,36923.2,50183.9,30055.5,24663.7,24502.2,50064.4,84882.2,63869.3,65636.8,49354.4,28603.9,2177.34,88507,9075.76,5083.5,51915.5,6819.01,81495.1,44296.2,26380.7,46628.8,9315.7,32931.6,87962.6,67626.1,14738.6,34361.3,32743.9,55368.7,54867.6,18827.2,70622.7,48716.2,45634,63825.2,48782,8759.58,19775.8,17823.6,4587.9,85978.5,78353.3 ]
     ];
