/***************************************
* STOCHASTIC OPTIMITZATION
* OPL S2FVPP Data Generator
* by Jordi Mateo Fornes
* Model = S2FVPP; Stochastic (2S) MIP 0-1;
* Representation = Compact Representation;
****************************************/
I = 100;
P = 30;
C = 70;
G = 2;
p = [ 0.01, 0.01 ];
pc = 0.02;
ORCHARDS = { 1, 2, 3, 4, 5, 6, 7, 8, 9, 10, 11, 12, 13, 14, 15, 16, 17, 18, 19, 20, 21, 22, 23, 24, 25, 26, 27, 28, 29, 30 };
CUSTOMERS = { c1, c2, c3, c4, c5, c6, c7, c8, c9, c10, c11, c12, c13, c14, c15, c16, c17, c18, c19, c20, c21, c22, c23, c24, c25, c26, c27, c28, c29, c30, c31, c32, c33, c34, c35, c36, c37, c38, c39, c40, c41, c42, c43, c44, c45, c46, c47, c48, c49, c50, c51, c52, c53, c54, c55, c56, c57, c58, c59, c60, c61, c62, c63, c64, c65, c66, c67, c68, c69, c70 };
CGV = [ 12.3627, 25.4853, 10.2329, 20.683, 21.6957, 11.0756, 12.6637, 23.7192, 29.747, 24.3349, 1.6333, 4.32544, 17.4201, 25.5003, 10.542, 10.3069, 6.75382, 6.70016, 11.987, 21.4619, 7.0354, 11.8772, 18.5623, 13.2509, 13.4674, 27.7698, 8.32329, 29.4574, 27.4332, 21.3173 ]; 
s = [ 2.84972, 2.63639, 2.93451, 0.881518, 0.485698, 0.306994, 0.525129, 0.687612, 1.28742, 1.62071, 1.89602, 2.57658, 2.98629, 1.68668, 1.96442, 1.15665, 2.91276, 1.99352, 2.48752, 0.680003, 0.552075, 2.98777, 0.270194, 1.38969, 0.820449, 1.419, 0.795921, 2.74378, 2.73897, 28.9432 ]; 
CSV = [
        [
          [ 25.9878, 19.8976, 24.9073, 1.94493, 7.75373, 27.0642, 24.5219, 18.0875, 20.4008, 24.845, 23.1439, 18.3658, 12.5576, 2.97136, 28.5843, 28.291, 18.6118, 25.6269, 28.3653, 20.9146, 17.7123, 1.72812, 23.6087, 16.7221, 28.7568, 29.972, 26.3346, 20.3627, 23.4362, 2.85694 ], 
          [ 9.58552, 11.1772, 23.5636, 15.9039, 2.52516, 14.0668, 6.58787, 18.362, 16.0055, 10.8896, 20.0947, 10.7391, 15.0295, 6.48616, 19.5472, 17.4679, 11.6355, 23.4816, 26.2772, 8.03328, 12.9789, 13.0485, 5.0687, 2.89677, 9.65492, 7.89546, 23.326, 29.5259, 16.2204, 10.7524 ], 
          [ 27.9203, 27.6336, 2.37636, 15.2568, 14.2253, 8.39529, 29.1305, 8.88364, 18.4413, 27.7738, 4.43008, 14.5299, 23.9741, 11.7576, 11.4823, 5.26409, 5.6077, 23.1694, 22.2144, 8.33452, 4.93557, 15.4301, 19.2336, 24.9911, 28.8417, 28.1998, 23.4363, 6.6299, 6.35885, 4.97722 ], 
          [ 22.3227, 18.3705, 2.3783, 5.35393, 18.6414, 23.6864, 7.62998, 11.6542, 15.2452, 25.4979, 8.35116, 23.8825, 15.8869, 4.81184, 7.02426, 19.4516, 5.93758, 13.2365, 24.8367, 19.6614, 1.09467, 3.74655, 20.5407, 24.9409, 5.93213, 7.40025, 24.6771, 15.0228, 3.24256, 9.31919 ], 
          [ 14.4556, 8.96202, 22.5044, 22.2385, 28.3947, 11.9217, 13.4609, 17.8741, 8.71604, 6.02413, 3.02539, 29.1136, 8.99688, 28.1962, 29.8598, 13.1968, 26.6053, 13.3629, 23.2368, 28.8218, 20.8022, 20.3751, 26.1172, 29.8744, 6.3262, 6.56796, 10.7031, 25.9641, 29.6758, 22.6822 ], 
          [ 4.65197, 26.4606, 20.1323, 2.18068, 21.7705, 8.14816, 20.7103, 4.01251, 21.0557, 11.8844, 8.47572, 12.9392, 17.5231, 25.7722, 12.9529, 7.9404, 2.13013, 10.7472, 18.8066, 13.5989, 1.48817, 9.95517, 15.2676, 27.0735, 4.43085, 21.6317, 27.7929, 4.1462, 13.2329, 21.6416 ], 
          [ 7.45289, 9.11149, 29.1328, 24.2481, 19.1341, 1.13226, 24.8231, 27.2275, 12.5006, 2.57043, 15.5029, 24.5416, 21.0472, 20.2265, 11.4575, 2.75776, 11.1563, 1.61439, 17.8249, 24.2082, 13.8049, 23.7501, 23.6645, 4.98617, 22.3259, 8.92759, 7.76766, 17.2775, 15.1733, 24.1658 ], 
          [ 3.99255, 6.26202, 18.8581, 24.3753, 23.1184, 10.1184, 18.3141, 29.237, 25.1768, 11.8399, 21.7307, 7.05094, 29.9896, 20.4941, 20.1936, 28.0479, 11.12, 4.86785, 11.3515, 6.42886, 18.6707, 16.1658, 19.8041, 26.6983, 10.8312, 10.1095, 1.52576, 12.2309, 25.8554, 14.1259 ], 
          [ 24.9803, 7.01447, 26.9609, 8.56682, 18.0326, 29.7633, 8.10204, 10.7826, 14.2834, 26.3768, 4.41715, 21.0706, 17.9402, 2.3003, 23.892, 11.8065, 17.8117, 5.10331, 13.9025, 9.06514, 1.7974, 2.72163, 10.7795, 5.56413, 24.8743, 14.0412, 28.888, 5.62788, 17.0787, 26.4881 ], 
          [ 23.7574, 18.7678, 18.467, 23.6386, 28.7312, 2.25965, 14.1163, 13.8276, 20.7012, 13.7212, 7.16781, 19.5585, 2.95292, 27.8382, 27.5219, 8.69929, 29.543, 23.9198, 8.73704, 14.9058, 1.02233, 11.8576, 5.79089, 5.36838, 24.45, 23.3006, 6.64882, 14.9205, 28.9395, 2.65724 ], 
          [ 6.69985, 22.2802, 25.843, 4.16852, 5.0628, 5.49581, 28.7792, 27.0172, 16.8713, 20.1847, 18.9432, 6.53565, 16.8807, 7.57512, 18.3752, 27.1591, 28.5912, 25.1674, 21.1584, 25.5447, 7.28649, 15.321, 15.0971, 27.9803, 16.1204, 28.6541, 16.7408, 10.8956, 27.6186, 16.8459 ], 
          [ 22.6845, 24.4515, 14.935, 6.04031, 9.35428, 17.4288, 23.9839, 24.2385, 12.5472, 25.0908, 24.4836, 8.5731, 29.7052, 18.4764, 8.2976, 8.27113, 24.7304, 9.81645, 11.3689, 9.49469, 12.3797, 28.656, 29.847, 3.35434, 15.4316, 15.7594, 19.2935, 11.2453, 14.4705, 16.3078 ], 
          [ 10.898, 14.4549, 5.71931, 5.96781, 1.10006, 19.3492, 12.1896, 12.2773, 22.7485, 25.7432, 19.6392, 23.7403, 13.4361, 10.2478, 25.3435, 20.3511, 21.6529, 12.742, 7.11179, 4.00423, 18.0721, 2.85639, 13.4414, 8.31048, 22.5324, 29.0481, 17.6583, 23.9649, 11.4702, 23.8135 ], 
          [ 8.35474, 28.5752, 8.41087, 5.93184, 5.91683, 8.13153, 23.6532, 8.87462, 17.0229, 18.3699, 18.1969, 16.3104, 1.90467, 7.7847, 13.6247, 19.9767, 28.3223, 20.9753, 15.7909, 1.4139, 24.4012, 2.31617, 6.86319, 17.3085, 7.38813, 21.5137, 7.09491, 14.967, 12.7251, 24.8374 ], 
          [ 15.8491, 22.3565, 1.8715, 5.54139, 3.91792, 17.628, 20.2442, 11.1236, 2.76779, 9.16732, 11.0431, 18.3195, 15.9558, 13.8507, 19.829, 6.12939, 21.4085, 4.16072, 12.6461, 5.23062, 11.788, 22.7352, 16.2786, 2.36213, 24.3665, 3.40547, 12.9388, 1.66478, 2.65671, 25.698 ], 
          [ 17.5918, 29.5585, 12.4787, 16.6056, 9.43715, 25.2374, 3.07044, 27.3019, 15.8966, 28.9034, 1.79688, 12.4578, 21.0574, 12.1288, 13.7314, 19.5084, 18.9895, 8.6257, 9.67543, 22.8747, 28.3577, 3.5422, 13.0395, 12.9723, 20.5592, 19.9774, 5.40176, 29.004, 25.194, 8.63356 ], 
          [ 21.8246, 10.8937, 18.4277, 24.6618, 27.3694, 9.55259, 9.31418, 13.316, 16.2595, 22.0473, 1.56571, 2.97662, 26.335, 23.7195, 6.1303, 2.104, 8.99638, 8.45335, 26.5721, 15.453, 29.7514, 27.068, 2.3039, 5.17287, 10.3923, 14.8174, 10.2713, 8.21531, 4.76476, 2.87165 ], 
          [ 19.463, 14.6876, 6.24977, 1.32975, 21.7162, 14.6918, 28.0891, 13.3658, 26.7416, 8.22801, 29.489, 9.82949, 17.9185, 25.7419, 8.22894, 21.895, 10.7605, 5.24669, 3.78192, 22.8356, 25.317, 15.6055, 2.55966, 13.3175, 6.92137, 26.8426, 7.68466, 20.6623, 27.434, 11.9914 ], 
          [ 24.1949, 7.706, 12.7246, 11.5345, 2.56795, 13.1968, 25.6782, 6.33423, 25.6289, 5.90928, 14.543, 27.7116, 15.8164, 3.49896, 10.256, 19.4787, 17.666, 23.6696, 14.6467, 14.93, 4.7193, 8.3815, 25.1439, 8.74681, 29.9467, 25.5478, 13.7433, 27.6583, 6.89466, 8.31807 ], 
          [ 6.19848, 18.1202, 17.4293, 8.76038, 23.8727, 25.2449, 23.2858, 6.26562, 19.4941, 26.7094, 29.8491, 14.6138, 22.9132, 22.6711, 29.3082, 2.99395, 29.7237, 15.6139, 12.3398, 17.0938, 5.61861, 15.6783, 9.8942, 4.44854, 6.42223, 14.8175, 27.882, 12.1328, 13.3498, 14.3739 ], 
          [ 8.6293, 5.89715, 16.691, 28.8138, 17.221, 17.9977, 15.7021, 2.33306, 8.27129, 11.5867, 2.06438, 14.0798, 22.6264, 15.4807, 20.5404, 24.0371, 18.926, 6.4871, 9.34781, 7.3708, 26.1977, 21.639, 10.7928, 27.4749, 25.1664, 5.98174, 13.4199, 28.3186, 6.61396, 3.29773 ], 
          [ 22.3935, 18.7819, 17.7031, 8.88853, 25.2714, 11.6844, 9.53413, 13.5519, 9.76553, 27.3441, 14.2732, 16.4601, 7.74402, 25.3359, 21.4212, 10.1649, 15.8014, 8.85873, 18.9902, 6.98605, 29.5536, 5.97073, 17.2941, 1.24571, 27.2892, 12.8161, 21.3354, 18.6902, 1.24885, 15.1057 ], 
          [ 29.0609, 27.1787, 21.5394, 12.161, 26.683, 1.39414, 25.2869, 6.89381, 8.60953, 5.89113, 18.9688, 18.9252, 7.2367, 14.3423, 6.25292, 17.4406, 28.5577, 4.69176, 15.772, 20.6738, 18.2687, 28.4068, 14.2388, 6.65654, 14.2216, 12.6343, 23.3747, 25.8809, 6.12876, 17.5454 ], 
          [ 13.1434, 14.308, 29.0916, 27.2012, 9.30546, 9.44035, 1.23646, 24.4472, 28.8992, 14.1374, 2.37542, 8.5549, 29.8483, 8.24852, 19.6004, 28.1349, 20.2335, 25.4857, 19.3338, 24.8191, 27.4177, 26.5261, 16.3686, 13.1216, 25.707, 20.8952, 15.1221, 4.93665, 9.15971, 21.29 ], 
          [ 14.9425, 6.52233, 15.9779, 22.1409, 1.07921, 14.1244, 13.9408, 2.68079, 28.1313, 26.0229, 16.6931, 21.4892, 12.6026, 2.2029, 10.5378, 18.2586, 10.0437, 27.1617, 23.69, 13.4159, 9.42582, 29.2964, 9.61266, 27.0314, 6.47163, 7.43551, 4.13608, 21.9601, 21.101, 4.82957 ], 
          [ 4.04417, 5.49223, 15.4394, 25.7278, 24.0299, 5.22326, 28.8551, 8.82407, 27.1336, 23.7502, 11.1168, 21.411, 17.8045, 8.22568, 23.0746, 21.4099, 20.5324, 5.27371, 29.0152, 1.3887, 2.45871, 8.12497, 7.97247, 13.8841, 29.3715, 18.8676, 19.3541, 17.2108, 27.6983, 23.3439 ], 
          [ 13.8311, 6.88068, 3.60288, 15.527, 22.9634, 26.856, 3.67887, 2.96188, 28.6424, 16.2438, 15.3097, 28.2514, 7.75099, 29.8707, 14.4996, 11.1782, 3.85997, 14.8841, 2.89716, 18.0609, 28.0532, 14.7454, 15.2285, 5.69552, 23.9096, 9.44859, 5.50548, 14.4181, 1.23342, 12.9712 ], 
          [ 14.6147, 15.37, 9.38225, 8.11373, 8.63428, 9.48604, 5.04147, 20.4476, 8.01216, 14.7109, 5.85934, 22.7573, 21.616, 24.095, 23.4443, 1.18126, 17.7529, 1.54685, 23.5756, 2.37913, 28.9379, 16.4013, 25.7561, 11.315, 25.1746, 28.6234, 29.7042, 17.3289, 23.426, 11.6504 ], 
          [ 4.87622, 5.53576, 20.3513, 18.5515, 8.9246, 1.91966, 27.4098, 2.22821, 21.6299, 13.9655, 21.2328, 4.07199, 4.30694, 4.10706, 2.0649, 12.4464, 25.3033, 25.1537, 6.05918, 26.357, 4.58258, 19.7799, 24.1453, 5.33491, 24.165, 10.9698, 1.89026, 3.48738, 6.20488, 12.986 ], 
          [ 15.8434, 11.9425, 6.73383, 27.7246, 6.55885, 15.1059, 1.25847, 19.4402, 27.7759, 4.67392, 9.89448, 24.6675, 7.8217, 6.51908, 29.3569, 25.29, 16.9284, 26.5711, 16.7694, 7.99278, 1.32191, 9.94984, 8.89071, 2.14326, 2.46578, 25.0498, 29.0733, 15.2164, 29.6217, 17.9318 ], 
          [ 4.70967, 29.7767, 8.93867, 29.3855, 5.59751, 8.55641, 21.7794, 28.3491, 29.708, 3.89781, 11.0194, 1.64145, 13.5538, 25.3057, 5.3995, 16.7584, 11.2374, 1.51571, 16.4977, 15.6432, 17.7144, 19.3322, 3.33541, 26.8401, 29.8137, 25.1134, 25.6275, 9.52233, 27.397, 27.7794 ], 
          [ 28.309, 17.4326, 28.186, 22.1857, 11.0114, 19.9808, 7.5978, 7.44496, 1.88628, 25.2997, 26.7703, 10.0515, 13.4705, 1.3866, 14.4697, 4.66647, 3.28378, 16.2115, 9.89744, 24.4184, 29.5459, 5.06763, 8.26996, 7.08616, 5.53863, 25.3692, 17.3245, 3.25282, 18.9075, 14.7309 ], 
          [ 10.2071, 21.3673, 14.2204, 26.4585, 24.8361, 14.7196, 1.29481, 1.1751, 29.5612, 18.0571, 5.82677, 10.5602, 4.04603, 11.5743, 3.72594, 1.53637, 5.40809, 16.3422, 26.5664, 11.0707, 20.5123, 5.47249, 1.58566, 9.02262, 23.622, 29.9504, 15.5547, 15.2183, 28.452, 21.6221 ], 
          [ 18.1724, 18.2911, 27.2963, 6.99396, 25.96, 16.0083, 5.88603, 23.1968, 19.2453, 17.7074, 25.0719, 8.24194, 1.22903, 16.1937, 21.1725, 27.0278, 29.6504, 4.93513, 4.11203, 13.4998, 11.3976, 7.43743, 16.229, 16.8814, 4.85603, 15.8846, 9.21528, 27.814, 5.1448, 26.7278 ], 
          [ 5.29919, 29.871, 19.2933, 5.56906, 16.0324, 29.4279, 4.45964, 25.1726, 20.5427, 21.9914, 5.06279, 4.75012, 1.02076, 21.2373, 17.5231, 11.7992, 27.6923, 17.841, 4.58684, 6.57132, 26.6454, 22.8278, 13.9327, 7.43621, 1.93132, 8.7639, 22.4385, 14.109, 24.8068, 7.89901 ], 
          [ 18.1071, 11.6054, 25.594, 24.3351, 10.2632, 4.86715, 10.0238, 1.56834, 17.9594, 4.09118, 20.6912, 18.6476, 5.20514, 22.4767, 2.70709, 18.3658, 17.8436, 19.1115, 8.02572, 25.5836, 16.5982, 8.59142, 17.4871, 17.896, 28.2049, 5.83409, 2.67987, 8.907, 21.9607, 22.2636 ], 
          [ 25.0574, 15.2386, 1.13028, 15.2402, 25.573, 16.1338, 28.7796, 27.7279, 14.596, 1.92258, 21.4166, 2.51042, 13.7035, 5.83894, 25.6002, 6.28831, 6.69416, 6.32806, 25.8374, 25.1368, 25.1555, 25.0673, 24.8104, 3.07294, 23.2434, 18.8373, 1.9417, 13.2613, 26.7226, 10.632 ], 
          [ 16.45, 12.0425, 19.8125, 3.82531, 14.8993, 13.8165, 2.14773, 26.3174, 10.3909, 24.4476, 12.5589, 13.8065, 14.5165, 15.4738, 4.4104, 18.3023, 21.2378, 25.4393, 21.9664, 13.2625, 3.41409, 12.9254, 22.8893, 14.8042, 3.02306, 7.94968, 16.4558, 23.9217, 5.99067, 15.1567 ], 
          [ 22.2816, 11.6026, 17.6279, 21.6711, 10.9815, 10.959, 13.7548, 21.3841, 29.6223, 14.2611, 15.8867, 29.793, 4.32185, 1.45503, 18.5052, 6.46628, 23.372, 27.684, 10.4078, 11.3122, 19.2895, 6.85438, 8.17302, 11.7013, 22.5175, 25.8091, 20.6484, 20.8084, 23.2701, 12.5747 ], 
          [ 8.99796, 20.7819, 11.8887, 27.7397, 20.4635, 5.98496, 13.0622, 24.0977, 27.8242, 13.5547, 15.8329, 12.9695, 24.4388, 20.5252, 1.95532, 5.59447, 28.3428, 25.66, 28.1602, 19.5597, 25.6909, 14.5609, 28.5943, 18.1792, 20.4082, 29.4154, 24.6462, 25.2827, 23.4326, 7.63224 ], 
          [ 18.6692, 12.468, 19.6155, 3.82198, 29.0602, 5.03903, 6.55628, 8.33107, 8.05719, 28.818, 29.7983, 16.0001, 23.5766, 5.41619, 3.59559, 23.2105, 28.7809, 19.1372, 16.3222, 7.43465, 17.1967, 2.8532, 8.23554, 14.7734, 18.8685, 22.4428, 20.2347, 22.7915, 28.8421, 11.2381 ], 
          [ 6.03841, 15.7646, 13.3111, 28.2556, 27.1256, 7.20756, 22.8437, 2.34129, 1.83222, 6.5746, 14.3949, 29.6551, 25.9875, 4.5573, 20.1262, 12.1285, 12.4248, 26.6067, 15.484, 19.9859, 1.49474, 13.8038, 18.925, 1.78095, 28.9432, 4.33099, 14.8752, 17.5011, 28.124, 1.85431 ], 
          [ 20.9672, 20.0012, 23.8171, 5.85188, 20.4955, 10.4327, 3.27017, 5.17822, 28.1522, 24.0313, 6.07436, 25.7127, 9.70164, 29.1849, 8.18403, 5.89207, 14.2369, 4.23841, 22.0682, 4.35662, 15.6287, 21.2593, 22.473, 8.68791, 29.6822, 16.561, 12.0048, 3.62994, 3.80811, 5.72937 ], 
          [ 26.5788, 9.87732, 21.1963, 25.4585, 1.01661, 5.38426, 3.81797, 1.28819, 24.9058, 8.84454, 3.73546, 2.30928, 22.1363, 6.06778, 13.3631, 29.8202, 10.6111, 24.8216, 28.6352, 4.76816, 22.1141, 11.3333, 15.013, 29.6342, 13.93, 22.2453, 24.0873, 5.08564, 19.0335, 28.7909 ], 
          [ 3.18518, 23.3291, 22.564, 21.9465, 21.6684, 4.95327, 1.10232, 25.7192, 26.6278, 15.7631, 12.1987, 15.4176, 25.547, 13.2283, 1.97369, 5.75182, 1.31986, 8.18839, 9.5331, 11.8448, 19.032, 20.7351, 7.47134, 15.4258, 12.286, 20.5779, 29.4026, 23.3201, 29.3843, 17.2001 ], 
          [ 23.7939, 27.7829, 28.7252, 20.3139, 17.7655, 26.6811, 3.81387, 26.8107, 13.7581, 18.9546, 13.7589, 7.64836, 15.5355, 26.388, 3.96216, 26.629, 15.3368, 9.08474, 1.18551, 8.72178, 4.88821, 2.07413, 29.9625, 19.2578, 5.33066, 17.2474, 13.073, 16.6536, 1.24404, 22.9889 ], 
          [ 1.95678, 17.1836, 26.6997, 29.7437, 16.1063, 23.7076, 16.6052, 29.2401, 18.7537, 15.1641, 7.36003, 4.06759, 16.8922, 11.6725, 26.0216, 16.4952, 21.0824, 13.4778, 8.97146, 15.6943, 13.5187, 21.9342, 27.1084, 16.3957, 7.45444, 18.0491, 15.3077, 10.0522, 17.4335, 23.7915 ], 
          [ 2.14935, 28.26, 14.3236, 15.6432, 21.0862, 8.38249, 17.1562, 2.03491, 22.61, 7.94968, 26.3374, 27.8498, 12.5346, 26.8302, 17.7827, 15.684, 21.7134, 6.59417, 18.3487, 16.927, 3.99633, 12.8119, 11.8932, 2.06152, 19.926, 5.21649, 20.7454, 25.5752, 17.3901, 8.09539 ], 
          [ 6.67262, 23.6456, 21.9682, 16.9769, 1.93525, 29.0437, 10.2589, 26.0487, 11.5746, 25.7691, 10.4768, 7.12294, 3.0058, 12.4061, 21.5758, 11.406, 16.4119, 8.21434, 10.3938, 18.0707, 17.0369, 15.9494, 21.2973, 11.774, 25.1965, 16.1195, 22.6418, 18.1296, 24.281, 26.1271 ], 
          [ 12.1397, 22.3196, 24.2338, 22.1922, 9.73633, 5.677, 11.0301, 12.0112, 21.0114, 9.23433, 26.427, 15.7614, 6.72997, 5.22688, 3.55453, 27.4881, 4.66386, 26.8751, 25.2493, 2.25494, 21.8825, 5.11211, 22.2469, 18.426, 4.30669, 7.76815, 11.7443, 27.6268, 17.8454, 8.75134 ], 
          [ 20.7261, 10.6477, 9.22375, 27.3488, 3.86625, 9.41869, 18.4595, 16.4029, 3.16818, 23.1719, 18.086, 15.4039, 2.83484, 11.0763, 17.8813, 6.96439, 12.7175, 6.62403, 23.6566, 13.443, 27.8554, 16.7164, 17.7078, 5.88857, 4.62014, 27.5285, 28.356, 22.427, 29.2807, 1.3999 ], 
          [ 21.8378, 1.99726, 19.4026, 5.70691, 8.71338, 24.5517, 7.13462, 20.6009, 20.7876, 3.86009, 29.6926, 6.46506, 27.5476, 3.8538, 1.81447, 20.8424, 23.8766, 28.6135, 4.79332, 27.8865, 13.3437, 25.4011, 21.6524, 25.3956, 1.17819, 4.51334, 6.34015, 11.0064, 4.34303, 14.9153 ], 
          [ 25.0665, 17.1951, 23.5461, 8.38013, 10.9032, 27.2081, 7.58342, 18.9549, 28.1068, 23.1557, 7.56881, 29.8224, 25.3014, 20.7998, 22.966, 20.3773, 3.90168, 2.21932, 10.7517, 16.6203, 14.7098, 13.7072, 8.72651, 20.6745, 10.0568, 8.61582, 14.787, 29.2223, 1.26099, 11.8238 ], 
          [ 19.7698, 26.0998, 4.76363, 5.50427, 27.7496, 6.25047, 14.6102, 28.5612, 23.9634, 29.5723, 9.395, 11.4164, 27.4138, 29.1639, 27.8696, 24.4834, 14.6981, 2.49757, 4.53145, 28.3398, 28.8673, 22.1658, 1.6988, 5.24357, 6.65795, 4.98959, 2.61596, 16.4121, 29.6034, 9.2972 ], 
          [ 21.2262, 20.0075, 16.7696, 19.7624, 25.8637, 4.06908, 24.9888, 10.3276, 20.6681, 14.8281, 22.6613, 27.949, 28.2325, 3.03387, 25.7255, 25.7173, 16.1723, 21.9, 16.8587, 2.27773, 14.9974, 18.0179, 14.9972, 25.1345, 21.4771, 12.1661, 29.5407, 16.4513, 19.8387, 26.7184 ], 
          [ 4.64069, 11.9955, 27.6071, 7.60859, 2.43934, 3.52904, 24.3698, 26.5941, 25.1863, 5.49711, 16.5653, 6.55153, 12.5956, 1.38746, 12.9989, 9.2174, 12.0538, 6.54754, 25.242, 10.2668, 24.098, 20.8828, 3.54635, 23.0523, 2.88782, 13.411, 2.23288, 28.8454, 20.8528, 9.88078 ], 
          [ 24.9328, 18.0238, 16.1329, 11.601, 28.8319, 11.9442, 27.4256, 28.39, 9.97772, 26.2487, 28.9696, 14.7662, 11.5903, 24.766, 2.79055, 1.96008, 10.3498, 14.1572, 21.5905, 6.48402, 14.607, 18.3414, 26.6915, 19.7089, 11.8436, 12.817, 1.89479, 2.82317, 24.9352, 18.774 ], 
          [ 19.8206, 11.3854, 1.62415, 23.2916, 3.93957, 26.3614, 6.6361, 17.5234, 16.1947, 29.8139, 2.38475, 5.6564, 21.3632, 16.1288, 4.8386, 3.72902, 11.4902, 2.07333, 21.5407, 14.3537, 17.4759, 29.8193, 12.8529, 11.9191, 6.88376, 27.5805, 12.2329, 9.73861, 10.7869, 8.41557 ], 
          [ 19.4357, 1.05674, 7.73812, 15.2466, 22.6414, 19.6805, 2.13529, 17.1611, 17.6381, 24.15, 1.16193, 19.5561, 5.00946, 9.12637, 1.79967, 2.44487, 5.05094, 18.3992, 14.2994, 21.6764, 26.7365, 17.948, 4.52333, 5.00156, 1.43218, 25.2398, 5.39276, 20.8028, 3.9207, 1.62877 ], 
          [ 5.90678, 22.8797, 12.5861, 18.9319, 23.1778, 11.7269, 26.7989, 4.9978, 10.4075, 12.601, 25.5773, 29.3806, 17.8704, 10.6663, 4.62685, 14.3989, 16.283, 13.0273, 26.1466, 1.20345, 29.1411, 19.2696, 20.5363, 14.0136, 3.5854, 12.0946, 12.6738, 23.5528, 19.5442, 12.2295 ], 
          [ 28.8235, 15.1954, 5.41628, 13.4864, 25.3912, 14.2524, 8.48307, 10.3395, 11.3117, 14.8296, 7.07389, 20.2606, 16.5228, 1.29569, 7.12672, 1.5536, 8.46022, 27.1725, 27.1654, 25.6051, 13.894, 24.8795, 2.41448, 26.844, 1.1496, 10.3935, 29.458, 11.2518, 22.8204, 3.57811 ], 
          [ 24.137, 27.6029, 26.6674, 6.56758, 8.4295, 7.67873, 9.62584, 26.9481, 14.4309, 24.5254, 21.8586, 4.10866, 29.1275, 20.8332, 9.97377, 16.012, 29.67, 20.7301, 9.96949, 12.3801, 1.31462, 13.8641, 17.975, 7.78157, 1.31312, 16.3849, 10.1677, 20.7248, 3.45657, 24.7472 ], 
          [ 27.2286, 28.6089, 6.35013, 25.0423, 15.9973, 23.8639, 3.87463, 1.37045, 20.7331, 2.90771, 15.7185, 22.8891, 1.4425, 22.9906, 16.1225, 8.33362, 6.08425, 26.28, 13.5509, 4.58126, 17.9601, 3.73153, 23.2997, 7.27318, 24.6373, 28.2415, 19.6453, 19.0877, 8.17447, 8.15811 ], 
          [ 5.53483, 29.8803, 23.974, 22.4919, 12.9415, 1.31304, 6.53942, 24.5545, 25.9603, 20.0017, 15.6984, 1.9547, 21.8775, 27.3998, 4.53386, 27.5878, 9.61318, 8.84969, 19.3761, 10.4456, 14.8653, 29.849, 9.01653, 18.599, 18.8579, 16.3604, 27.8449, 22.9441, 16.6303, 26.487 ], 
          [ 7.23632, 26.2539, 1.60096, 19.3269, 2.44055, 22.7853, 7.81587, 19.77, 1.4715, 12.1677, 2.42253, 22.7652, 14.8228, 26.1, 11.1157, 6.82948, 16.2704, 25.2189, 25.6609, 26.3873, 5.18902, 18.0166, 24.9141, 7.29239, 9.00806, 27.6459, 17.6568, 25.2156, 3.77139, 6.96139 ], 
          [ 19.5479, 22.8216, 15.5834, 7.57297, 26.2395, 13.9618, 15.9059, 25.1884, 14.0959, 13.6124, 16.2561, 26.2912, 13.1313, 14.8684, 1.32944, 5.86159, 20.6163, 18.9914, 7.98033, 14.4988, 2.3528, 8.47414, 27.6303, 9.28548, 21.8831, 27.288, 26.5451, 5.03544, 22.1512, 24.7965 ], 
          [ 15.0405, 15.8746, 8.85111, 25.085, 24.6578, 11.3532, 13.0823, 22.8303, 29.31, 6.42161, 19.3745, 20.7924, 22.9812, 23.8243, 19.3532, 24.1798, 9.66024, 25.8522, 21.8615, 22.6613, 2.53686, 16.6956, 26.8488, 15.9572, 11.9812, 22.2195, 10.395, 21.868, 15.918, 8.23652 ], 
          [ 23.052, 6.68499, 14.793, 18.5342, 10.0608, 17.3557, 18.3572, 10.9281, 11.4761, 27.2516, 2.34153, 24.4451, 4.21569, 1.83212, 13.8118, 2.52609, 12.3031, 19.4697, 18.6153, 4.0311, 17.1038, 10.7191, 11.5243, 22.5684, 11.7135, 22.8172, 22.1823, 16.8074, 26.682, 27.2609 ], 
          [ 19.2817, 17.9003, 1.09324, 18.9449, 5.21247, 16.9495, 29.8684, 8.74466, 2.00821, 5.80356, 28.8181, 17.8901, 16.997, 8.91666, 18.0256, 25.2186, 3.1849, 5.03513, 15.6793, 26.4062, 27.71, 15.3607, 12.4568, 26.6565, 20.8116, 26.1029, 18.1339, 23.2011, 11.6693, 29.2506 ], 
          [ 3.3509, 6.30302, 21.8676, 8.81735, 21.6991, 18.4008, 7.2783, 1.45701, 1.06847, 2.04196, 11.3412, 25.4278, 29.6612, 7.59407, 8.08529, 11.2424, 16.9412, 9.80754, 24.1847, 1.3318, 16.947, 19.9077, 19.3896, 22.3569, 16.0316, 29.9798, 6.54639, 29.9157, 10.0934, 3.47477 ]
        ], 
        [
          [ 4.34194, 21.3571, 19.4415, 14.3374, 29.8843, 24.5304, 20.811, 1.72983, 6.91556, 9.18856, 8.96197, 20.847, 26.5027, 1.51147, 21.9157, 1.94875, 5.16219, 16.717, 29.6737, 9.86067, 19.196, 7.04335, 20.7299, 11.6149, 23.4095, 9.91972, 16.1077, 8.07109, 21.3092, 19.6662 ], 
          [ 26.1613, 22.268, 12.2, 24.2679, 3.93168, 4.84485, 3.98326, 11.1908, 22.4581, 2.76823, 27.5603, 6.72916, 6.39469, 24.4958, 5.46721, 1.47186, 8.45499, 22.3769, 19.3009, 19.8072, 23.9176, 17.4386, 18.1883, 1.33753, 26.8821, 1.47985, 21.8979, 5.005, 26.7917, 8.93119 ], 
          [ 29.583, 1.90098, 12.6424, 13.1772, 20.5605, 4.35717, 4.74321, 21.7413, 10.7294, 14.299, 19.8717, 10.178, 26.4723, 12.9547, 12.5973, 17.7312, 29.9778, 3.34348, 5.23508, 2.90582, 16.0718, 10.9828, 10.2542, 15.4368, 7.33317, 9.86832, 4.4941, 27.9612, 8.14548, 1.61625 ], 
          [ 21.2463, 2.06024, 21.4065, 8.80922, 25.7787, 18.3138, 17.3784, 23.6724, 29.9199, 1.59657, 19.788, 11.5901, 22.0879, 9.43726, 14.7045, 4.559, 3.5492, 1.62012, 13.2826, 14.064, 11.6668, 9.34376, 12.4088, 16.7391, 26.3133, 8.04809, 6.07499, 19.1499, 29.9801, 16.4954 ], 
          [ 17.9565, 1.3566, 19.3473, 29.1728, 25.0261, 11.7095, 27.0886, 5.70155, 9.42686, 28.625, 14.1558, 14.4093, 4.84629, 19.221, 24.6295, 17.5683, 19.0919, 6.07305, 11.4966, 7.46668, 20.2537, 11.5182, 21.9043, 9.73254, 5.45638, 9.18895, 3.02674, 11.9912, 14.3965, 7.83287 ], 
          [ 2.2803, 12.7169, 27.3458, 10.5352, 12.0235, 28.0268, 8.05948, 20.5692, 4.6051, 12.9481, 5.58987, 8.98239, 12.0931, 8.58323, 29.3075, 27.8096, 9.69351, 17.1697, 10.0001, 3.39904, 4.57352, 4.34316, 12.9133, 9.29535, 22.5111, 28.7561, 27.1529, 23.9573, 8.0916, 12.6651 ], 
          [ 15.9732, 19.033, 28.1618, 11.343, 15.0776, 25.2004, 26.3924, 11.2563, 23.9451, 25.1205, 24.9653, 21.4232, 7.76971, 22.5814, 15.4265, 18.5722, 29.7669, 11.8722, 9.90423, 21.7593, 20.193, 29.596, 2.52048, 14.5512, 6.75984, 14.3594, 25.2101, 4.43122, 9.80088, 24.7412 ], 
          [ 7.93965, 11.5867, 8.53966, 8.8151, 26.1833, 2.48691, 27.6513, 23.484, 27.1227, 29.4824, 27.1411, 15.4591, 29.1111, 9.01487, 29.7031, 6.74342, 14.4629, 26.8214, 21.7139, 6.49295, 21.4837, 24.9031, 5.26643, 3.11299, 2.25697, 1.37144, 16.9328, 8.87586, 3.12163, 24.6522 ], 
          [ 1.83551, 4.87075, 2.61235, 19.354, 3.89362, 21.6472, 25.417, 7.72699, 7.58256, 9.49077, 3.73515, 13.8472, 4.51888, 22.7576, 12.6988, 4.79185, 14.025, 13.9829, 18.0048, 11.3159, 5.0682, 21.7081, 27.4838, 19.0126, 15.3627, 5.00778, 11.3467, 2.24321, 21.557, 5.9577 ], 
          [ 9.97341, 22.35, 15.4213, 6.42872, 5.95856, 3.54414, 22.5725, 13.433, 22.2552, 28.041, 23.4503, 16.9486, 13.1434, 1.52426, 22.4262, 3.2174, 1.47575, 14.3889, 25.5575, 23.7511, 9.35763, 18.9191, 22.0215, 14.0874, 14.0469, 26.4322, 3.59127, 22.4615, 22.0715, 17.0494 ], 
          [ 3.26602, 9.92493, 25.1969, 13.802, 8.76531, 15.0408, 23.4704, 3.59159, 7.35576, 16.9033, 15.0129, 5.78956, 7.57992, 1.33613, 25.4159, 28.354, 15.5909, 28.5694, 8.69042, 9.31206, 8.40579, 23.6493, 22.3058, 29.4294, 28.3789, 9.5193, 25.5405, 16.8565, 9.57779, 11.3119 ], 
          [ 20.3807, 10.2344, 7.56026, 19.7065, 25.0472, 13.2986, 8.54804, 10.3564, 25.3021, 12.8255, 24.4378, 5.00114, 12.3413, 19.4753, 4.76185, 21.2457, 19.9507, 15.0054, 19.8955, 20.4852, 21.1529, 20.2482, 18.3113, 11.2024, 12.1018, 13.416, 28.8754, 8.21995, 7.90888, 23.104 ], 
          [ 5.02378, 12.7696, 28.1825, 10.8762, 4.8369, 13.4125, 11.3165, 18.5617, 12.512, 7.3989, 25.4427, 10.9597, 13.505, 9.219, 12.3235, 4.69324, 13.0498, 25.5333, 4.02928, 10.6081, 20.1121, 2.58255, 24.4612, 10.6915, 7.275, 2.46053, 1.66015, 26.2701, 10.9779, 13.9208 ], 
          [ 11.7226, 14.2024, 25.9041, 18.8712, 21.3, 8.79148, 25.161, 2.97133, 8.3275, 10.404, 21.5175, 17.1872, 8.89762, 23.5193, 5.98571, 12.2427, 23.2319, 24.8031, 6.49368, 22.2971, 11.4692, 15.6964, 5.13095, 18.5846, 12.5848, 28.6457, 4.21553, 4.34845, 18.8773, 16.4913 ], 
          [ 17.1496, 12.4822, 2.39853, 17.0608, 4.31527, 11.2927, 20.238, 10.9184, 19.6748, 15.6467, 20.6698, 8.41032, 26.699, 9.36301, 26.4191, 29.7156, 14.1862, 27.4874, 7.988, 22.7952, 14.8884, 24.8709, 23.6272, 11.5863, 18.2088, 9.67543, 9.95947, 14.6159, 11.4012, 5.37275 ], 
          [ 18.7736, 7.46852, 28.8505, 6.69778, 18.0649, 17.2112, 18.7295, 4.67437, 16.1279, 17.2088, 14.27, 17.2859, 29.1055, 6.89334, 11.4567, 19.1132, 17.8434, 4.04707, 15.69, 16.1661, 12.5789, 23.2735, 17.4614, 4.38965, 8.88377, 27.5102, 23.526, 11.4056, 21.1271, 18.3725 ], 
          [ 16.3754, 15.5263, 21.2828, 17.2938, 24.046, 12.3041, 27.7274, 27.168, 19.1064, 19.4393, 14.6686, 21.4329, 10.3298, 14.9493, 6.57923, 16.4658, 10.3174, 8.08538, 9.50801, 28.9491, 13.4017, 17.9051, 3.15708, 3.22226, 21.9268, 21.4448, 9.64584, 16.6063, 21.9519, 9.64641 ], 
          [ 26.0938, 8.34598, 15.6497, 7.72695, 14.0179, 14.871, 17.3555, 16.6716, 6.84853, 22.0036, 13.3553, 28.8518, 19.3418, 1.48672, 8.90267, 15.4622, 24.8997, 15.7243, 22.4336, 17.0046, 29.4441, 27.7497, 20.9945, 20.5192, 5.67916, 5.65504, 10.2114, 14.81, 21.5135, 9.56588 ], 
          [ 3.46499, 6.98337, 23.7929, 23.8931, 27.5366, 23.9997, 25.4824, 12.9749, 13.0019, 11.4177, 29.4259, 25.2728, 3.27347, 21.3581, 17.2787, 21.3638, 5.70229, 24.2086, 15.8255, 10.7214, 25.1344, 11.5917, 8.19785, 15.8396, 19.8146, 6.00868, 1.24374, 19.3691, 5.10984, 23.6222 ], 
          [ 27.6147, 5.17318, 25.2744, 14.2966, 2.05425, 13.7972, 25.7799, 8.48016, 10.2756, 3.24096, 27.296, 4.75944, 12.4435, 18.0883, 19.4606, 13.3278, 24.5063, 25.8863, 9.24901, 7.86418, 25.1337, 28.4044, 6.60048, 19.4992, 3.55362, 10.9799, 10.4425, 25.0938, 12.5731, 21.8094 ], 
          [ 5.597, 2.54521, 11.4495, 29.4719, 1.56041, 2.23324, 24.0341, 8.34708, 21.7149, 22.9858, 5.65381, 21.1798, 14.6879, 9.42597, 18.3399, 25.942, 23.4114, 22.9207, 7.96637, 5.77223, 9.05897, 9.63506, 19.5509, 5.09165, 13.294, 1.0804, 14.7413, 14.8806, 6.70912, 1.80097 ], 
          [ 19.9567, 17.6661, 10.4352, 2.75951, 7.22694, 6.06881, 12.5456, 1.82194, 21.1339, 23.9775, 4.57005, 9.65192, 21.3826, 13.5291, 16.8375, 20.9209, 14.1211, 26.0253, 26.6346, 29.753, 8.59221, 3.75698, 16.9146, 8.0065, 8.94252, 28.7035, 8.71384, 4.36507, 17.8141, 18.5765 ], 
          [ 26.6368, 7.62194, 2.27354, 21.0195, 13.1667, 6.33369, 11.485, 5.10833, 14.2257, 22.5517, 24.5289, 4.35492, 16.7659, 28.294, 4.38806, 5.91797, 14.2013, 23.5382, 4.47431, 12.1679, 29.4605, 25.3491, 10.0755, 15.4918, 5.6697, 20.0843, 4.69411, 29.236, 6.15559, 8.89795 ], 
          [ 22.2106, 5.02046, 9.24816, 21.4437, 8.9474, 9.78396, 15.4372, 1.86691, 2.7393, 20.9622, 9.4481, 15.3269, 1.61857, 17.4417, 20.9012, 9.83153, 13.2754, 10.8218, 24.9162, 9.0139, 19.0106, 28.0078, 16.9088, 24.7491, 25.1726, 28.2118, 8.94821, 7.69902, 28.3061, 2.01416 ], 
          [ 22.5642, 27.0685, 12.4572, 11.6152, 13.3023, 27.4351, 14.7663, 27.286, 17.0075, 19.9485, 16.4914, 27.8968, 12.2339, 13.5322, 9.62801, 22.5455, 7.22735, 6.63881, 4.94141, 7.47512, 17.0978, 22.2889, 22.1856, 23.9374, 1.14759, 1.27955, 29.5303, 14.4593, 24.1951, 13.6199 ], 
          [ 3.42557, 11.49, 23.8803, 3.69574, 5.67536, 27.5409, 26.6882, 23.1717, 19.922, 3.95605, 11.1954, 14.5567, 4.36729, 21.7003, 17.2242, 20.7797, 6.48118, 25.0589, 29.5584, 5.79292, 20.67, 25.6565, 15.9036, 11.6791, 12.0465, 3.2762, 16.5613, 21.5411, 2.93651, 16.7447 ], 
          [ 8.74592, 27.9357, 17.7202, 26.0768, 4.12742, 7.35556, 2.83135, 11.9509, 23.1553, 24.4552, 24.1364, 11.2573, 5.32008, 3.88329, 29.5706, 11.2579, 22.532, 5.64045, 4.65122, 3.88356, 8.11109, 6.59207, 9.3617, 10.4494, 29.3972, 25.1875, 7.32408, 4.36401, 11.9703, 29.9429 ], 
          [ 16.7654, 9.05927, 7.596, 29.8785, 1.82168, 15.4122, 8.9718, 26.9832, 26.3224, 18.1318, 20.7493, 12.9596, 28.6133, 8.00541, 1.51661, 9.41807, 5.86864, 24.3238, 7.42879, 29.7273, 27.0994, 28.572, 14.7195, 3.75495, 22.248, 22.2787, 2.59411, 24.4964, 29.9355, 1.45154 ], 
          [ 7.84529, 25.7026, 11.3994, 26.2596, 21.7859, 19.5801, 24.919, 27.9448, 19.0116, 13.0305, 26.1672, 23.5742, 10.5117, 21.9099, 12.8557, 11.229, 2.52983, 27.2132, 12.3998, 6.08317, 11.1795, 9.09619, 27.3294, 21.6535, 12.1656, 25.7212, 14.8291, 18.5944, 19.7244, 14.1641 ], 
          [ 20.1597, 9.49518, 27.3808, 11.6143, 23.6331, 15.6086, 26.3613, 28.9657, 2.6391, 8.91851, 23.7349, 14.1259, 19.6035, 15.7392, 8.10554, 28.4921, 21.1093, 2.5925, 8.17718, 21.2604, 20.7575, 24.5911, 1.993, 20.5677, 26.0873, 1.24615, 4.59332, 14.8151, 28.7293, 20.1483 ], 
          [ 12.0437, 26.315, 16.1222, 27.2939, 13.9083, 24.6028, 14.8963, 9.81358, 28.0847, 29.6604, 18.0077, 19.4227, 13.0612, 26.0745, 27.9014, 12.945, 3.75414, 6.32319, 28.6368, 27.4265, 4.82187, 23.4632, 25.6001, 18.5494, 10.3989, 28.9097, 20.8112, 5.31595, 26.2062, 10.3903 ], 
          [ 20.4475, 16.2527, 17.5408, 16.8312, 22.5526, 4.16658, 8.6718, 14.6147, 1.75904, 27.0758, 4.86356, 25.3466, 5.62848, 22.7009, 13.8013, 2.93351, 11.1135, 2.87716, 21.7913, 5.09422, 24.9466, 6.31382, 10.442, 15.1311, 12.6535, 18.6549, 23.216, 23.4401, 22.587, 3.38277 ], 
          [ 17.8628, 4.9291, 1.96563, 12.2545, 19.4045, 2.41997, 13.1936, 19.4844, 8.14976, 28.1457, 25.2456, 22.7593, 26.0689, 24.9896, 21.9589, 16.4436, 8.3374, 7.93774, 15.5531, 6.9865, 22.6804, 22.6613, 6.03937, 28.236, 12.0202, 16.116, 8.49556, 20.4629, 29.4481, 2.67166 ], 
          [ 25.5652, 25.5514, 18.8941, 25.4841, 6.04821, 25.9576, 3.32075, 10.2652, 20.3565, 2.2992, 12.5762, 14.1364, 3.70723, 25.8475, 9.60675, 19.1492, 26.4507, 20.0885, 14.8783, 15.583, 15.1011, 4.17228, 20.5826, 5.48168, 20.906, 15.8406, 4.34383, 5.2365, 16.0625, 19.6155 ], 
          [ 28.3424, 9.29733, 27.5891, 17.7577, 6.83107, 24.1493, 26.2888, 16.7, 1.93714, 22.4419, 23.2676, 25.2149, 3.57762, 10.2897, 18.5111, 13.024, 17.6813, 15.6012, 25.1518, 20.0887, 8.00224, 16.8197, 22.4958, 21.0726, 11.4138, 9.39288, 27.9677, 12.337, 27.1366, 28.1413 ], 
          [ 23.6103, 11.9625, 13.1165, 6.0758, 18.4003, 24.9857, 17.6133, 26.7137, 23.4379, 25.4483, 11.8757, 29.5187, 28.4226, 12.1017, 19.7814, 9.38428, 17.7012, 23.9151, 9.81658, 25.6685, 21.9807, 3.35551, 16.1093, 14.318, 19.5333, 23.0608, 25.5053, 25.0866, 26.7419, 5.20107 ], 
          [ 6.16922, 12.7402, 16.9784, 10.2732, 20.0016, 25.1382, 24.2186, 3.69899, 27.4541, 19.1542, 21.4471, 14.4936, 13.4252, 2.86877, 22.8907, 21.7323, 2.34676, 13.7555, 21.039, 28.6958, 11.5846, 5.70046, 14.2612, 28.4581, 8.08566, 25.4687, 8.21096, 9.41788, 9.32749, 17.4692 ], 
          [ 24.5064, 2.74114, 29.5036, 5.22135, 16.0464, 21.6607, 22.8011, 15.9833, 8.39611, 15.2389, 23.3096, 15.8833, 28.4088, 20.4706, 27.5245, 3.04241, 7.19428, 1.6732, 2.5951, 14.9012, 28.6817, 19.9024, 23.9684, 25.5112, 20.88, 13.0757, 11.8668, 17.3452, 9.29576, 23.5447 ], 
          [ 24.6662, 2.61002, 2.37749, 24.0326, 12.1125, 20.9091, 26.4857, 13.9474, 17.5804, 19.6345, 21.9216, 21.5016, 20.9234, 5.64837, 20.4481, 22.3983, 21.4009, 23.2161, 2.62731, 27.8782, 3.45745, 7.43845, 7.03669, 21.5231, 25.8993, 5.31821, 9.5525, 11.3207, 13.7134, 14.9072 ], 
          [ 5.67347, 25.551, 4.32035, 27.7251, 28.2866, 25.941, 23.5685, 29.0831, 1.30723, 26.3409, 14.4883, 21.3043, 1.02951, 14.8077, 14.4586, 22.9881, 19.4108, 27.3307, 13.8339, 5.5402, 18.2519, 23.7575, 24.4004, 27.5101, 13.4247, 8.02464, 26.4318, 6.69894, 9.07767, 24.8406 ], 
          [ 19.2262, 23.7263, 20.5584, 9.12178, 14.901, 26.4771, 12.9021, 11.2509, 12.7221, 21.8469, 25.7373, 3.95089, 22.4738, 25.5253, 4.88768, 9.63851, 26.2102, 8.658, 23.1251, 28.4173, 22.6253, 4.73914, 25.1972, 28.6189, 25.9995, 6.6484, 2.07032, 22.7477, 19.7607, 27.5443 ], 
          [ 22.3282, 14.581, 16.3775, 3.37925, 4.03862, 20.8616, 4.04539, 18.8728, 28.3671, 15.2716, 13.4384, 6.31786, 19.9068, 9.196, 22.8644, 3.25427, 5.70947, 18.6578, 19.2693, 13.4748, 3.24498, 21.0642, 21.9966, 8.68992, 13.2832, 17.978, 17.4641, 28.1593, 16.1481, 24.4815 ], 
          [ 25.7486, 18.1492, 29.8061, 18.6259, 10.5816, 26.6343, 13.3342, 24.0286, 9.70724, 6.7452, 14.252, 13.229, 11.6001, 28.3024, 18.7946, 17.5848, 22.0101, 4.26424, 10.4636, 17.4762, 8.40517, 24.7546, 18.4557, 17.5838, 8.29494, 12.1399, 28.8531, 4.82927, 2.54078, 23.2691 ], 
          [ 14.6014, 10.2689, 14.843, 23.5372, 19.8199, 17.6624, 15.0615, 21.848, 21.3121, 21.812, 28.7133, 13.3587, 6.668, 22.8746, 18.7137, 20.8768, 19.5712, 16.1727, 26.2747, 10.7165, 9.54658, 20.1029, 20.4901, 25.8757, 16.7875, 9.61951, 4.27065, 10.0258, 19.6522, 24.838 ], 
          [ 15.3243, 11.3322, 29.9803, 8.53703, 10.3707, 26.3608, 7.44391, 8.37801, 20.8685, 18.5833, 11.117, 28.3473, 4.29539, 20.1667, 9.9178, 1.86301, 22.7972, 29.858, 29.6394, 14.5835, 4.99734, 25.8524, 10.592, 23.644, 9.93174, 9.74324, 1.35876, 7.76904, 16.043, 17.5097 ], 
          [ 14.329, 28.9272, 10.5773, 4.89274, 1.81813, 23.8007, 28.4086, 4.32762, 26.4062, 18.3917, 17.3345, 23.0583, 15.8938, 11.3931, 18.8551, 9.04925, 19.8041, 19.0284, 10.2882, 10.6666, 3.09671, 15.8084, 2.52394, 3.49292, 7.63607, 2.88032, 22.1348, 25.6504, 29.0364, 13.901 ], 
          [ 22.7276, 14.971, 18.27, 5.00132, 29.5983, 5.10496, 8.61867, 21.2917, 11.8858, 3.18529, 9.67191, 10.1037, 2.18272, 28.6166, 20.6982, 18.154, 27.0837, 8.59252, 29.4379, 15.5119, 28.207, 9.56503, 28.5336, 18.2672, 14.9289, 10.6821, 18.1909, 17.9777, 29.374, 25.3348 ], 
          [ 24.4213, 19.6183, 23.9838, 24.184, 26.7271, 26.4563, 11.9201, 25.0885, 22.3065, 5.02743, 21.7296, 12.0966, 15.6092, 20.4543, 28.4537, 11.1222, 10.1301, 24.0771, 17.2855, 23.5171, 26.1365, 24.6403, 14.3669, 4.59805, 5.68814, 4.41819, 7.39332, 4.60644, 16.1232, 2.81777 ], 
          [ 1.45652, 10.0081, 27.7814, 20.6486, 16.3363, 3.58727, 20.4391, 19.1256, 26.9398, 12.7672, 16.5827, 22.2904, 14.1575, 17.9793, 26.9985, 23.0973, 20.5265, 12.8204, 27.0429, 29.7281, 14.095, 2.67147, 19.8327, 14.1207, 10.7666, 27.7361, 13.423, 18.3731, 3.72018, 23.2874 ], 
          [ 27.1605, 21.2797, 25.0377, 6.39332, 18.9474, 20.2614, 19.537, 23.822, 23.1171, 2.39752, 5.49197, 4.33107, 7.60805, 22.8536, 2.27355, 5.73573, 25.0733, 28.6958, 5.93654, 15.6061, 18.9706, 16.9099, 9.78095, 3.68355, 5.96452, 29.9597, 28.9133, 3.00914, 28.0916, 16.0855 ], 
          [ 27.9254, 27.0742, 11.8156, 5.28081, 23.9641, 26.6618, 15.7954, 25.9106, 21.5268, 17.3222, 10.2262, 16.9966, 16.2172, 15.5343, 23.4978, 17.4322, 22.4815, 15.4037, 3.54229, 18.6522, 27.3378, 29.8769, 7.17999, 12.6833, 6.98625, 2.17394, 27.8052, 6.59135, 17.16, 27.9199 ], 
          [ 24.7159, 14.8927, 1.38157, 16.3437, 27.1, 7.95548, 28.441, 24.2862, 4.24051, 8.57582, 22.1371, 13.4917, 1.781, 19.1214, 13.4354, 7.73619, 11.1003, 25.2947, 12.574, 13.692, 18.9812, 20.6646, 1.76048, 4.7772, 8.34949, 19.6175, 9.75632, 15.6329, 10.3794, 9.96963 ], 
          [ 21.7412, 4.1497, 3.54981, 23.0095, 15.8811, 8.1503, 13.1082, 17.7763, 2.24873, 7.66445, 18.4035, 19.6903, 17.3276, 14.4405, 26.1493, 8.9453, 18.726, 26.4362, 25.6083, 13.7278, 11.7676, 20.1868, 13.2107, 15.408, 27.7939, 23.4349, 14.9539, 19.4398, 26.9937, 12.9054 ], 
          [ 1.40434, 27.6297, 5.37155, 16.0857, 8.47249, 22.8057, 26.293, 22.7159, 14.6954, 20.3094, 16.3986, 28.2496, 14.9461, 29.2802, 17.6812, 22.7223, 16.2579, 11.0841, 4.90211, 5.86304, 27.1916, 13.6134, 5.86452, 11.4989, 5.32484, 4.04295, 27.5969, 9.0858, 15.4749, 3.17303 ], 
          [ 5.18482, 1.05043, 11.2839, 3.38184, 28.9085, 29.7585, 8.33146, 6.77295, 7.15655, 11.2358, 24.139, 9.36966, 8.70466, 26.2795, 8.22464, 24.391, 28.6513, 23.7863, 12.9197, 3.73301, 22.1397, 19.1071, 22.9034, 28.8305, 24.3358, 27.1215, 17.3364, 9.37617, 11.7377, 6.30722 ], 
          [ 2.01314, 4.73688, 16.348, 12.0164, 17.1345, 15.4434, 1.26478, 4.8688, 15.6848, 16.4543, 4.3205, 27.8142, 5.24923, 13.7417, 27.6045, 8.16173, 1.50437, 5.96879, 2.65658, 21.9151, 8.97968, 2.02428, 3.17419, 20.1937, 16.7838, 10.3152, 13.0331, 26.1084, 19.126, 17.8849 ], 
          [ 3.5889, 12.4293, 9.67256, 10.6458, 18.9298, 4.61129, 20.2427, 4.10014, 14.6827, 17.9837, 5.84151, 29.8504, 9.75779, 1.23017, 25.6598, 18.4117, 20.8804, 9.91727, 10.4706, 23.0987, 8.51862, 8.92876, 28.0272, 15.4223, 7.67315, 6.76404, 8.15579, 21.7911, 21.2669, 28.886 ], 
          [ 14.2362, 4.46742, 25.9695, 15.3805, 29.2325, 11.7764, 19.1277, 18.6228, 18.8752, 3.00478, 25.2316, 21.9648, 4.88462, 23.1011, 8.10951, 11.5376, 17.8985, 1.13728, 20.732, 3.1963, 28.9574, 13.3871, 21.8483, 27.5671, 7.20341, 9.24314, 23.9626, 14.1655, 5.08748, 4.68732 ], 
          [ 2.75903, 23.8058, 12.2487, 10.2868, 13.6501, 14.2175, 1.7489, 12.2506, 5.05576, 13.5242, 29.3272, 7.02986, 3.76934, 1.98497, 2.1064, 26.0981, 12.5921, 6.68708, 23.2157, 5.5236, 28.7078, 29.1962, 12.4146, 18.7874, 23.3433, 4.31286, 29.3841, 15.5906, 27.3844, 11.0264 ], 
          [ 27.2295, 9.0576, 20.6705, 28.8464, 15.7925, 27.7962, 16.2747, 10.382, 25.3552, 5.39288, 3.71387, 18.3776, 26.6393, 3.3874, 24.1565, 3.00029, 22.7761, 2.91204, 7.04943, 29.1847, 24.7903, 6.82956, 6.76069, 7.0837, 10.7003, 10.5148, 3.95152, 16.556, 28.5883, 11.83 ], 
          [ 25.4316, 8.17806, 26.0128, 2.31598, 15.1445, 23.0797, 5.10316, 9.36389, 18.8559, 21.7492, 12.5234, 12.0368, 28.8597, 26.6224, 4.72613, 1.82162, 11.9813, 20.4751, 10.5641, 20.728, 28.0929, 16.1165, 16.527, 14.069, 9.86439, 9.954, 5.48932, 28.0739, 18.3998, 21.8365 ], 
          [ 20.6656, 26.3398, 7.26461, 18.5528, 25.2871, 25.2947, 14.2668, 14.1565, 2.83723, 6.01623, 4.29573, 3.29204, 25.615, 14.2545, 27.5685, 4.74426, 28.2555, 4.03752, 25.0409, 9.25518, 17.4367, 22.8605, 9.18771, 27.5907, 13.1243, 29.0546, 25.6399, 25.4823, 11.283, 26.1235 ], 
          [ 24.3682, 18.9473, 18.1667, 26.7632, 5.18015, 10.328, 23.7628, 25.9557, 24.4007, 2.55888, 22.6434, 11.2237, 16.5005, 24.3051, 17.943, 29.7231, 1.86454, 3.76802, 8.24789, 28.9699, 21.8323, 6.98518, 11.251, 10.7247, 19.7021, 6.01713, 26.9971, 26.0047, 23.9772, 26.045 ], 
          [ 24.369, 11.0575, 11.9749, 24.224, 28.8196, 21.9045, 3.57221, 27.9353, 8.16108, 16.6389, 29.3719, 2.15807, 19.684, 19.119, 19.9062, 26.5422, 20.6527, 9.85687, 16.7229, 27.8757, 17.9011, 1.2953, 29.2828, 17.3703, 29.5463, 1.85757, 7.50745, 24.5558, 2.28806, 21.1685 ], 
          [ 12.6753, 11.7146, 13.9115, 6.69435, 19.7904, 21.8437, 3.11212, 26.6053, 6.78687, 12.5276, 10.1168, 11.4684, 20.3821, 18.6639, 16.2395, 12.8063, 9.87234, 28.789, 18.4439, 1.92454, 19.8533, 27.5577, 3.50139, 27.7152, 12.9453, 9.66634, 27.8517, 5.97907, 11.9927, 4.46254 ], 
          [ 17.4513, 15.6316, 15.2362, 16.2389, 15.5591, 18.9193, 10.0925, 6.82058, 22.112, 14.0776, 12.8945, 23.8309, 7.96799, 11.9376, 1.40054, 10.5433, 13.785, 7.48957, 12.4252, 22.7579, 14.7357, 15.4006, 17.8059, 27.7162, 2.43844, 11.4351, 25.1992, 2.44436, 8.67464, 21.4822 ], 
          [ 29.963, 12.6559, 20.8403, 11.4279, 13.5367, 2.76608, 28.1583, 12.4706, 22.6656, 3.27129, 26.94, 20.2387, 29.6317, 1.78758, 7.02132, 22.5374, 4.70561, 2.9526, 15.0978, 6.55649, 19.8784, 21.3874, 15.3661, 5.27715, 26.1004, 18.161, 22.9606, 25.4805, 8.18905, 2.08313 ], 
          [ 14.4497, 27.6712, 20.7768, 1.4579, 28.0734, 5.45976, 25.0958, 24.1617, 10.2751, 3.80489, 14.0891, 27.7807, 18.7566, 20.9876, 17.924, 3.58064, 9.501, 29.0508, 11.0526, 1.73756, 17.5343, 23.922, 23.3421, 4.96143, 14.7096, 8.3938, 26.8288, 17.4505, 21.7471, 15.0809 ], 
          [ 3.43564, 1.45816, 4.38681, 16.3575, 28.3198, 12.4715, 3.81008, 15.1562, 12.8532, 24.6548, 14.223, 12.4376, 2.55229, 4.53419, 28.849, 14.9473, 21.6483, 2.12478, 4.65788, 16.333, 19.3802, 14.5074, 11.1787, 14.1593, 24.8679, 11.6622, 29.8974, 10.3988, 20.4258, 23.8109 ], 
          [ 18.5673, 20.3569, 9.82345, 13.2729, 27.6549, 1.38837, 23.0319, 8.70348, 10.2782, 3.21755, 27.5766, 27.1055, 18.4681, 8.68501, 3.70715, 17.7102, 5.50941, 13.7453, 2.60229, 16.7074, 17.3218, 4.11349, 6.10666, 5.3853, 19.186, 4.52199, 29.4357, 22.6614, 7.35389, 2.10888 ]
        ]
      ];
r = [
        [70704.1,76215.1,74643.2,61065.2,78180.4,73854.7,69322.3,53973.4,69089.5,76553.5,80287.8,57307.9,58423,77718.5,56546.3,73943.9,58613.6,57829.9,72796.3,60084.2,56682.9,81833.9,54592,55574.5,67319.4,56719.1,57879.6,55573,63060,58520.5 ], 
        [55625.7,68684.8,51492.9,54342.5,78441.2,62507.3,73730.3,65803,71510.8,68348.3,55930.8,80113.8,59012,65494.3,73888.8,53920.9,60727,51209.6,50682.9,69067.7,77213.5,60559.3,50687.2,67230.1,58559.9,67128.3,62618.3,77851.1,70540.4,74630.8 ]
     ];
d = [
        [9764.37,9030.6,68951,89749.3,87244.6,26528.7,39957,64718.3,88030.8,67578,3000.58,24687.7,16647.3,9673.05,81582.4,81588.2,52482.7,67671,40647.7,3629.15,9340.16,76971.4,72554,54215.8,75950.9,19120.8,6736.04,13891.1,40282.1,12721.2,8244.2,89762.8,85272.7,62068.1,67177.1,76424.2,21102.3,53767.2,52142,72934.5,60890,26243.5,71538.7,35971.1,43652.5,12448.1,88995.5,44697.2,1777.97,24478.5,33559.3,38354.1,74163.4,88000.6,36499,20867.2,70637.2,43114.6,16414.1,70766.2,76874.8,40358.1,19160.2,67608.4,56594.2,25028.1,72534.8,7952.81,35196.1,21518.2 ], 
        [82479,59682.8,32067.9,38602.4,12224.4,12472.7,48921.4,70691,70333.4,61212.9,47943.8,72216.7,68983.8,58415,60806.1,5399.51,63406.9,29637.2,74136.9,22502.6,83848.3,39455,4052.47,70694.8,60703.6,63273.7,38992.9,36172.8,33689.3,60597.5,14015.6,56647,2075.03,15732.3,6293.72,59760.2,14211.8,47748.6,66474.6,64231.3,5549.68,18915.7,8926.5,63328.5,50009.3,78988.1,38691.3,49066.5,86350.6,33961.9,87841.4,57396.9,18683.4,83094,43292,37104,6595.81,30390.9,30267.8,50647.7,62389.6,82397.8,15396.4,17644,12098.6,58121.1,10458,9473.69,22578.6,38017.1 ]
     ];
