/***************************************
* STOCHASTIC OPTIMITZATION
* OPL S2FVPP Data Generator
* by Jordi Mateo Fornes
* Model = S2FVPP; Stochastic (2S) MIP 0-1;
* Representation = Compact Representation;
****************************************/
I = 100;
P = 30;
C = 70;
G = 2;
p = [ 0.01, 0.01 ];
pc = 0.02;
ORCHARDS = { 1, 2, 3, 4, 5, 6, 7, 8, 9, 10, 11, 12, 13, 14, 15, 16, 17, 18, 19, 20, 21, 22, 23, 24, 25, 26, 27, 28, 29, 30 };
CUSTOMERS = { c1, c2, c3, c4, c5, c6, c7, c8, c9, c10, c11, c12, c13, c14, c15, c16, c17, c18, c19, c20, c21, c22, c23, c24, c25, c26, c27, c28, c29, c30, c31, c32, c33, c34, c35, c36, c37, c38, c39, c40, c41, c42, c43, c44, c45, c46, c47, c48, c49, c50, c51, c52, c53, c54, c55, c56, c57, c58, c59, c60, c61, c62, c63, c64, c65, c66, c67, c68, c69, c70 };
CGV = [ 12.3627, 25.4853, 10.2329, 20.683, 21.6957, 11.0756, 12.6637, 23.7192, 29.747, 24.3349, 1.6333, 4.32544, 17.4201, 25.5003, 10.542, 10.3069, 6.75382, 6.70016, 11.987, 21.4619, 7.0354, 11.8772, 18.5623, 13.2509, 13.4674, 27.7698, 8.32329, 29.4574, 27.4332, 21.3173 ]; 
s = [ 2.84972, 2.63639, 2.93451, 0.881518, 0.485698, 0.306994, 0.525129, 0.687612, 1.28742, 1.62071, 1.89602, 2.57658, 2.98629, 1.68668, 1.96442, 1.15665, 2.91276, 1.99352, 2.48752, 0.680003, 0.552075, 2.98777, 0.270194, 1.38969, 0.820449, 1.419, 0.795921, 2.74378, 2.73897, 28.9432 ]; 
CSV = [
        [
          [ 25.3639, 22.1284, 4.07238, 12.6776, 19.536, 7.51148, 2.80338, 23.7553, 23.5079, 20.3209, 14.9423, 20.9768, 26.5628, 6.96851, 24.9527, 25.3498, 25.1502, 23.3614, 10.7521, 4.11987, 20.5698, 13.4368, 20.1326, 19.4206, 28.1764, 12.8873, 9.7554, 1.95678, 23.0239, 21.4892 ], 
          [ 18.403, 7.63739, 9.26046, 25.6078, 19.8153, 6.96355, 6.72506, 2.69035, 17.5103, 4.04236, 11.0399, 1.95192, 6.76029, 27.1134, 29.0544, 5.14341, 13.465, 16.5691, 25.5929, 5.21325, 20.3474, 19.1989, 14.6657, 16.9448, 10.9025, 16.4069, 2.90272, 15.0625, 28.3784, 9.25766 ], 
          [ 5.86505, 25.2246, 19.179, 25.2634, 27.1916, 25.7122, 11.3904, 25.9143, 22.9521, 7.80984, 19.8307, 18.9852, 23.312, 21.8134, 5.05026, 12.778, 11.5725, 10.3069, 9.26388, 28.9669, 28.3752, 29.7261, 24.4315, 24.2535, 18.1431, 15.4411, 14.7896, 5.36333, 22.4441, 21.1882 ], 
          [ 4.79542, 9.48101, 14.3632, 3.21269, 4.55559, 13.7503, 18.5866, 2.29288, 10.045, 28.8056, 5.04605, 4.39353, 24.4626, 26.9425, 18.2512, 1.62867, 5.8423, 25.2208, 9.2174, 24.8229, 16.7479, 11.5279, 18.7148, 11.446, 18.3638, 27.3337, 25.9612, 14.408, 5.22813, 19.3536 ], 
          [ 15.9613, 3.37543, 8.89262, 20.374, 26.472, 9.94454, 22.8061, 28.8288, 12.5678, 3.25311, 11.8446, 9.48491, 25.0035, 21.994, 26.9907, 21.5547, 26.9303, 28.7994, 20.981, 6.96507, 5.24211, 16.3389, 22.0572, 28.6845, 24.7642, 7.3612, 9.25016, 28.1037, 28.6009, 11.4359 ], 
          [ 26.1078, 6.77189, 4.48235, 24.1186, 29.9856, 24.4735, 25.6299, 8.95718, 14.6257, 7.06157, 4.25983, 29.6956, 16.2084, 23.0126, 28.8285, 25.2741, 13.9671, 17.375, 2.57022, 25.7799, 5.28516, 15.8692, 6.28429, 28.8294, 25.0788, 16.6221, 27.7108, 5.56584, 6.42764, 8.42431 ], 
          [ 29.0256, 2.00538, 26.6107, 1.31628, 7.07349, 22.6334, 29.8056, 28.8256, 24.3738, 3.00286, 13.6475, 18.1254, 10.6405, 29.3934, 5.53641, 7.65071, 9.74507, 24.0953, 29.0144, 14.433, 17.7143, 21.9484, 10.7885, 1.14684, 24.1148, 15.5789, 24.4127, 26.9025, 26.4468, 16.0441 ], 
          [ 1.48375, 21.3212, 8.72148, 12.7122, 16.1297, 26.4506, 21.2341, 4.07839, 13.6047, 6.66979, 19.1866, 15.4709, 6.83031, 26.022, 14.0471, 13.7158, 10.0385, 12.1969, 18.4407, 22.3277, 27.1746, 26.4114, 4.48345, 16.0339, 7.33981, 9.14584, 28.6673, 17.9982, 28.204, 17.4495 ], 
          [ 16.2099, 29.9952, 13.9723, 29.7145, 2.11384, 5.6338, 15.5629, 29.7727, 12.8327, 28.8992, 5.86323, 21.9892, 5.22345, 13.4535, 25.533, 6.2298, 13.8732, 5.74163, 2.9377, 26.5529, 14.2618, 28.1692, 20.1517, 15.04, 18.3344, 26.229, 26.8717, 10.724, 22.4103, 12.0827 ], 
          [ 14.4002, 12.3633, 25.6254, 5.67072, 19.8919, 22.8029, 20.9223, 19.2412, 12.4455, 24.7383, 27.2754, 10.2456, 24.6315, 7.84598, 18.1919, 16.3855, 9.68732, 12.6819, 25.4657, 29.7609, 23.2207, 22.9402, 12.3638, 1.88091, 5.40342, 8.25498, 12.0568, 20.2561, 22.1755, 22.4102 ], 
          [ 26.2996, 3.72233, 13.1153, 5.62496, 15.6795, 7.28071, 6.25317, 27.5211, 23.6749, 22.1121, 2.48149, 15.6518, 1.34945, 11.1057, 6.15237, 27.1947, 26.7469, 15.8848, 8.14955, 17.3241, 15.9962, 3.52279, 28.8473, 6.38424, 4.02503, 27.3238, 13.7787, 3.22474, 23.6886, 24.4975 ], 
          [ 19.8751, 27.5109, 4.879, 22.6233, 2.7201, 9.89928, 15.7765, 6.60086, 13.2265, 29.0474, 25.4566, 12.4354, 6.78885, 13.5188, 2.41222, 11.5548, 23.5406, 12.9444, 17.5924, 23.3585, 20.2977, 16.5719, 8.33827, 16.4493, 11.0061, 8.44856, 18.0176, 26.3891, 3.97568, 3.31177 ], 
          [ 12.2831, 26.6618, 4.25549, 12.6604, 20.2931, 11.7696, 7.78388, 7.19871, 19.045, 8.57461, 2.75475, 21.1817, 12.2183, 6.70843, 16.8048, 20.8697, 16.8171, 12.2401, 9.1808, 9.70173, 11.0935, 21.5285, 28.3854, 9.27748, 3.45172, 4.81512, 23.0934, 9.76555, 12.3878, 8.99138 ], 
          [ 7.50518, 24.9786, 11.558, 14.1884, 22.4689, 10.93, 2.67266, 19.7139, 28.1408, 13.7491, 12.603, 21.9166, 20.8955, 27.6065, 8.13427, 27.0498, 1.22687, 25.2473, 15.5704, 9.45812, 19.385, 6.99709, 8.66203, 12.5444, 19.3817, 12.7723, 7.09948, 25.9326, 6.25445, 16.4665 ], 
          [ 4.28809, 27.7495, 28.7615, 7.99605, 13.1129, 12.4486, 10.1872, 24.7548, 27.3986, 4.47212, 18.8837, 11.6093, 4.2915, 8.43783, 28.5152, 28.4605, 18.6069, 5.272, 23.6571, 19.0106, 29.3485, 26.2579, 26.4901, 6.81416, 24.3741, 19.4426, 6.47495, 18.45, 16.7739, 6.46762 ], 
          [ 8.85487, 15.1118, 20.8105, 21.6152, 19.9007, 20.5753, 27.0029, 4.86779, 22.9068, 29.7303, 25.409, 24.9731, 25.379, 7.69885, 14.9998, 21.3881, 26.1781, 6.38285, 2.53351, 3.3079, 26.2331, 12.989, 8.50949, 2.8756, 26.0665, 8.95651, 14.7639, 6.82783, 4.86976, 2.51725 ], 
          [ 7.78865, 4.46092, 27.9603, 21.9264, 17.3777, 3.92209, 26.5522, 18.5384, 24.0079, 17.6373, 16.3686, 23.4161, 18.3694, 5.76574, 10.6515, 23.9117, 9.0674, 12.763, 4.9479, 12.3678, 9.39527, 12.0635, 12.0659, 4.33966, 11.1072, 9.45734, 4.32651, 22.765, 5.8908, 6.63663 ], 
          [ 2.06769, 21.7786, 1.20644, 7.41512, 24.4091, 15.866, 17.2639, 8.52436, 15.422, 24.6776, 28.9708, 28.3083, 9.11069, 25.6695, 23.6725, 13.0378, 17.2137, 17.8651, 17.4352, 18.3163, 23.2669, 12.7863, 9.67745, 22.7166, 2.413, 27.4497, 10.6662, 2.90954, 5.63053, 18.9949 ], 
          [ 17.7485, 21.9627, 2.69042, 11.3317, 1.01616, 23.1569, 2.21932, 27.1087, 15.2837, 24.8107, 12.3869, 11.3385, 24.2028, 22.339, 16.5342, 10.9475, 14.2786, 23.4158, 19.6274, 20.9509, 22.1687, 27.0996, 1.76741, 23.4672, 8.54493, 28.3647, 22.7956, 19.1369, 9.86487, 5.5093 ], 
          [ 9.56407, 1.72096, 19.5446, 23.543, 20.931, 24.8251, 8.98433, 11.699, 17.5482, 4.75256, 18.3085, 18.2725, 22.4297, 2.96244, 15.0963, 6.29132, 6.35899, 8.54337, 17.9358, 10.1039, 21.7729, 12.869, 24.0791, 20.736, 23.2992, 22.1338, 8.46263, 2.88792, 3.32165, 12.5582 ], 
          [ 23.4282, 25.9417, 23.999, 4.43133, 18.6131, 18.1393, 18.1779, 15.0921, 9.25995, 26.0166, 4.81445, 16.2021, 7.14708, 29.2229, 29.5684, 4.40813, 9.94201, 1.03964, 25.6169, 27.0178, 27.1644, 18.3698, 1.13132, 21.7898, 23.6099, 12.8485, 13.5087, 26.0096, 25.7872, 23.4221 ], 
          [ 25.6966, 22.551, 20.9741, 15.058, 3.44898, 28.7202, 3.06412, 16.9147, 8.12632, 6.00769, 27.5133, 19.2593, 18.7087, 18.4164, 12.1971, 23.4429, 16.0513, 6.02679, 28.0659, 20.8557, 3.57011, 25.2421, 17.1486, 24.7688, 5.18936, 6.82613, 20.0207, 26.7539, 24.5463, 16.2892 ], 
          [ 16.8656, 14.2702, 9.24599, 15.6371, 29.4111, 23.4436, 26.8978, 27.275, 22.6652, 26.4752, 2.43663, 5.54903, 12.6479, 27.1616, 21.2424, 15.9404, 11.8623, 8.92418, 29.1758, 8.47007, 6.96401, 10.2071, 9.66217, 16.3376, 6.70793, 2.84692, 12.9652, 12.2914, 19.4808, 29.525 ], 
          [ 26.3681, 21.4832, 25.0742, 27.0028, 28.276, 16.805, 26.6874, 5.17039, 1.0113, 26.0017, 21.0766, 26.482, 19.5708, 10.5688, 6.46655, 18.3955, 1.5456, 3.7251, 21.9286, 7.6075, 3.69583, 26.7378, 28.2189, 28.9673, 7.23235, 11.4469, 7.4034, 8.42692, 29.239, 9.9625 ], 
          [ 7.22576, 18.3417, 3.45766, 8.69593, 12.3308, 27.1645, 23.6849, 10.2015, 18.627, 19.6658, 26.2417, 10.8692, 26.949, 27.0338, 1.31081, 6.87609, 14.3156, 12.5301, 6.84932, 29.735, 18.9074, 6.36767, 23.8583, 1.23505, 22.7897, 6.66441, 11.2684, 20.8301, 27.6346, 7.01634 ], 
          [ 28.8301, 20.2833, 17.8627, 6.98017, 5.34435, 4.80262, 5.04869, 15.9446, 29.1359, 10.6885, 21.301, 19.2618, 21.6852, 21.9544, 27.7805, 8.86126, 5.18063, 28.4887, 25.3985, 1.72564, 10.7759, 2.14598, 16.8681, 17.6803, 9.78193, 15.8221, 23.6494, 19.3667, 23.7909, 2.35296 ], 
          [ 10.2713, 15.1088, 15.4468, 14.5255, 12.0344, 25.4596, 8.92519, 9.27534, 18.1288, 10.0036, 16.3822, 1.12126, 11.1057, 6.32839, 8.2524, 17.8044, 17.7399, 25.836, 11.3343, 25.2411, 20.2693, 15.8736, 8.98822, 7.5699, 8.5304, 10.831, 1.62102, 19.8992, 21.5185, 2.16997 ], 
          [ 28.801, 3.40786, 7.14297, 1.1596, 26.9386, 20.7928, 10.7821, 6.01968, 9.72045, 11.6957, 20.6236, 16.9867, 12.3596, 28.5173, 7.76709, 8.57113, 3.26645, 9.91527, 17.0532, 28.9987, 25.6907, 28.7079, 22.0451, 14.7922, 13.5896, 23.8071, 4.43365, 17.2877, 10.1445, 11.9821 ], 
          [ 21.3131, 5.43408, 15.5901, 11.0379, 5.0928, 27.7386, 26.3256, 28.8205, 19.748, 22.3973, 1.33025, 4.42164, 16.2698, 9.77047, 4.82583, 7.10842, 17.6063, 17.019, 23.0833, 12.3804, 4.65228, 15.467, 4.56032, 18.9746, 6.1278, 26.7976, 21.5343, 21.6696, 15.9308, 19.5358 ], 
          [ 11.5999, 26.682, 25.9601, 28.2876, 6.09587, 3.63351, 27.5638, 23.9189, 25.7138, 9.65982, 6.46135, 9.68921, 7.03261, 9.3931, 7.77367, 22.9364, 10.7978, 6.06437, 19.7142, 28.757, 7.29869, 5.76977, 27.6447, 28.6044, 16.8298, 14.4089, 19.7714, 29.7051, 2.64462, 24.3535 ], 
          [ 18.9923, 21.5258, 8.36416, 19.4827, 15.8484, 20.4246, 17.1677, 29.9415, 2.87763, 3.22218, 22.1544, 1.86879, 17.9873, 20.9348, 29.2232, 11.6668, 10.6891, 6.38415, 22.4439, 25.791, 17.9684, 1.96715, 29.1996, 29.7729, 19.0841, 14.2506, 8.23585, 18.63, 23.392, 3.27319 ], 
          [ 1.32057, 24.1495, 21.49, 27.7918, 8.92517, 13.6596, 20.1303, 2.07579, 4.56244, 18.9263, 23.4095, 15.7808, 19.1611, 3.00523, 8.80423, 17.5388, 13.7689, 3.20092, 2.06371, 27.7783, 18.919, 27.8635, 7.04946, 25.3193, 25.7094, 9.00239, 17.4733, 14.822, 9.63167, 6.24937 ], 
          [ 23.9848, 16.776, 20.5546, 9.57611, 2.36062, 22.327, 12.5389, 13.7523, 13.7729, 4.52754, 7.44502, 6.77863, 4.79683, 11.5468, 11.706, 9.44448, 10.1207, 4.38643, 22.847, 15.8251, 4.79553, 20.7271, 22.3581, 28.1231, 3.92469, 11.6332, 11.1561, 4.61052, 21.0422, 10.2884 ], 
          [ 8.2356, 3.95382, 11.4867, 16.7503, 29.2301, 2.65675, 17.2923, 1.12914, 29.0698, 25.2469, 5.74294, 16.6549, 20.5448, 9.41621, 18.0331, 24.4868, 22.9095, 1.19955, 22.1339, 5.51897, 12.6231, 2.33194, 24.4741, 28.2385, 10.1342, 17.673, 24.505, 6.86311, 4.43948, 23.8001 ], 
          [ 16.8863, 9.1923, 1.166, 29.2422, 25.6996, 1.10177, 23.1452, 16.5933, 1.882, 15.2279, 8.40835, 14.6014, 29.8154, 9.70031, 29.8243, 24.257, 19.7678, 7.00888, 12.1464, 16.7901, 16.8325, 8.09622, 18.2132, 15.286, 5.06354, 19.4711, 19.6025, 21.5914, 19.1023, 1.44366 ], 
          [ 8.86346, 11.1532, 6.24396, 27.0623, 10.5746, 9.10901, 12.4301, 25.9648, 5.45443, 10.7169, 2.25062, 7.22048, 26.1746, 29.4646, 13.0993, 24.2929, 9.40824, 28.7324, 24.5041, 19.8085, 1.89364, 16.0886, 5.12089, 23.4311, 2.91205, 22.6906, 6.60606, 14.3137, 8.79743, 11.8231 ], 
          [ 26.7616, 18.193, 27.0908, 15.7155, 25.3207, 19.1735, 14.1473, 22.6906, 10.2093, 12.828, 9.11689, 5.30949, 16.1581, 24.4429, 22.5821, 25.0438, 13.8702, 10.3142, 14.5963, 23.8651, 14.3832, 18.0772, 7.0395, 27.7964, 28.0988, 20.7438, 18.109, 5.05444, 24.3828, 14.9787 ], 
          [ 29.8666, 12.5434, 4.06362, 10.7323, 26.2403, 6.84307, 1.36253, 9.66788, 21.8837, 1.65223, 9.31927, 18.5969, 20.4883, 29.7306, 2.8355, 6.79598, 22.0025, 2.32165, 26.4257, 12.2134, 10.1229, 24.3628, 5.96537, 18.5973, 17.6973, 29.5011, 25.2086, 12.9837, 16.8921, 22.9057 ], 
          [ 6.72393, 26.3209, 28.8161, 23.5156, 9.35206, 14.2784, 12.2558, 2.14144, 2.4907, 16.7456, 14.3954, 10.0065, 20.6789, 9.43964, 13.0861, 4.89511, 17.8367, 5.53063, 29.3264, 8.41361, 24.1233, 18.9582, 13.9513, 1.14569, 3.93063, 11.518, 7.82232, 23.8317, 18.0879, 15.5187 ], 
          [ 2.88169, 5.03233, 25.7276, 18.1414, 7.41235, 10.1383, 1.31191, 4.71245, 7.75578, 20.5415, 2.65447, 29.3204, 5.89437, 23.4989, 9.57514, 9.25972, 8.41755, 10.9082, 5.96441, 13.9365, 24.8602, 17.1682, 19.7772, 22.8142, 12.8264, 17.1867, 27.7951, 2.85702, 23.5531, 27.2253 ], 
          [ 12.8926, 20.7379, 26.5138, 27.8257, 13.9976, 8.5825, 10.4843, 2.47043, 24.2432, 15.3022, 22.3065, 19.3433, 28.8531, 5.38354, 10.1902, 3.48697, 8.83986, 26.8354, 11.881, 24.9906, 11.0484, 27.7307, 6.2859, 27.2195, 16.2773, 27.9756, 12.3521, 4.90098, 17.8231, 2.75701 ], 
          [ 2.50237, 2.66001, 17.665, 14.6154, 21.5555, 2.59738, 4.43526, 1.89083, 8.97884, 29.0279, 20.8116, 12.2252, 21.6346, 18.4795, 14.7444, 8.76964, 11.7937, 8.60878, 7.50167, 6.16055, 18.4332, 19.537, 1.23199, 6.60729, 5.77915, 23.5162, 9.5829, 13.8513, 21.8787, 15.0308 ], 
          [ 11.2742, 9.5295, 13.9249, 26.5386, 6.65253, 15.7316, 27.7451, 3.63896, 9.1772, 20.1367, 20.2828, 16.4572, 25.2771, 9.30389, 1.58136, 23.8441, 13.8764, 16.4403, 13.7751, 11.7248, 26.5242, 18.5307, 27.7051, 10.0274, 24.2754, 4.88268, 13.1953, 8.26959, 21.4516, 10.1609 ], 
          [ 22.3961, 8.16199, 6.39959, 29.9198, 26.7837, 4.65963, 27.8534, 10.147, 2.18943, 14.6506, 5.73164, 21.5604, 12.8193, 1.07374, 1.28397, 4.28654, 24.5062, 4.8347, 4.99606, 7.12584, 26.4916, 26.2539, 17.9579, 17.9904, 12.5414, 21.465, 10.4278, 23.2983, 13.7537, 20.0861 ], 
          [ 27.583, 7.82149, 7.97763, 4.9036, 12.2968, 2.89846, 9.60631, 21.4821, 21.3784, 28.6818, 18.9436, 12.251, 20.0877, 16.585, 5.12236, 25.7935, 20.964, 15.5964, 28.4447, 3.40905, 29.6749, 29.3083, 22.751, 25.7814, 2.12483, 10.1045, 3.47962, 13.3746, 10.4003, 23.7191 ], 
          [ 19.9315, 16.2381, 21.0712, 23.507, 19.2072, 7.62701, 16.7157, 23.3081, 2.85268, 4.72897, 28.4978, 6.60919, 9.85012, 26.779, 11.78, 22.7672, 24.2543, 26.0006, 29.857, 17.6923, 17.0076, 12.1524, 7.08452, 3.06719, 6.67706, 27.1497, 14.2872, 4.84292, 8.05583, 23.824 ], 
          [ 23.2419, 14.2831, 4.1821, 22.7228, 12.7303, 10.3487, 29.4229, 19.3749, 12.2119, 13.7422, 20.0156, 3.61019, 27.6721, 7.24725, 18.838, 12.3646, 20.3504, 12.4547, 17.977, 2.4681, 10.7184, 3.20157, 6.46574, 16.3937, 20.9705, 23.9862, 5.07016, 6.58457, 27.0047, 26.0377 ], 
          [ 23.5515, 11.651, 18.3897, 20.0172, 9.73476, 17.0724, 21.4122, 25.0173, 14.5522, 26.2762, 25.5044, 2.3498, 28.3005, 20.8661, 28.0331, 24.9166, 24.8623, 1.28734, 10.5285, 25.712, 3.37548, 1.64084, 6.7778, 6.12609, 17.0807, 1.04471, 8.72591, 1.68365, 17.3262, 14.229 ], 
          [ 13.8637, 26.9292, 29.986, 19.3184, 6.67505, 20.7971, 11.7678, 20.4056, 28.0773, 6.75271, 23.9208, 10.8025, 8.55352, 16.3233, 18.9519, 17.8146, 18.2539, 3.14657, 4.83352, 24.7975, 8.66571, 1.91712, 5.49727, 24.4749, 1.22486, 9.65806, 20.9074, 9.10873, 4.75352, 9.92801 ], 
          [ 17.5038, 17.2347, 22.5993, 21.1071, 25.2571, 13.8815, 6.94089, 22.7799, 1.51062, 17.8836, 26.2587, 10.1501, 10.1784, 27.4459, 24.8322, 17.6495, 19.8787, 24.247, 16.9897, 13.3607, 26.4555, 26.6427, 15.3436, 11.288, 22.8135, 3.82416, 27.1569, 23.6773, 3.5172, 14.2596 ], 
          [ 10.4453, 14.3598, 6.11209, 6.73203, 16.7439, 26.9764, 27.9438, 21.6434, 7.73092, 20.9235, 28.0615, 13.314, 2.15248, 26.6486, 4.84863, 9.36921, 18.5207, 15.2675, 23.6625, 10.6117, 14.6809, 14.2893, 1.99788, 23.2004, 14.4791, 6.87627, 2.70869, 18.8624, 11.8271, 18.4542 ], 
          [ 23.7477, 17.357, 15.3392, 8.66479, 7.36934, 26.0524, 5.18469, 25.7586, 11.59, 15.3368, 2.25658, 1.74852, 26.2432, 10.2988, 22.1611, 20.4906, 20.4839, 19.1561, 5.19045, 19.412, 17.5824, 12.6537, 23.7524, 5.70091, 16.67, 24.8599, 3.44999, 6.00308, 15.9082, 12.1579 ], 
          [ 8.21817, 16.6661, 29.4879, 20.7109, 13.7014, 10.3976, 19.1839, 5.76411, 4.37547, 3.75749, 17.2769, 14.6558, 15.7225, 12.4299, 16.6446, 5.56064, 7.77443, 14.2709, 28.3313, 12.5428, 12.3691, 21.1122, 17.4567, 6.14955, 7.15977, 25.0733, 16.3902, 28.2504, 28.1241, 21.9788 ], 
          [ 18.1915, 23.1317, 28.5466, 1.74325, 16.4745, 1.64077, 25.907, 27.6229, 12.0775, 3.78971, 2.59924, 12.407, 8.96339, 23.9759, 22.5768, 6.47203, 10.0666, 11.7493, 24.8956, 13.2546, 10.6109, 1.40222, 5.61687, 15.3395, 29.4634, 9.30825, 8.21057, 14.6981, 23.56, 5.20939 ], 
          [ 1.61891, 12.9279, 13.6908, 5.14615, 2.47509, 21.3402, 10.5848, 17.1415, 17.5297, 12.2814, 11.512, 8.49807, 17.6136, 5.66155, 9.29382, 18.8342, 7.8313, 10.5515, 9.15028, 15.3409, 25.3006, 2.43106, 2.88863, 25.8034, 6.81802, 4.63912, 8.73216, 9.00283, 24.1403, 4.36136 ], 
          [ 29.6814, 25.8361, 1.5271, 1.81049, 21.8282, 8.8544, 13.8623, 25.4876, 7.16396, 26.4436, 11.1666, 4.34459, 12.1469, 28.7723, 15.4421, 24.9832, 4.85586, 6.22146, 16.4586, 21.684, 20.1274, 10.9818, 3.44249, 16.8333, 13.1107, 29.3382, 3.34704, 21.9513, 6.87183, 26.6978 ], 
          [ 18.9753, 6.89666, 10.3825, 9.06394, 21.6696, 13.7191, 16.1507, 4.4988, 13.4375, 26.8816, 18.5376, 12.6434, 7.05462, 24.3308, 22.7769, 18.3887, 7.22829, 11.0529, 7.26321, 27.8048, 29.9829, 12.7256, 2.63512, 27.8787, 13.7568, 17.4223, 15.8018, 4.35953, 8.24483, 10.9986 ], 
          [ 18.1349, 24.1925, 10.1608, 15.282, 13.4409, 9.78782, 4.4753, 8.78585, 22.3754, 20.8491, 17.4038, 19.546, 19.7784, 6.32305, 18.1318, 4.56383, 10.7276, 5.60617, 22.3446, 2.83306, 14.5022, 20.5575, 23.5032, 10.4656, 5.88431, 12.3967, 5.34686, 25.5666, 7.14809, 27.9773 ], 
          [ 2.78467, 2.09983, 21.9873, 8.36804, 5.47188, 2.90239, 19.9591, 17.8067, 7.06715, 26.885, 27.3442, 21.936, 20.6182, 12.8033, 23.3096, 17.7983, 11.0848, 11.8978, 24.4954, 3.66172, 29.3271, 20.1727, 26.9352, 2.46746, 14.1017, 27.568, 27.7031, 11.4093, 19.9579, 23.2569 ], 
          [ 25.7547, 23.0507, 16.6609, 25.3972, 8.66349, 26.9403, 2.71445, 19.9182, 19.5835, 16.9359, 26.1622, 5.67946, 26.8764, 12.7234, 9.02887, 25.4284, 24.7866, 14.7108, 4.28808, 17.5304, 1.18289, 28.035, 26.1109, 18.2779, 25.2832, 8.08842, 25.6151, 6.75054, 25.2445, 20.6248 ], 
          [ 21.1361, 2.35618, 2.91947, 13.2319, 9.85515, 9.88345, 1.81955, 8.96527, 2.27727, 24.9748, 20.5986, 12.7947, 13.8287, 17.4898, 18.4813, 21.955, 7.03254, 15.5064, 28.5548, 10.6441, 12.5485, 12.8569, 9.34037, 23.8291, 18.8171, 24.6415, 25.379, 14.1741, 9.73509, 24.945 ], 
          [ 13.1843, 13.4937, 1.98033, 11.5046, 20.2284, 1.7823, 16.5978, 5.78891, 13.4424, 27.8668, 23.0325, 25.1244, 25.7094, 10.8113, 14.963, 19.3306, 20.5657, 4.7993, 1.70873, 17.476, 19.0351, 10.1999, 21.1994, 11.2248, 27.4689, 15.4861, 24.8961, 23.1049, 13.5454, 20.0613 ], 
          [ 5.37868, 16.7588, 2.50999, 4.14903, 10.0273, 25.8084, 18.927, 8.30493, 27.894, 4.86202, 7.87264, 9.50078, 7.05754, 3.30605, 23.6935, 25.598, 7.80884, 5.83797, 16.243, 9.68929, 10.1107, 22.1881, 16.2711, 20.9477, 28.0346, 29.6721, 25.5696, 22.1221, 11.176, 11.7597 ], 
          [ 6.41558, 5.18472, 13.4276, 12.0138, 17.6161, 20.4646, 5.95227, 17.5912, 4.53046, 6.63715, 7.22709, 19.1637, 7.38522, 21.1777, 15.6188, 25.1916, 4.06418, 20.2098, 29.7957, 8.11219, 1.45024, 21.3945, 28.3049, 16.6457, 4.98908, 14.7053, 19.9903, 16.1605, 21.7813, 18.8645 ], 
          [ 21.0708, 27.2859, 24.0841, 8.07321, 13.5864, 22.7787, 11.7379, 3.62943, 12.355, 8.41206, 9.02797, 9.02084, 17.5391, 28.0777, 13.9395, 29.967, 21.9039, 1.90618, 14.8381, 8.2261, 25.3627, 7.16031, 20.2803, 29.3895, 26.9396, 10.5219, 6.64117, 22.8296, 13.3135, 18.7359 ], 
          [ 17.4547, 6.55358, 10.0336, 25.3624, 7.4367, 13.6168, 15.6644, 23.6515, 13.4781, 17.283, 2.67691, 16.367, 10.8915, 28.3177, 21.9533, 25.9935, 10.4176, 18.6985, 24.3233, 14.8018, 5.86607, 19.9375, 12.2566, 5.07036, 19.0944, 23.0924, 25.1665, 17.2886, 19.0336, 20.4406 ], 
          [ 15.1289, 18.2816, 22.7687, 18.9975, 29.2896, 14.7973, 10.7023, 3.83607, 24.7039, 17.1996, 4.31778, 9.688, 3.45296, 8.09725, 19.0939, 14.9648, 29.2128, 25.688, 7.25979, 3.39237, 18.9977, 24.6115, 7.5404, 13.3068, 9.47228, 2.33944, 16.6674, 29.0108, 2.81687, 7.99191 ], 
          [ 23.9721, 16.6882, 19.859, 25.3233, 28.09, 14.8625, 16.2748, 5.61322, 13.9633, 26.5834, 26.5679, 26.0762, 10.9008, 17.2774, 24.7446, 24.506, 11.9712, 6.1534, 3.6257, 26.6462, 18.4297, 22.8563, 17.5277, 11.311, 27.4803, 14.6865, 10.4191, 23.7008, 15.5459, 27.6397 ], 
          [ 28.0599, 5.71797, 9.91292, 10.392, 21.0638, 7.30131, 15.6934, 14.0986, 28.6697, 3.50995, 2.36578, 1.30299, 18.3448, 7.80887, 2.8344, 12.9457, 9.29468, 16.7538, 5.32649, 14.6625, 17.8114, 6.20526, 13.7075, 9.99313, 24.2211, 23.6258, 13.0738, 18.1865, 9.09234, 3.15349 ], 
          [ 14.6497, 20.3897, 14.1566, 27.4321, 24.7509, 5.94862, 19.1478, 24.4902, 23.3458, 27.7584, 21.1817, 2.10525, 22.3162, 23.7622, 19.9045, 24.7157, 13.7451, 10.3139, 4.77791, 29.3144, 23.4705, 27.1687, 14.9267, 10.5344, 25.174, 28.4687, 8.80135, 9.42212, 22.9372, 23.1004 ]
        ], 
        [
          [ 20.1006, 10.9006, 8.72731, 2.91301, 11.7756, 4.26686, 8.29838, 10.243, 27.7892, 4.35292, 25.591, 28.6817, 10.6703, 16.451, 13.5628, 4.06329, 17.836, 5.42758, 7.7899, 17.7907, 26.108, 19.9929, 8.18584, 10.861, 2.59828, 15.6475, 26.1333, 26.5846, 4.86604, 9.32535 ], 
          [ 23.746, 11.4447, 25.3117, 26.3368, 2.26385, 28.0036, 1.07661, 19.3077, 20.9365, 21.3893, 12.2715, 14.4526, 14.4018, 28.159, 17.7536, 17.1559, 15.4171, 7.21105, 15.121, 2.9528, 21.3946, 8.47539, 12.958, 23.9193, 18.5031, 2.69997, 21.7894, 3.35104, 22.094, 2.87045 ], 
          [ 11.353, 7.84878, 19.6427, 5.95914, 15.4755, 6.40203, 9.8426, 10.2975, 24.8208, 19.8397, 15.8986, 20.0629, 20.3579, 29.671, 7.26959, 9.63474, 4.00377, 28.1503, 21.4109, 26.387, 19.3323, 11.4273, 14.3699, 15.5107, 14.0708, 15.0402, 28.4757, 18.965, 11.5035, 6.57935 ], 
          [ 5.48932, 2.96921, 23.997, 4.86616, 12.5894, 29.4375, 15.7338, 6.72344, 26.2054, 12.6821, 8.7388, 18.172, 6.08044, 5.67644, 13.9589, 2.11581, 22.3724, 28.466, 6.30099, 3.99597, 1.31155, 13.303, 28.8336, 29.0844, 28.9429, 19.7733, 1.10756, 25.1481, 26.0558, 7.4398 ], 
          [ 3.64585, 19.8806, 4.40253, 4.4449, 22.7029, 17.0087, 12.2404, 22.2649, 8.11633, 28.9085, 1.59487, 11.225, 22.9668, 18.2869, 18.5581, 1.59619, 8.86738, 13.5393, 10.3165, 26.6342, 23.0752, 22.6278, 11.1665, 11.9093, 12.0898, 9.10322, 2.70731, 14.7655, 5.78305, 29.1426 ], 
          [ 24.6294, 1.08692, 9.73694, 22.1986, 13.4352, 5.75299, 1.72534, 23.3417, 7.53108, 17.3138, 4.25616, 12.8949, 19.906, 28.5496, 5.63631, 5.31119, 4.22213, 18.2901, 12.2495, 3.77309, 21.5362, 28.3921, 2.37556, 11.0125, 10.1625, 10.5462, 21.5181, 2.5171, 2.59505, 19.6284 ], 
          [ 23.5461, 15.1621, 9.18639, 22.1731, 21.4087, 18.4703, 7.97092, 29.9405, 9.78671, 1.15154, 25.2578, 4.62638, 12.0962, 5.06762, 4.58145, 2.6492, 24.5756, 12.8099, 9.17837, 18.199, 24.9745, 10.1969, 17.6646, 25.3023, 4.57958, 23.3954, 22.2589, 19.8368, 27.7375, 12.7827 ], 
          [ 17.7139, 22.0379, 26.6423, 23.8234, 4.55314, 11.4742, 26.2395, 1.78235, 18.0837, 5.09322, 24.2319, 4.85397, 1.61619, 29.2238, 19.7374, 9.06397, 8.93039, 10.035, 15.0672, 27.6871, 7.92543, 7.80114, 7.65548, 1.6859, 12.1417, 18.952, 7.41774, 11.4451, 9.51476, 8.23028 ], 
          [ 22.082, 14.7423, 2.83073, 11.5948, 28.3047, 15.2521, 7.99235, 7.94292, 4.53148, 27.3719, 18.8974, 8.81481, 19.7314, 27.7741, 20.7891, 15.061, 18.619, 16.6543, 12.5649, 15.1764, 25.9008, 19.6779, 3.5702, 6.68719, 26.9787, 19.4582, 17.7737, 17.4099, 20.9359, 25.8403 ], 
          [ 19.9955, 9.38251, 9.83934, 2.06893, 17.8951, 3.11954, 27.7186, 13.3162, 24.9801, 26.7241, 4.58336, 19.8268, 3.68928, 3.71006, 1.87079, 6.59224, 14.2478, 7.14783, 16.5968, 1.25962, 27.6817, 12.6911, 17.4381, 5.10215, 1.05537, 24.5231, 15.1965, 11.5876, 13.9316, 3.94557 ], 
          [ 6.5981, 7.88491, 18.5028, 11.6026, 15.6276, 4.07241, 9.91078, 23.9152, 23.3859, 20.4474, 12.6811, 23.7152, 24.3274, 10.4487, 16.4643, 24.8317, 5.20378, 17.7548, 8.55606, 18.8907, 4.79557, 4.22868, 4.77941, 16.131, 23.8624, 15.9287, 6.4159, 7.26235, 26.9777, 2.53799 ], 
          [ 19.4043, 5.10859, 28.2768, 17.35, 29.8883, 20.5157, 10.6459, 5.8477, 8.06426, 15.9717, 1.25069, 1.31378, 10.6784, 28.0172, 4.69748, 16.4503, 15.4247, 24.3966, 13.311, 28.1104, 8.17045, 27.1591, 27.4981, 19.9198, 8.22714, 11.3226, 6.28611, 21.4474, 19.1866, 20.8422 ], 
          [ 28.8931, 15.107, 1.41263, 1.45189, 29.8069, 28.7604, 10.6278, 7.81334, 7.20487, 14.6745, 27.557, 7.64112, 18.265, 12.5033, 18.4487, 24.5989, 11.3055, 17.0946, 27.8927, 24.1916, 21.2319, 4.00143, 1.04539, 18.1064, 18.3051, 10.6044, 5.95215, 22.0371, 17.737, 20.7275 ], 
          [ 8.42621, 20.4989, 20.4993, 29.6156, 14.803, 26.0295, 15.7347, 22.5721, 12.1772, 15.1336, 16.0128, 4.4108, 2.92356, 19.0781, 24.3544, 14.2704, 18.6778, 27.9298, 20.0425, 19.1694, 17.0435, 5.71816, 11.9215, 12.657, 4.25554, 26.1444, 9.14934, 21.8264, 9.07073, 25.6672 ], 
          [ 7.37176, 7.06381, 9.31984, 25.8872, 28.9622, 8.33068, 28.6058, 21.0927, 18.6719, 24.4064, 20.1331, 13.6559, 2.16581, 20.0682, 25.2226, 19.8207, 20.3999, 11.5563, 2.63266, 26.9733, 8.27513, 3.85517, 8.11845, 16.6454, 16.3256, 23.1401, 6.38392, 28.841, 10.9887, 6.26534 ], 
          [ 28.3559, 17.6063, 14.8273, 14.3756, 14.7476, 12.4987, 4.27899, 9.41074, 14.7922, 23.5166, 15.3028, 1.68457, 5.8523, 19.6141, 23.6667, 16.3001, 15.6276, 14.4738, 1.34581, 21.5108, 8.82532, 7.92093, 21.0023, 5.07535, 27.8786, 23.4479, 14.8277, 22.5902, 14.7964, 7.35604 ], 
          [ 13.8718, 7.06684, 4.73648, 17.8036, 1.10931, 22.7908, 20.3234, 19.4002, 10.1928, 19.972, 9.53786, 7.90773, 8.51335, 5.23715, 21.8352, 24.0964, 17.3374, 18.698, 3.60795, 16.9179, 19.8075, 23.28, 5.73414, 12.8708, 23.2432, 19.0367, 3.02188, 1.01357, 7.16088, 26.9256 ], 
          [ 26.0789, 14.9079, 1.27158, 5.43461, 7.25461, 23.1418, 28.674, 25.7958, 9.69246, 6.01454, 12.3364, 3.8476, 23.9181, 14.6014, 16.805, 7.19709, 23.3056, 15.9719, 12.8742, 22.3141, 27.9426, 15.8966, 6.03121, 19.043, 8.86338, 22.1896, 26.6248, 10.5555, 20.4892, 18.1406 ], 
          [ 11.1955, 24.9464, 14.7911, 20.9485, 13.372, 23.4496, 6.99299, 9.6087, 21.7533, 11.5006, 24.1578, 6.02483, 2.83633, 14.5673, 16.9096, 27.7742, 15.1239, 16.7429, 24.2107, 23.1052, 20.2694, 7.17948, 14.4828, 2.52831, 7.8243, 4.59608, 28.0127, 3.71341, 29.2368, 19.6811 ], 
          [ 8.08574, 29.8721, 20.3038, 14.1518, 14.7256, 27.7357, 29.4059, 29.3761, 8.69369, 19.9492, 8.03816, 15.803, 21.5493, 7.26087, 6.12192, 5.52122, 14.206, 8.87314, 4.29523, 27.198, 10.475, 8.25099, 11.788, 15.3936, 12.1335, 26.4089, 23.5935, 7.13638, 28.6342, 10.0652 ], 
          [ 11.8753, 7.2604, 4.65559, 26.1993, 21.9541, 25.5061, 5.9897, 17.324, 28.8815, 10.7483, 6.78588, 11.4146, 16.3877, 4.01387, 21.0005, 9.9772, 18.0204, 17.042, 8.01754, 6.48892, 14.8357, 27.6528, 2.85187, 24.5969, 29.5641, 27.9474, 18.4194, 9.19663, 1.59748, 6.97875 ], 
          [ 5.83858, 1.92038, 9.87589, 13.371, 25.6224, 11.8054, 9.52483, 3.62053, 10.4313, 7.96639, 11.4411, 7.41706, 11.2005, 27.0631, 15.7161, 13.6841, 22.6846, 24.8534, 7.24424, 11.8261, 7.79167, 22.5284, 5.00536, 15.9033, 22.9594, 7.4888, 26.4221, 8.93215, 7.40555, 25.9294 ], 
          [ 8.40561, 8.12586, 11.082, 25.1719, 1.73952, 20.3298, 29.0808, 23.9735, 1.21775, 22.7819, 2.07281, 26.8073, 16.7075, 22.3248, 11.4233, 10.7654, 10.9129, 1.98741, 14.0628, 19.4256, 18.3503, 23.6666, 27.6649, 3.40623, 21.4567, 8.91649, 1.69575, 17.6176, 25.9359, 27.9017 ], 
          [ 1.00343, 1.88981, 19.2344, 23.1175, 27.4971, 5.37737, 11.4619, 21.4458, 18.1811, 6.77685, 11.0394, 11.0376, 7.04114, 13.2759, 19.1816, 14.9201, 12.9197, 23.9491, 8.08534, 29.4582, 14.2882, 19.0878, 28.5257, 1.22021, 20.2002, 6.06527, 2.70754, 27.4867, 16.6572, 5.30177 ], 
          [ 15.5671, 17.1791, 20.601, 22.8215, 28.0151, 23.123, 10.1083, 18.0814, 4.58435, 12.847, 25.3023, 28.661, 8.42194, 1.43716, 29.509, 10.2566, 18.0413, 25.0781, 4.86843, 23.1114, 22.8269, 27.9865, 20.1892, 12.6555, 14.4754, 11.8102, 9.93125, 21.1622, 29.2624, 22.4556 ], 
          [ 8.70639, 2.56684, 10.1452, 25.5555, 19.8271, 23.2224, 19.3837, 16.1974, 13.9916, 11.6913, 5.27664, 7.90967, 10.0089, 3.98816, 7.46882, 26.766, 29.4578, 24.088, 13.4383, 12.6525, 9.31316, 7.66821, 3.36115, 12.7018, 25.949, 13.8762, 14.8046, 10.8894, 16.923, 7.35524 ], 
          [ 14.7675, 15.6027, 9.47369, 8.26516, 14.8786, 3.2994, 4.96013, 10.7026, 21.8987, 22.1245, 26.2413, 8.98467, 2.68034, 26.6849, 12.3786, 4.9094, 1.21308, 2.1877, 6.92935, 18.2144, 5.72363, 25.7798, 4.47499, 19.452, 26.1357, 6.37223, 10.2635, 25.1722, 1.93211, 28.7201 ], 
          [ 13.3802, 2.42714, 25.0783, 1.37421, 25.2373, 19.7765, 1.62707, 26.7619, 21.2032, 16.882, 4.61789, 13.7307, 19.2638, 7.53782, 16.1115, 1.27755, 1.81689, 21.3804, 28.1916, 25.561, 5.51179, 6.09519, 17.0399, 16.7736, 24.5915, 13.7854, 26.2408, 11.0254, 19.5252, 23.5681 ], 
          [ 18.0065, 16.8763, 3.9803, 21.9211, 28.8791, 10.6885, 2.45025, 21.969, 26.5072, 22.1382, 6.33413, 15.1639, 1.40162, 10.3853, 23.0363, 17.3421, 16.9834, 21.8995, 10.0618, 3.8344, 20.4036, 6.34027, 29.166, 17.6975, 2.94783, 9.09789, 13.7406, 4.39129, 7.91346, 3.28071 ], 
          [ 24.7409, 9.35826, 26.7783, 5.60988, 10.6033, 4.43726, 6.99875, 4.49673, 22.9085, 23.64, 12.2583, 4.07009, 17.3486, 10.1048, 20.4827, 12.1039, 27.8704, 1.76331, 12.0883, 16.3902, 23.5333, 16.0984, 2.45323, 14.519, 20.4151, 20.8182, 19.9837, 27.3543, 13.9145, 1.56213 ], 
          [ 2.26993, 14.5433, 16.0431, 10.9437, 15.4586, 14.9563, 11.7889, 27.845, 16.165, 4.80094, 12.8725, 3.50111, 20.6383, 21.1255, 21.6406, 5.49899, 27.8626, 1.52061, 24.8999, 18.367, 11.0581, 18.2873, 10.8893, 18.3345, 26.1619, 17.4541, 16.9355, 16.6822, 19.3654, 6.18749 ], 
          [ 1.01643, 11.0149, 10.9935, 6.53027, 26.9823, 5.54604, 18.934, 18.5485, 8.68553, 26.3774, 16.6252, 1.93177, 20.5555, 14.5253, 2.24055, 10.2128, 2.44463, 28.2939, 27.6647, 21.7398, 14.0013, 3.46262, 10.3653, 4.37895, 23.4073, 28.669, 21.5374, 1.25363, 10.3168, 5.5975 ], 
          [ 18.9824, 21.5182, 10.3768, 25.0746, 22.0201, 19.3388, 12.5454, 11.7215, 17.872, 26.4458, 2.11754, 23.5729, 4.6804, 27.8738, 27.1382, 5.83101, 17.085, 7.88615, 27.9527, 14.2043, 7.16905, 6.2115, 16.8846, 20.6947, 10.3207, 25.9734, 9.15038, 15.6422, 1.63601, 22.0688 ], 
          [ 7.9984, 9.02071, 8.83297, 19.8659, 19.6198, 12.4985, 23.253, 29.1136, 25.0064, 20.3705, 3.80941, 26.0026, 7.60237, 14.2685, 28.3031, 12.8959, 1.73913, 12.6142, 8.27514, 13.8929, 27.4268, 4.77853, 8.76326, 19.4371, 18.8752, 23.9012, 27.6906, 8.92052, 26.6357, 19.8849 ], 
          [ 10.3468, 23.1593, 22.8182, 15.5754, 8.79965, 11.0229, 4.4862, 3.81932, 28.787, 13.0493, 26.5363, 15.0329, 19.0012, 27.9543, 21.4628, 4.7582, 20.0509, 25.3409, 24.093, 3.32556, 14.5615, 16.2828, 3.38952, 26.28, 5.31211, 28.9238, 29.6014, 11.6824, 2.60734, 8.70559 ], 
          [ 6.64209, 3.03616, 21.7448, 5.50053, 13.5398, 24.5112, 13.2152, 14.8699, 26.388, 25.6097, 26.0589, 8.84277, 22.8933, 15.542, 9.61238, 17.566, 16.6226, 24.4445, 20.8108, 2.64951, 13.8641, 21.482, 3.9483, 19.4483, 5.37982, 20.44, 4.36595, 4.78348, 15.1997, 24.7048 ], 
          [ 29.3144, 27.2851, 11.4695, 21.2766, 1.22151, 23.2801, 14.5318, 9.80394, 24.7834, 23.1604, 25.0388, 11.0171, 8.88329, 24.0082, 21.8767, 3.11008, 26.3706, 9.67485, 19.7618, 20.7251, 14.9477, 25.0849, 21.529, 12.7781, 13.1075, 26.2188, 17.9175, 25.8083, 10.2563, 4.82194 ], 
          [ 19.5471, 11.7391, 29.2449, 22.5112, 13.4923, 4.73701, 26.7876, 23.634, 11.0535, 6.31848, 2.66128, 27.3816, 2.40989, 14.5684, 18.3737, 28.0324, 7.8869, 15.9615, 14.8412, 16.3403, 4.43577, 25.8411, 19.6241, 1.97975, 29.1176, 3.20949, 9.85638, 12.2484, 2.6302, 21.2908 ], 
          [ 6.73519, 29.3576, 20.4899, 4.54279, 1.87673, 27.7118, 21.6097, 12.5485, 14.5951, 26.3725, 27.3921, 10.0598, 12.1452, 2.49696, 22.3412, 29.6424, 5.27379, 15.6356, 28.5463, 14.7072, 14.1289, 29.7151, 25.9571, 17.5065, 4.78965, 19.1687, 6.31854, 8.70753, 9.74514, 25.3291 ], 
          [ 10.5909, 3.44897, 9.44587, 20.6121, 12.8694, 10.0357, 29.7129, 23.185, 3.3701, 29.853, 1.49558, 25.8533, 1.64725, 3.3872, 19.7848, 24.5962, 25.8579, 7.89649, 27.4771, 17.6949, 13.2357, 23.9634, 20.0626, 20.2598, 25.4559, 11.5413, 27.9264, 26.409, 28.1576, 19.2357 ], 
          [ 18.9211, 14.0636, 7.6958, 5.96761, 4.53894, 17.8171, 19.7988, 22.2003, 8.26205, 16.7921, 2.69597, 27.6784, 22.251, 22.6601, 10.6378, 4.9788, 15.4875, 20.0476, 1.50192, 1.84842, 8.09102, 1.92304, 10.7388, 17.7389, 29.8331, 23.6876, 6.1704, 16.3253, 16.4868, 28.7233 ], 
          [ 20.6826, 15.9104, 11.9973, 28.5148, 21.1539, 15.4954, 24.3608, 19.759, 6.15218, 10.472, 25.0892, 11.7776, 10.2511, 25.0648, 10.2541, 25.9298, 16.4896, 14.6845, 5.58876, 9.80071, 24.6775, 23.867, 5.02458, 18.3038, 26.8143, 18.9889, 24.4905, 21.7857, 22.6516, 22.2202 ], 
          [ 18.9345, 21.9697, 18.0385, 28.9931, 10.145, 5.63782, 23.763, 22.1585, 23.0186, 15.2576, 12.428, 14.7208, 8.0241, 9.30975, 24.4906, 18.6044, 11.124, 8.15483, 15.9764, 25.5634, 7.41049, 14.4368, 25.1967, 20.2245, 15.853, 13.5764, 5.65932, 18.0761, 14.413, 13.8263 ], 
          [ 26.8127, 9.83079, 25.2766, 22.0236, 20.4791, 21.3351, 3.99944, 21.8785, 19.8849, 28.5888, 26.9826, 10.1437, 8.58964, 1.19502, 29.2834, 22.3628, 15.1262, 24.9064, 26.0873, 25.5952, 17.399, 21.2714, 26.9119, 14.7199, 19.5234, 25.8147, 24.9262, 14.0336, 22.5603, 6.00221 ], 
          [ 22.9371, 7.15247, 10.1314, 29.9692, 8.9404, 5.44604, 11.6803, 27.186, 12.4998, 15.9431, 27.1563, 3.85453, 21.5194, 7.64263, 16.2278, 18.5025, 13.7777, 26.0027, 8.46331, 25.4658, 28.9291, 4.95343, 10.7101, 19.0696, 8.31668, 13.344, 20.031, 16.871, 24.048, 16.1566 ], 
          [ 19.8188, 28.9512, 1.36617, 13.0598, 23.4137, 19.9678, 10.7521, 15.8957, 27.9103, 5.13298, 3.81307, 3.22124, 17.7857, 16.1145, 17.3647, 13.9408, 23.7549, 9.82043, 26.6493, 19.0453, 26.8178, 23.8593, 25.2447, 7.57641, 2.14536, 19.4448, 16.6695, 29.0279, 2.34365, 26.1504 ], 
          [ 19.5808, 28.8829, 5.93601, 3.4979, 11.4971, 3.63616, 16.0105, 22.7881, 22.5602, 20.6772, 17.561, 5.93801, 8.87796, 19.4203, 28.7586, 25.1854, 19.6317, 21.6146, 22.9556, 19.5438, 24.7507, 2.22728, 21.7408, 18.9742, 27.0601, 14.8765, 29.3387, 15.1686, 20.5544, 9.20581 ], 
          [ 14.7401, 24.3568, 24.484, 10.3469, 26.1612, 27.9431, 22.3568, 23.4104, 8.0262, 20.0857, 4.7804, 17.2439, 17.5915, 23.3832, 5.79748, 15.949, 25.1969, 27.3023, 21.2591, 27.4087, 2.88507, 20.6217, 17.8897, 23.4765, 13.5831, 5.61552, 2.59018, 16.4414, 27.5049, 29.3141 ], 
          [ 16.8326, 1.55933, 12.2728, 18.7109, 5.03847, 28.8302, 19.3453, 14.4091, 7.83159, 26.0133, 9.16901, 26.5804, 9.92112, 8.09045, 27.538, 19.7008, 26.9026, 6.53203, 6.43384, 10.7704, 6.04616, 1.68147, 10.5372, 28.2577, 5.47435, 28.0407, 12.2212, 17.1775, 16.3507, 13.156 ], 
          [ 18.5341, 25.8597, 8.32972, 12.083, 1.4063, 8.19268, 12.3486, 2.9842, 19.1724, 22.6901, 21.6382, 23.5704, 28.5376, 8.51828, 24.1606, 13.0592, 13.8455, 12.2774, 28.069, 4.02585, 17.2468, 12.5055, 7.01654, 15.0107, 9.64414, 18.9328, 7.5818, 15.677, 13.0374, 1.98953 ], 
          [ 10.1092, 19.2714, 19.5697, 18.8241, 11.9575, 24.0103, 7.65401, 3.1834, 23.9582, 23.103, 11.1572, 5.42422, 11.3035, 11.6492, 8.72435, 27.8939, 14.075, 5.29873, 8.78742, 6.65646, 6.08429, 8.53692, 17.9708, 2.03243, 2.74769, 19.9889, 1.67391, 5.31348, 1.30465, 25.8047 ], 
          [ 8.34577, 17.97, 8.0572, 27.4573, 25.7716, 4.7908, 20.8442, 21.3633, 7.50085, 6.16446, 24.6693, 12.6392, 22.1266, 5.14052, 8.42719, 23.1186, 21.7964, 25.1345, 16.1357, 25.6196, 25.6582, 2.72213, 13.9386, 14.3506, 29.9823, 11.7599, 29.7288, 14.0167, 15.9378, 18.6277 ], 
          [ 17.5717, 11.8581, 3.08889, 11.1015, 5.62391, 4.52429, 9.617, 6.70173, 17.8656, 4.9331, 26.0038, 29.3832, 16.4463, 17.5652, 25.827, 4.50921, 18.0457, 29.9783, 5.94289, 8.15959, 27.0256, 26.8428, 15.07, 14.2025, 29.4811, 10.9093, 14.5742, 13.6046, 22.0505, 23.2138 ], 
          [ 1.09976, 20.7433, 19.0774, 24.9155, 14.6096, 2.34845, 24.1528, 29.042, 18.2442, 27.1979, 14.4365, 9.6795, 20.7995, 9.17242, 12.5193, 21.0862, 22.0234, 5.97892, 19.4875, 8.53405, 22.6431, 16.0786, 18.4014, 9.56478, 18.0349, 7.20319, 18.4116, 18.4074, 19.5518, 2.66839 ], 
          [ 17.9263, 2.00391, 26.3646, 26.8881, 6.89113, 13.4209, 27.0938, 17.094, 7.26433, 1.40281, 9.43009, 5.16298, 4.13079, 19.72, 23.0708, 6.12693, 28.223, 29.4159, 22.1926, 19.7036, 19.2229, 18.1484, 12.2284, 13.8745, 12.4946, 5.78992, 9.10785, 20.8631, 10.686, 24.7399 ], 
          [ 26.4266, 10.2537, 18.2695, 24.0902, 29.045, 19.2344, 28.7111, 2.77135, 2.03343, 10.4466, 7.26591, 3.56758, 24.5743, 3.92968, 24.2774, 12.38, 20.3285, 22.922, 18.1257, 17.8173, 23.6009, 11.9037, 19.4579, 14.3145, 20.5694, 12.9275, 25.3557, 9.97888, 12.3583, 2.67682 ], 
          [ 28.9456, 14.5692, 14.8482, 29.1646, 16.9516, 6.69035, 27.3322, 22.8531, 26.5977, 6.54247, 27.1667, 18.4804, 20.247, 2.71275, 12.0908, 17.8799, 14.1807, 24.0858, 7.01134, 29.6355, 16.7731, 23.0353, 14.9147, 20.3815, 19.7493, 17.7119, 20.4924, 26.6975, 14.5191, 7.15621 ], 
          [ 29.6272, 27.8486, 18.7767, 16.4299, 7.242, 14.1132, 13.9577, 15.4981, 13.1695, 21.5824, 18.8478, 6.74497, 7.50714, 17.8471, 25.2211, 17.5689, 1.16059, 9.53281, 13.667, 24.7054, 17.2043, 15.4431, 18.6375, 12.8285, 20.2635, 14.6118, 13.6578, 3.82826, 1.62444, 22.9862 ], 
          [ 17.673, 22.6907, 11.1609, 28.1604, 20.1568, 9.14913, 24.066, 17.1046, 4.42673, 17.0357, 18.5076, 20.0863, 24.234, 28.9025, 13.9757, 2.88975, 1.29102, 5.05121, 7.26499, 22.3986, 4.38559, 4.58437, 9.93409, 26.1401, 9.68035, 26.8472, 12.5124, 14.1067, 17.9233, 17.7527 ], 
          [ 21.1467, 15.9717, 19.5634, 14.5946, 27.9497, 11.7227, 8.13909, 6.3168, 25.8342, 14.2766, 29.7254, 28.5359, 10.0745, 2.72829, 28.8778, 20.5138, 24.8868, 2.27944, 26.3318, 15.8883, 6.88759, 16.2058, 1.41757, 22.0481, 26.8179, 21.8973, 27.8286, 2.82907, 20.5372, 13.9988 ], 
          [ 29.9243, 17.4516, 6.36071, 6.64509, 2.09138, 16.9044, 21.9399, 16.8319, 25.6484, 3.5755, 27.1485, 20.5684, 28.2115, 19.6451, 2.56185, 24.8382, 1.3833, 5.45546, 9.62731, 19.8471, 15.5014, 18.9841, 8.58892, 1.36411, 20.1522, 4.98176, 23.4574, 22.7517, 7.9408, 9.71971 ], 
          [ 22.6889, 3.50046, 9.26201, 29.5316, 2.25543, 15.5682, 14.0784, 24.1738, 28.491, 19.3622, 22.5039, 11.6316, 1.27679, 14.942, 28.9323, 18.6948, 29.6137, 26.766, 23.2447, 29.9192, 7.38914, 21.4473, 5.06756, 3.04015, 3.93858, 18.345, 19.3862, 22.6809, 13.6962, 16.4099 ], 
          [ 8.68996, 7.31144, 16.112, 2.64774, 7.79117, 2.44804, 7.06725, 15.7424, 21.777, 22.5243, 24.6667, 1.70235, 9.13527, 1.01724, 4.88853, 14.7238, 17.7928, 26.6647, 1.70407, 26.8642, 1.32654, 23.656, 20.5646, 28.8527, 13.5875, 20.01, 11.7486, 10.9456, 15.3213, 26.2754 ], 
          [ 12.9714, 21.4357, 18.422, 26.4773, 2.24771, 17.5018, 25.5464, 18.2789, 4.91465, 29.6066, 25.887, 12.6332, 14.3159, 19.1634, 18.8324, 28.4251, 21.8947, 12.7451, 9.09899, 8.41736, 8.15388, 4.94104, 24.9648, 6.66885, 15.3268, 20.7985, 24.7185, 7.37535, 11.1769, 1.30441 ], 
          [ 7.55066, 19.8162, 12.3663, 27.2805, 13.6459, 8.32685, 13.2683, 13.9633, 15.1795, 5.02041, 25.9634, 23.0213, 27.7403, 8.75616, 29.0385, 22.8227, 17.9601, 18.3948, 7.91241, 7.71137, 5.09229, 3.88907, 2.6542, 13.0168, 4.76963, 24.2952, 21.115, 16.0908, 27.9086, 5.15163 ], 
          [ 12.7102, 19.9664, 15.9935, 2.55544, 8.4655, 8.86827, 13.852, 19.4671, 29.6743, 10.5451, 10.4445, 10.736, 5.53001, 15.0827, 5.22502, 5.46449, 24.3438, 25.2107, 15.9997, 6.08998, 8.495, 6.85331, 12.6191, 2.10389, 22.5528, 4.93969, 2.1878, 15.1773, 21.1244, 2.00981 ], 
          [ 24.5013, 23.6835, 17.8152, 8.67835, 21.8751, 12.8219, 5.54072, 17.7525, 5.62328, 4.74788, 15.3059, 16.9552, 9.7602, 15.263, 15.2561, 26.9568, 8.30424, 24.9688, 17.2983, 8.68306, 12.6929, 18.1044, 26.3446, 22.8786, 16.5178, 20.0401, 3.93191, 9.80083, 25.553, 2.52936 ], 
          [ 14.3485, 9.74295, 14.4887, 3.64232, 1.4408, 8.86944, 27.9538, 22.8494, 11.566, 18.3747, 18.2758, 22.0404, 23.0528, 28.4909, 6.16575, 27.1042, 9.32119, 9.59116, 25.4166, 28.4271, 1.6112, 4.98985, 4.06942, 26.4414, 6.77066, 1.02878, 2.68659, 8.69259, 23.6296, 5.00484 ], 
          [ 29.5901, 9.24078, 21.5242, 23.6395, 25.4107, 6.3796, 2.63445, 5.17476, 8.28549, 28.6403, 21.3921, 21.2717, 22.9179, 24.0164, 5.88968, 17.7802, 27.4171, 3.94199, 7.96246, 23.1495, 12.8428, 23.151, 1.39742, 11.575, 22.7205, 23.307, 6.95214, 2.22865, 18.1885, 3.73894 ], 
          [ 23.2038, 11.5298, 3.506, 5.04432, 15.7453, 16.4497, 13.8548, 13.6471, 24.5604, 12.3257, 23.0829, 9.89, 2.36794, 17.6162, 18.9162, 10.8567, 16.977, 10.6513, 20.0942, 9.31275, 25.0626, 4.17079, 20.3619, 23.9436, 1.96237, 20.4282, 27.7099, 15.5076, 29.5844, 29.3182 ]
        ]
      ];
r = [
        [75851.8,77756.3,70134.7,74358.2,55189,69067.2,69606.6,76694.9,79835.2,77114.6,70273.6,73693.4,79411.4,67224.7,72653.9,61544,55369.6,74237,60230.7,73272.2,69316.2,67846.6,54158.5,70834.3,69633.9,76219.2,65474.2,65133.7,52494.5,66579.4 ], 
        [52630.9,65903.7,73386.5,69826.8,81781.9,73270,65409.6,78515.9,75560.2,79958.2,78429.8,53129.2,79172.9,70800.4,73051.4,58074.6,59700.8,50111.1,73265,73426.8,61819.5,69111.4,69096.7,75812.3,59270.7,68910,79012.1,56740.7,67546.7,76369.1 ] 
     ];
d = [
        [80337,59868.8,67169.1,17931.1,46809.1,51222.2,55194.2,60436.1,78192.5,13874.1,50689.7,82483.5,18513.1,4226,45542.7,18968.7,12864.6,71601.3,7126.22,41491.9,37503.7,88606.7,20886.5,1051.11,55249.7,2734.81,43299.4,62633.7,17860.8,80330.9,39537.9,21365.6,58812.4,88777.1,8619.27,6274.69,39291.4,71284.5,61446,2146.09,68388,85653.1,55860.6,31222.3,41456.6,47554.9,50555.2,13601.3,46444.6,9901.8,82210.8,1692.67,41724.5,78144.3,70289.3,57256.5,77110.6,64138.3,65037.5,35664.5,82133.3,41370.1,16254.8,80530.7,53766.4,10612,8861.73,26780.4,62248.8,79712.3 ], 
        [50338.3,48289.1,76553.2,83997.4,60824.9,39356.8,1505.29,85338.2,57440.9,40379.6,86940,18392.4,87877.6,7498.5,80268.1,64162.1,22017.3,61662.3,82677.9,57729.8,85896.3,27072.7,38445.6,86588.8,66669.5,23009.4,15873.1,12551.2,69947.8,26154.4,87373,77569,85922.4,29200.1,85137.2,73691.1,55512.3,79451.6,15726,82170.6,40577.2,70525.8,18488.4,46621.9,4766.9,61880.1,18379.8,50342.1,80848.4,87848.8,88461.3,27730.1,55506.8,19493.2,64176.5,89936.4,89982.1,27005.9,16517.8,80631.1,18029.3,3472.59,14883.4,33338.7,24847.5,16156.7,32175.1,72198.4,23453.7,46950.7 ] 
     ];
