/***************************************
* STOCHASTIC OPTIMITZATION
* OPL S2FVPP Data Generator
* by Jordi Mateo Fornes
* Model = S2FVPP; Stochastic (2S) MIP 0-1;
* Representation = Compact Representation;
****************************************/
I = 100;
P = 30;
C = 70;
G = 2;
p = [ 0.01, 0.01 ];
pc = 0.02;
ORCHARDS = { 1, 2, 3, 4, 5, 6, 7, 8, 9, 10, 11, 12, 13, 14, 15, 16, 17, 18, 19, 20, 21, 22, 23, 24, 25, 26, 27, 28, 29, 30 };
CUSTOMERS = { c1, c2, c3, c4, c5, c6, c7, c8, c9, c10, c11, c12, c13, c14, c15, c16, c17, c18, c19, c20, c21, c22, c23, c24, c25, c26, c27, c28, c29, c30, c31, c32, c33, c34, c35, c36, c37, c38, c39, c40, c41, c42, c43, c44, c45, c46, c47, c48, c49, c50, c51, c52, c53, c54, c55, c56, c57, c58, c59, c60, c61, c62, c63, c64, c65, c66, c67, c68, c69, c70 };
CGV = [ 12.3627, 25.4853, 10.2329, 20.683, 21.6957, 11.0756, 12.6637, 23.7192, 29.747, 24.3349, 1.6333, 4.32544, 17.4201, 25.5003, 10.542, 10.3069, 6.75382, 6.70016, 11.987, 21.4619, 7.0354, 11.8772, 18.5623, 13.2509, 13.4674, 27.7698, 8.32329, 29.4574, 27.4332, 21.3173 ]; 
s = [ 2.84972, 2.63639, 2.93451, 0.881518, 0.485698, 0.306994, 0.525129, 0.687612, 1.28742, 1.62071, 1.89602, 2.57658, 2.98629, 1.68668, 1.96442, 1.15665, 2.91276, 1.99352, 2.48752, 0.680003, 0.552075, 2.98777, 0.270194, 1.38969, 0.820449, 1.419, 0.795921, 2.74378, 2.73897, 28.9432 ]; 
CSV = [
        [
          [ 1.08185, 18.3184, 4.41777, 4.96907, 27.1534, 15.2544, 19.0287, 19.6268, 7.06548, 21.8943, 17.1328, 7.44546, 16.716, 11.8264, 4.46263, 9.28691, 20.4717, 5.98039, 28.8442, 24.2419, 13.3508, 23.8163, 11.1509, 12.1242, 19.9038, 28.1297, 29.214, 13.5603, 6.30296, 5.56685 ], 
          [ 23.1464, 3.84597, 11.0307, 8.0092, 20.3367, 4.41043, 14.0641, 22.7777, 10.2222, 4.00486, 2.30805, 6.72001, 28.8126, 7.77564, 29.0223, 28.1244, 18.0302, 15.0555, 29.205, 26.4033, 18.2026, 13.986, 6.94446, 10.3246, 9.04518, 12.4159, 21.2322, 2.8641, 25.5116, 2.20562 ], 
          [ 29.5358, 27.6772, 17.8549, 13.1483, 15.2324, 6.96765, 14.4708, 18.8144, 7.81987, 14.6168, 27.4912, 12.6474, 12.458, 14.5795, 5.63479, 19.7547, 20.883, 25.5913, 1.16513, 27.2159, 7.82071, 7.93077, 25.3596, 13.9217, 25.1927, 13.9839, 9.12454, 17.718, 18.2899, 1.67 ], 
          [ 29.4128, 19.3391, 5.8807, 27.7448, 2.29703, 11.5468, 1.65835, 7.29735, 17.2534, 1.40329, 3.6047, 10.5336, 15.1003, 26.0414, 23.8338, 24.6972, 20.3922, 13.0563, 17.1026, 7.47689, 4.87887, 7.30583, 8.07033, 10.9017, 22.6285, 16.9338, 18.1777, 29.3143, 25.7946, 27.5389 ], 
          [ 6.5233, 6.39814, 1.9383, 25.0346, 4.50225, 16.8819, 12.364, 21.9438, 20.4227, 18.3674, 3.76752, 3.61737, 17.3442, 14.6327, 2.6609, 10.5299, 5.43446, 3.72384, 3.25746, 22.9134, 1.7468, 22.2005, 15.3798, 11.5533, 6.46492, 9.08595, 29.5777, 26.3376, 27.8282, 19.6846 ], 
          [ 23.7487, 17.9456, 7.93518, 21.1039, 15.1488, 29.0085, 13.7663, 3.97459, 14.1678, 15.1759, 1.07879, 1.41029, 28.4516, 20.9052, 8.64894, 9.9762, 28.2405, 6.40285, 28.7302, 4.2955, 13.6398, 15.8162, 10.0221, 4.31758, 4.16235, 22.1825, 2.03626, 29.7104, 17.2911, 16.0436 ], 
          [ 20.325, 16.6663, 5.04111, 7.3852, 2.44756, 28.9775, 25.63, 18.6665, 8.53615, 29.7052, 28.0414, 25.8391, 18.6728, 28.0394, 18.9677, 13.2328, 20.3571, 11.0963, 28.6182, 9.80082, 2.4287, 2.0477, 17.9805, 25.6196, 20.0647, 27.4479, 17.2825, 15.3658, 15.1622, 26.3735 ], 
          [ 11.9313, 21.1264, 2.69809, 13.2889, 10.5191, 8.11772, 28.8833, 6.20392, 5.97207, 29.706, 19.6173, 6.6754, 16.3841, 20.5313, 1.86837, 10.6046, 10.1533, 17.5959, 24.3682, 6.59722, 8.49929, 16.3808, 6.17036, 22.0703, 22.515, 3.00483, 11.5952, 17.7684, 20.3958, 26.0132 ], 
          [ 7.17413, 7.1942, 9.62074, 13.7559, 17.3563, 26.1665, 22.3227, 13.3212, 22.9147, 13.1816, 3.34961, 2.48744, 26.4815, 29.6752, 6.59964, 26.4574, 18.0906, 11.9475, 4.05425, 22.5001, 25.7023, 27.2554, 14.8124, 4.56605, 5.24099, 20.4076, 28.4543, 7.36612, 15.3845, 14.4498 ], 
          [ 22.5958, 5.83697, 2.24029, 24.1084, 20.7538, 28.9399, 10.4636, 2.64061, 13.7748, 11.4161, 21.1088, 13.5787, 23.6691, 19.1522, 8.47404, 27.2837, 16.3825, 11.5384, 16.2871, 29.3593, 24.4173, 16.0229, 17.6386, 20.0282, 3.42206, 15.9224, 11.1011, 1.799, 4.68957, 7.60224 ], 
          [ 6.9984, 18.2018, 5.69495, 24.5305, 22.8205, 17.581, 15.9139, 2.90474, 26.8471, 21.5793, 7.99138, 11.3549, 18.1329, 17.0743, 14.2054, 15.5965, 13.0232, 25.4405, 28.3029, 27.3404, 29.4853, 21.7076, 21.6032, 2.17294, 16.836, 1.82412, 13.4002, 1.66495, 17.6059, 5.59487 ], 
          [ 3.16316, 11.8685, 26.2112, 1.42685, 11.5966, 28.4013, 18.7939, 15.0932, 2.44446, 18.6761, 22.4756, 6.31675, 5.87493, 1.68505, 16.1117, 11.2428, 13.4952, 14.9547, 22.1919, 19.9534, 2.38802, 6.44721, 21.7962, 16.7114, 16.7542, 6.0825, 28.9548, 19.2562, 14.5697, 23.6507 ], 
          [ 14.4191, 13.3865, 27.1211, 12.7196, 9.62926, 16.4295, 26.4915, 13.5663, 13.6401, 5.19088, 9.20313, 5.53769, 28.3575, 16.7666, 13.0879, 15.9411, 8.66422, 21.868, 6.9235, 21.9819, 24.1793, 4.74219, 20.7699, 6.91549, 8.73584, 1.87266, 23.5838, 29.465, 2.25632, 25.8887 ], 
          [ 7.02103, 1.14455, 5.76222, 21.6399, 27.1641, 16.4074, 29.0201, 26.1116, 14.531, 28.7901, 6.38865, 8.59775, 16.5866, 1.1439, 13.6404, 17.8206, 2.35595, 3.47629, 3.64005, 9.49281, 15.7411, 4.6734, 14.0171, 6.99357, 8.26201, 4.30056, 3.11339, 15.4047, 12.8587, 12.3099 ], 
          [ 8.1781, 25.962, 16.5359, 23.6671, 24.4793, 10.9475, 23.3583, 15.593, 28.1437, 12.9666, 5.94151, 17.5222, 1.53408, 5.15596, 7.31138, 14.7521, 12.2073, 22.3885, 3.58866, 18.4435, 12.6523, 5.81861, 6.09893, 9.37996, 16.8715, 24.9093, 2.04897, 11.3756, 19.4795, 17.9496 ], 
          [ 10.8901, 29.2909, 3.63659, 6.12916, 22.555, 6.94705, 7.47448, 29.6724, 22.2314, 10.6281, 18.7149, 24.1643, 13.7842, 22.1422, 6.80894, 7.60041, 16.7036, 10.8781, 25.2648, 15.3389, 23.6145, 26.1573, 17.4996, 21.897, 27.3077, 27.0409, 12.7482, 8.88906, 5.91033, 28.8324 ], 
          [ 22.1629, 16.1131, 2.47526, 20.5775, 3.60267, 12.2438, 7.1806, 9.90519, 5.0493, 10.6318, 25.6284, 18.3261, 29.9329, 11.9517, 22.0836, 5.86156, 28.3416, 18.9407, 2.86429, 29.3644, 6.68906, 3.20899, 23.7999, 29.8839, 13.403, 21.6, 16.8918, 15.748, 22.6077, 3.61539 ], 
          [ 5.22668, 11.4076, 5.47382, 18.5478, 27.6147, 10.4038, 13.0082, 27.2969, 11.9103, 3.86988, 8.34104, 12.0654, 4.00271, 26.3479, 12.916, 5.40031, 11.9121, 26.698, 18.3078, 17.6759, 19.8626, 28.3332, 2.98827, 7.86054, 11.3612, 14.7032, 25.9642, 28.591, 2.10095, 2.84171 ], 
          [ 15.0377, 22.2189, 15.0981, 18.3198, 3.62144, 17.9297, 5.8819, 8.84512, 14.8958, 23.4904, 2.52731, 9.9617, 4.67967, 12.956, 19.235, 8.14448, 17.6867, 17.2355, 16.1663, 21.2895, 16.1115, 15.7449, 10.6944, 21.2928, 14.7006, 24.6314, 8.91002, 1.50937, 11.9208, 25.1462 ], 
          [ 27.2755, 4.94333, 13.8539, 26.0935, 13.7715, 19.8374, 4.51564, 15.4761, 7.47925, 24.1478, 11.8484, 1.38599, 29.8909, 7.93994, 13.7251, 19.7086, 24.5508, 8.11727, 4.23183, 28.7816, 21.1407, 24.0698, 9.78677, 12.8013, 23.7344, 28.9358, 17.6488, 27.9083, 22.1815, 27.8069 ], 
          [ 21.3575, 17.1132, 4.03593, 25.2547, 9.30131, 8.90106, 11.1411, 5.77659, 5.29759, 5.47905, 4.17969, 22.8398, 3.03866, 8.76715, 16.2705, 21.6148, 13.5603, 29.2613, 7.82956, 4.19096, 25.6597, 10.7135, 11.9936, 18.8852, 17.1514, 6.69853, 21.7957, 16.5658, 23.1039, 6.10322 ], 
          [ 6.13834, 29.2223, 29.5898, 22.563, 22.0927, 2.4059, 25.7534, 7.2525, 12.7741, 23.4923, 1.51908, 27.2447, 29.502, 3.94375, 18.5757, 1.56519, 12.3853, 24.8012, 3.60117, 1.20438, 2.84692, 11.0756, 22.5054, 9.29229, 17.3543, 22.8266, 21.3532, 8.20614, 13.9654, 11.4881 ], 
          [ 5.43271, 24.6905, 13.9798, 14.8982, 24.179, 24.01, 16.728, 22.453, 11.7733, 23.9387, 7.13035, 26.0696, 21.8732, 11.7853, 25.6777, 26.959, 25.5737, 25.4989, 6.34983, 15.5015, 3.06449, 6.96348, 12.0219, 15.2555, 27.4924, 15.7535, 27.4008, 28.7212, 20.6047, 18.7649 ], 
          [ 26.6273, 23.7603, 20.8583, 21.6127, 19.2882, 6.76267, 21.9526, 28.495, 15.323, 4.03495, 2.3174, 21.4984, 20.0764, 21.2228, 27.6178, 19.173, 15.7046, 12.3436, 27.8202, 14.9087, 15.5636, 11.6446, 26.971, 4.73729, 25.2829, 17.9335, 7.53314, 10.5843, 10.2285, 22.0612 ], 
          [ 26.0351, 3.25194, 26.6521, 1.96751, 3.69783, 2.38216, 20.2225, 24.044, 27.6045, 22.8504, 8.00711, 16.6457, 25.9117, 23.6405, 13.9913, 26.5848, 11.0721, 7.10914, 6.41162, 2.19442, 29.5118, 8.55325, 16.1499, 20.6528, 17.1768, 28.018, 29.7475, 18.837, 18.8155, 12.9779 ], 
          [ 17.5245, 1.9876, 17.1346, 20.4219, 29.2708, 25.0955, 11.2853, 26.607, 13.8631, 17.2603, 6.32172, 21.4873, 1.47757, 17.2515, 11.1339, 18.171, 11.3421, 19.7088, 23.9132, 25.4128, 27.9144, 21.6872, 13.2953, 25.6118, 17.9025, 14.9572, 23.8684, 17.0835, 2.9737, 27.2789 ], 
          [ 14.9737, 21.8843, 23.9388, 12.4301, 25.0885, 13.2059, 4.58645, 6.93842, 24.117, 19.5166, 22.4267, 9.3293, 27.7795, 28.4142, 18.0327, 18.2979, 4.34948, 17.6516, 13.3851, 24.3096, 16.6184, 26.6175, 11.5161, 27.4699, 18.055, 11.4132, 27.1464, 16.2778, 25.4958, 29.2967 ], 
          [ 22.646, 10.666, 3.80924, 17.9016, 21.8201, 20.6439, 3.67337, 24.9671, 11.9902, 27.4988, 5.25345, 1.9646, 14.5888, 8.80962, 13.6957, 26.5343, 28.3983, 7.7706, 7.89797, 29.9402, 22.7207, 21.2896, 10.1297, 2.04018, 20.1438, 19.3792, 7.05526, 14.417, 4.26884, 27.1533 ], 
          [ 8.76995, 26.0409, 8.1423, 13.3869, 16.2673, 17.8904, 5.70129, 3.42309, 18.3752, 29.593, 14.1879, 10.8396, 17.0221, 22.7073, 11.6544, 10.0075, 12.3792, 29.9674, 13.571, 25.7687, 28.8391, 17.9025, 24.017, 21.3681, 16.1315, 2.89849, 23.1611, 19.7959, 3.38088, 20.6599 ], 
          [ 19.4583, 1.18371, 11.1099, 1.72317, 1.12281, 29.925, 25.4315, 29.6005, 27.7774, 6.9003, 7.24376, 16.4523, 11.9871, 11.7092, 27.4249, 12.0706, 24.1066, 1.60964, 9.78389, 10.8523, 10.5039, 6.17748, 20.9998, 1.30785, 9.01472, 11.3775, 24.17, 11.107, 22.4804, 1.42718 ], 
          [ 24.4377, 7.34061, 22.7629, 16.5764, 3.88028, 1.14253, 16.7191, 17.7027, 2.67422, 13.8213, 17.8978, 15.9851, 6.26478, 20.758, 20.9982, 19.0125, 15.9132, 12.6172, 13.4074, 11.5185, 19.7945, 10.6026, 1.24076, 20.616, 28.8719, 23.6272, 4.3054, 11.6825, 29.9337, 18.3323 ], 
          [ 6.44773, 5.90232, 11.6711, 28.5815, 13.4568, 27.1557, 24.93, 26.6859, 10.9515, 27.8554, 7.07688, 19.6687, 16.384, 25.6567, 18.002, 4.49292, 8.84556, 1.02838, 13.525, 22.4706, 22.053, 14.7565, 5.57389, 22.0115, 13.98, 13.6719, 13.6825, 20.3084, 23.9227, 2.44718 ], 
          [ 23.4789, 6.42203, 16.4574, 11.699, 19.9676, 22.8842, 24.2828, 14.7545, 11.8889, 29.1324, 3.87397, 15.9407, 24.648, 17.4572, 8.70361, 22.5167, 29.4861, 21.2701, 18.3691, 24.4693, 16.1215, 25.4972, 7.32099, 24.3173, 27.6562, 12.8839, 1.7998, 21.0226, 5.35214, 14.5288 ], 
          [ 3.89602, 21.8831, 10.8104, 17.2302, 28.3182, 9.05294, 12.4118, 17.9053, 8.88413, 16.4405, 29.284, 26.4835, 22.0838, 16.7885, 9.19113, 28.2891, 11.2497, 25.6101, 18.0272, 9.04067, 27.532, 1.32815, 20.484, 4.78865, 27.7006, 8.8411, 20.5279, 11.0362, 6.35607, 14.6372 ], 
          [ 4.62743, 4.17838, 23.2271, 1.38381, 29.8693, 23.7869, 20.6028, 6.26367, 27.598, 7.64246, 14.7835, 6.72571, 15.538, 11.9435, 25.5191, 7.57626, 15.6165, 10.0085, 11.6416, 9.67922, 3.96696, 22.2883, 14.3364, 23.1878, 9.36585, 21.4346, 13.909, 6.35405, 18.3832, 19.0352 ], 
          [ 4.08578, 15.832, 26.7105, 21.8452, 13.2644, 13.2654, 26.9452, 14.3407, 9.97836, 27.2797, 13.121, 28.8035, 7.39131, 25.4196, 23.2241, 3.63313, 25.7438, 26.3091, 28.7335, 14.8365, 10.9246, 25.7856, 4.77426, 3.02495, 17.2967, 24.02, 29.826, 1.65371, 21.5734, 23.4157 ], 
          [ 24.6721, 15.7883, 10.3773, 24.5551, 9.2083, 19.2179, 8.25028, 27.3615, 5.00719, 26.0068, 25.707, 20.7138, 6.85184, 13.1087, 14.5954, 23.4163, 13.5299, 13.9162, 1.89635, 27.0745, 5.71979, 25.4185, 26.3049, 5.38284, 10.606, 13.8711, 12.462, 27.7128, 9.4591, 1.46032 ], 
          [ 25.9507, 28.3403, 24.8362, 28.5611, 8.47903, 23.1173, 27.2674, 23.0858, 18.5764, 10.9003, 12.4392, 27.3724, 18.4333, 24.4094, 15.0516, 10.9155, 15.3428, 2.59951, 3.7166, 14.498, 26.0915, 6.83383, 18.5661, 28.8515, 5.74965, 25.5765, 27.3834, 21.9215, 5.89118, 5.60457 ], 
          [ 27.134, 24.9897, 23.6009, 2.12812, 29.7161, 23.6891, 23.9327, 19.4958, 7.68308, 23.6928, 24.2948, 11.2521, 18.5588, 14.0955, 12.2251, 2.05813, 17.1058, 23.2548, 1.69617, 27.8525, 9.26087, 4.29812, 18.731, 6.80547, 24.7158, 23.6159, 17.8171, 9.78111, 26.5694, 29.5972 ], 
          [ 16.4454, 23.2896, 29.7874, 16.4608, 19.9259, 28.7208, 16.9912, 4.71665, 1.64293, 21.2576, 29.9041, 2.18773, 23.3262, 6.23296, 5.76109, 8.64134, 11.8682, 23.181, 16.9581, 13.2259, 18.9004, 1.81294, 7.10236, 19.7535, 13.6402, 12.7485, 12.761, 20.4851, 15.1674, 6.50342 ], 
          [ 20.6036, 24.3257, 15.1275, 10.8083, 14.0481, 11.9013, 8.14027, 20.9728, 7.86596, 5.38625, 2.79349, 23.9337, 18.417, 21.7045, 4.51451, 2.52282, 8.75085, 21.6284, 5.67746, 2.46872, 12.8634, 29.8643, 10.7092, 22.3809, 5.94419, 16.8983, 22.0115, 1.77057, 9.33338, 8.38487 ], 
          [ 27.808, 4.32833, 9.40666, 13.5064, 21.0766, 23.0457, 3.86162, 22.3793, 8.16285, 19.1694, 18.5104, 23.9312, 10.0493, 1.42632, 19.3778, 8.64804, 14.9948, 22.7976, 2.51116, 15.444, 28.4337, 4.63799, 2.21882, 29.281, 10.205, 18.851, 17.8519, 22.4525, 6.38171, 3.50331 ], 
          [ 17.6463, 19.1424, 9.63408, 15.0416, 14.0085, 7.58661, 16.5769, 11.6097, 4.82698, 9.69106, 16.0022, 3.95187, 21.3243, 1.08918, 13.7637, 26.1753, 12.6627, 11.1217, 22.1741, 11.0878, 13.1356, 1.11011, 9.80635, 18.1004, 4.98168, 12.6494, 25.3811, 29.5956, 8.0067, 16.3578 ], 
          [ 28.76, 24.9633, 5.9193, 19.0293, 2.87564, 19.8679, 11.2528, 17.4127, 15.0043, 8.32755, 5.08719, 14.2748, 26.7368, 5.09557, 19.2679, 22.616, 9.12817, 17.6128, 6.49188, 6.58463, 23.3961, 29.3108, 22.4617, 25.4553, 19.806, 6.36496, 1.88213, 10.4091, 24.8226, 12.1212 ], 
          [ 28.9422, 18.6724, 21.0848, 6.9717, 14.4367, 20.1691, 4.61093, 26.7622, 27.1217, 21.2092, 8.53714, 23.8792, 23.5209, 1.93279, 19.5919, 11.9856, 6.90827, 10.15, 29.5289, 17.568, 1.59354, 28.1406, 16.4069, 7.58368, 8.77315, 7.12455, 13.7115, 22.1294, 25.1455, 3.58449 ], 
          [ 8.41081, 28.0592, 3.49852, 2.75258, 27.0458, 10.4223, 21.9524, 29.7821, 23.4382, 3.94802, 4.26857, 29.6052, 16.1766, 7.6374, 18.88, 28.9695, 28.8516, 22.836, 28.3609, 11.9531, 12.8217, 18.327, 7.17661, 20.0269, 24.1968, 25.6447, 29.648, 13.7191, 26.8633, 13.108 ], 
          [ 6.40499, 27.9762, 12.1739, 15.7797, 27.2765, 16.7535, 6.1409, 21.0109, 10.993, 19.0278, 5.66854, 24.4659, 26.4379, 25.9026, 20.1773, 13.0075, 16.3805, 23.7907, 5.13145, 15.9034, 26.5817, 16.0944, 10.4032, 19.6364, 18.2635, 24.7751, 21.0794, 14.7356, 29.1585, 17.24 ], 
          [ 4.62801, 17.8179, 17.5724, 16.154, 6.51799, 26.2345, 15.7097, 29.4756, 4.47336, 19.1976, 9.04124, 24.0689, 27.2516, 19.3734, 12.4094, 19.1508, 9.16882, 13.763, 25.6994, 20.747, 3.10882, 24.4846, 22.4298, 11.7447, 1.97814, 2.32707, 7.22803, 27.4277, 27.7367, 4.82994 ], 
          [ 14.5366, 4.75748, 14.3797, 21.4201, 18.0527, 20.1256, 26.8539, 18.1337, 25.9388, 14.3601, 24.9803, 15.9436, 1.97039, 7.26425, 21.9934, 21.9274, 26.5172, 2.93587, 19.5283, 8.89538, 20.2482, 12.6062, 23.5293, 27.7569, 6.68511, 2.79866, 29.0222, 17.9506, 7.01912, 25.8014 ], 
          [ 19.094, 17.201, 11.9018, 17.2212, 1.43138, 4.11963, 28.7458, 18.6078, 27.7358, 25.1069, 4.29714, 26.2651, 21.8418, 8.98274, 11.3032, 10.5386, 20.5579, 24.9141, 19.3812, 2.69515, 8.32719, 24.7387, 6.03722, 3.20502, 22.2257, 20.4011, 16.5928, 10.3028, 9.04665, 23.4707 ], 
          [ 6.61717, 7.19823, 11.3102, 6.67766, 9.01245, 1.17298, 1.75341, 20.8031, 21.2522, 25.756, 17.8664, 27.58, 4.89634, 29.1109, 15.6733, 1.8811, 24.7414, 3.77962, 22.6642, 8.58254, 9.47104, 4.93296, 20.1852, 27.4437, 1.86853, 25.8712, 19.023, 25.1162, 18.9158, 2.10863 ], 
          [ 17.5426, 12.851, 12.2269, 7.40994, 16.6852, 27.788, 15.9809, 4.71848, 15.9239, 24.8465, 4.13469, 20.4333, 21.3564, 2.31112, 18.4628, 28.29, 8.01454, 6.65265, 16.1889, 19.4607, 4.8659, 24.0511, 4.14997, 1.70758, 22.6586, 9.94355, 8.08761, 22.0058, 2.63349, 13.2931 ], 
          [ 8.48756, 7.32752, 5.95416, 12.3955, 9.13338, 7.71969, 7.85368, 1.70562, 19.1174, 6.02631, 1.6763, 26.4013, 15.1757, 28.3632, 19.8144, 24.7767, 4.37259, 24.3233, 26.4723, 12.6064, 21.5219, 13.7733, 11.2308, 15.2994, 9.60781, 23.6023, 4.54134, 4.54811, 8.07215, 15.3718 ], 
          [ 2.74683, 14.5661, 15.4409, 13.8896, 18.3972, 28.6881, 19.822, 15.4723, 24.8294, 7.86909, 21.5125, 19.6862, 19.4382, 9.35456, 3.14496, 25.2442, 29.698, 26.8194, 22.3647, 28.882, 13.7759, 8.49591, 19.3655, 14.2694, 5.70745, 20.9777, 18.4054, 1.99762, 24.1355, 2.47895 ], 
          [ 24.6743, 29.9497, 20.5961, 19.9068, 15.3792, 10.5168, 24.101, 23.2783, 12.0675, 16.4968, 28.9922, 5.65024, 11.0197, 26.7536, 8.03668, 27.5904, 12.4019, 21.3187, 16.5547, 4.71731, 1.50464, 21.4914, 29.2941, 29.366, 2.74598, 24.7846, 6.6293, 11.9891, 8.45762, 7.63397 ], 
          [ 21.9762, 20.4674, 29.1776, 29.0449, 26.018, 25.1667, 20.3496, 23.6048, 29.8203, 2.13922, 12.5276, 2.1647, 15.6813, 13.9633, 3.34291, 29.0611, 9.05569, 1.19509, 26.8387, 11.3411, 27.9133, 14.6241, 10.5502, 6.42242, 26.9898, 29.3193, 8.84449, 2.75841, 23.0868, 29.8577 ], 
          [ 17.428, 8.37741, 15.1557, 27.135, 21.527, 24.2194, 20.9483, 6.80767, 22.7517, 15.6353, 18.5665, 6.56384, 11.8566, 7.33323, 23.8613, 13.4323, 27.5289, 26.7797, 22.6827, 28.008, 11.1014, 22.9296, 3.0664, 20.4072, 28.1311, 5.48563, 1.73448, 11.0322, 24.0171, 11.8376 ], 
          [ 18.7326, 10.663, 11.3246, 6.23868, 23.3153, 4.97638, 22.342, 5.6578, 29.985, 29.5032, 20.3071, 26.537, 14.2288, 28.1866, 1.43767, 17.6565, 14.3549, 18.7532, 23.5949, 13.0176, 23.8641, 19.4534, 12.0005, 20.4318, 16.9836, 12.8217, 19.7522, 8.8621, 5.6049, 21.0382 ], 
          [ 16.1274, 25.9417, 9.84917, 24.5268, 11.6496, 14.8679, 29.8864, 6.91594, 8.15651, 5.02832, 24.0581, 19.8972, 25.2245, 27.2227, 9.77178, 11.831, 27.6884, 21.9348, 8.87586, 14.5201, 18.9872, 1.17799, 29.0409, 11.9622, 27.9401, 15.9999, 13.4607, 5.57018, 29.2024, 12.1553 ], 
          [ 13.7798, 21.2535, 8.35682, 26.2345, 1.01104, 11.1341, 18.0623, 14.397, 13.3705, 26.2571, 8.05604, 4.49171, 29.6249, 24.3769, 7.03571, 23.2269, 28.9848, 5.66004, 16.2542, 12.4347, 8.28786, 17.3117, 14.2315, 16.109, 28.1737, 19.4875, 4.77023, 24.1223, 1.20617, 26.3146 ], 
          [ 5.61433, 17.9774, 9.46347, 25.6557, 17.7409, 23.7086, 23.0895, 16.0319, 15.2931, 1.91122, 3.78278, 22.0552, 29.2201, 5.71436, 4.80741, 29.1337, 12.6173, 24.5528, 3.53951, 29.5568, 16.6441, 6.24152, 5.17888, 25.7514, 6.09982, 6.88596, 12.0462, 24.8872, 22.9811, 12.3369 ], 
          [ 19.0555, 8.03653, 10.4541, 8.42372, 13.0782, 1.92724, 22.555, 6.93164, 26.4232, 24.1678, 18.9767, 7.49558, 18.5123, 17.168, 9.46533, 18.233, 8.9074, 12.1855, 7.21685, 25.3627, 17.0728, 15.311, 17.9425, 16.1226, 12.288, 11.1278, 11.9079, 6.87435, 4.92159, 19.2258 ], 
          [ 16.6248, 20.4347, 7.66396, 11.6212, 17.712, 2.43184, 2.14445, 19.0214, 8.70627, 6.10557, 11.0007, 22.5063, 19.2046, 6.18899, 25.4346, 3.60468, 29.768, 8.19722, 11.15, 8.74258, 25.2108, 24.5198, 21.4053, 7.02305, 11.9213, 28.6382, 17.086, 8.50472, 27.0649, 11.8458 ], 
          [ 17.5849, 20.0036, 3.86684, 11.8159, 4.85008, 13.4199, 23.4109, 17.0655, 13.0167, 17.4843, 19.6755, 8.76638, 11.9754, 2.77198, 24.2339, 23.0485, 7.30737, 2.33918, 14.2514, 7.22409, 13.069, 27.0022, 16.2293, 20.5366, 6.43176, 24.4188, 3.64589, 14.4077, 10.7797, 3.40525 ], 
          [ 9.13673, 11.9614, 20.4608, 28.1756, 28.7184, 15.3093, 9.37405, 29.2869, 7.71665, 27.5394, 18.6124, 3.78034, 2.55036, 1.58718, 21.9363, 7.69044, 4.46399, 7.0146, 16.9668, 7.65354, 26.9932, 6.47057, 5.91521, 19.8852, 7.94946, 1.57279, 10.8561, 17.4012, 5.70171, 5.83736 ], 
          [ 12.9895, 25.7277, 16.4315, 27.7241, 27.1645, 4.95936, 8.18642, 23.0292, 23.1044, 28.3262, 25.1765, 29.1519, 3.07151, 15.4181, 19.0013, 12.7305, 17.4019, 26.5252, 19.7752, 28.5105, 14.6391, 23.4941, 12.7166, 19.8261, 23.4648, 2.46878, 19.1818, 24.6332, 6.87025, 24.7498 ], 
          [ 16.83, 14.9307, 9.14587, 5.30076, 11.6275, 14.7966, 29.6161, 6.81124, 15.5824, 10.31, 21.5401, 27.83, 2.55707, 5.63097, 16.7427, 15.1172, 19.0492, 28.8618, 19.6552, 18.4357, 26.9123, 3.23648, 22.9609, 7.75939, 9.154, 22.5466, 26.5452, 1.28989, 20.1355, 25.7792 ], 
          [ 7.29851, 8.95648, 8.3848, 14.4401, 12.4972, 20.0025, 8.80186, 27.6228, 13.928, 17.8069, 19.6577, 15.2689, 3.15279, 16.9098, 3.99229, 8.26029, 5.58922, 11.902, 3.94519, 2.01667, 12.8668, 9.16736, 27.1325, 18.2039, 27.7786, 24.0202, 10.3885, 7.43653, 12.5553, 15.1055 ], 
          [ 18.5359, 9.63846, 17.9768, 2.21306, 6.53685, 29.0774, 11.1201, 13.5739, 19.5633, 29.7486, 7.13918, 14.8167, 21.5967, 16.5301, 27.6868, 2.66279, 11.6835, 24.9088, 11.9765, 12.7624, 22.6062, 11.9165, 8.17634, 13.6052, 22.8756, 19.7912, 9.87708, 12.0529, 20.2086, 14.9382 ], 
          [ 23.1327, 9.04443, 3.6712, 18.1427, 21.2902, 4.13662, 11.0193, 22.1767, 26.6448, 22.2187, 16.768, 8.65303, 25.6586, 1.10043, 26.6267, 22.3709, 4.79269, 27.8833, 23.1948, 24.1197, 13.0916, 23.8834, 10.4147, 18.5792, 16.8462, 2.82702, 16.1151, 4.20676, 13.4188, 8.69869 ]
        ], 
        [
          [ 22.0413, 29.6594, 24.1066, 20.9348, 7.01596, 6.37498, 7.19483, 5.62792, 11.3338, 20.4599, 20.4759, 27.8551, 16.6091, 15.2401, 2.23271, 16.2394, 22.4175, 28.5677, 26.7043, 2.51714, 20.4733, 22.3249, 1.40928, 15.1746, 10.4052, 15.6037, 23.9853, 13.9279, 22.7463, 13.8949 ], 
          [ 13.3656, 18.4445, 17.7104, 6.33871, 20.2538, 24.4126, 27.3824, 24.5986, 17.1592, 20.0678, 8.51244, 12.7604, 11.4466, 6.82256, 19.6061, 22.045, 28.58, 19.5399, 14.9214, 22.4495, 5.26087, 8.49998, 28.9609, 1.82445, 16.2689, 1.54099, 4.61695, 12.6224, 10.161, 4.0471 ], 
          [ 5.56613, 6.34894, 17.9955, 7.88979, 6.98562, 20.0898, 14.2942, 27.9163, 25.6666, 27.8368, 20.5884, 11.1631, 22.9668, 26.6273, 23.7757, 1.90952, 27.1172, 22.543, 9.89519, 22.1552, 6.49134, 19.6418, 7.94422, 29.2189, 16.9133, 29.5632, 6.73822, 6.80982, 19.2009, 21.3765 ], 
          [ 22.3783, 4.03179, 25.6779, 1.96334, 2.81108, 5.79761, 23.4005, 14.5684, 26.3312, 22.032, 15.0761, 23.9918, 11.2068, 27.4933, 25.4744, 25.1265, 5.76712, 26.7465, 19.5077, 26.6463, 7.18103, 3.10275, 2.19744, 29.3227, 14.31, 14.1033, 4.83864, 20.6448, 2.42941, 25.3558 ], 
          [ 3.29509, 18.2902, 3.44012, 25.8287, 21.6485, 5.97677, 24.5551, 22.1997, 11.6298, 2.10731, 18.4288, 19.4393, 18.1058, 21.7283, 24.3259, 17.1261, 1.2345, 21.5056, 20.199, 7.65095, 6.90041, 22.632, 20.5596, 11.9304, 24.5484, 28.1382, 7.72543, 16.3726, 8.84476, 14.9753 ], 
          [ 27.5054, 20.4697, 8.85454, 6.62967, 21.9826, 28.4798, 21.7975, 10.8667, 5.8375, 18.4452, 11.1268, 18.3534, 1.2894, 9.22108, 10.5271, 22.1041, 22.7358, 21.3718, 3.91591, 4.56339, 15.3129, 6.86035, 24.7822, 8.19773, 10.4592, 28.4994, 8.99618, 7.20586, 4.11685, 14.5458 ], 
          [ 13.5113, 16.13, 15.0296, 20.4629, 4.84782, 14.7245, 23.1419, 16.9864, 10.8317, 8.99041, 22.497, 12.1852, 21.4308, 28.231, 7.47419, 14.2205, 5.05147, 4.1228, 15.6398, 12.4503, 10.935, 22.8798, 22.7082, 1.5766, 24.148, 19.3644, 17.4164, 3.28847, 2.82179, 7.82239 ], 
          [ 12.0143, 23.2199, 11.2727, 27.2733, 25.5922, 20.9083, 5.19866, 25.4953, 3.25544, 19.2669, 26.2294, 25.6773, 8.61143, 17.4552, 28.1307, 3.70096, 8.85349, 29.0248, 24.5394, 7.32392, 20.6319, 4.67115, 23.243, 11.4092, 3.59264, 10.9271, 4.53289, 21.5717, 10.9619, 15.0779 ], 
          [ 3.92143, 16.4105, 22.1073, 19.4453, 23.3111, 25.6772, 12.1547, 2.93697, 29.0452, 20.9146, 5.57814, 20.4735, 23.2204, 3.74914, 4.9668, 22.9352, 20.1687, 23.2391, 9.14832, 23.7978, 10.9354, 24.2871, 2.58376, 20.2303, 6.11542, 20.4272, 5.49373, 18.1593, 4.10765, 28.8211 ], 
          [ 23.4813, 4.5107, 25.1245, 17.4697, 21.5676, 29.7977, 23.4084, 4.44419, 13.2271, 11.6259, 4.58445, 29.9234, 16.248, 8.49652, 17.7766, 19.9276, 9.28086, 8.51442, 10.2645, 2.25281, 27.2422, 25.8606, 22.9438, 2.89212, 18.0353, 19.862, 4.49448, 4.74186, 22.5975, 10.8014 ], 
          [ 5.97545, 2.55371, 6.98279, 8.40982, 14.3032, 8.43293, 5.39894, 26.3439, 4.3476, 27.2615, 17.3, 29.5018, 6.80839, 14.7166, 19.4883, 6.97885, 5.8577, 12.0117, 22.5376, 1.5888, 18.0839, 4.40118, 26.7073, 29.902, 10.9583, 8.89383, 13.8806, 3.73068, 24.5183, 13.9944 ], 
          [ 23.0937, 23.6498, 24.3808, 2.2208, 28.4833, 28.6883, 23.8971, 2.16728, 6.07374, 15.611, 2.62555, 14.5589, 27.0397, 19.9819, 3.17627, 25.3461, 15.283, 27.0962, 17.8795, 15.6808, 16.1601, 6.56796, 7.53352, 24.4477, 13.9578, 9.01575, 22.0492, 23.6419, 2.3862, 28.5886 ], 
          [ 14.6488, 24.1138, 29.5184, 9.31302, 10.5873, 14.3221, 29.2594, 4.10606, 7.41727, 1.61387, 16.6715, 2.2329, 10.538, 5.78446, 22.3799, 4.93653, 23.7694, 4.66884, 13.5528, 7.28693, 3.57001, 19.7556, 11.6469, 11.8378, 25.1146, 18.5045, 14.0478, 27.8435, 16.2019, 10.2031 ], 
          [ 16.4728, 15.0536, 4.1115, 11.8175, 3.66297, 5.19133, 17.8251, 25.1082, 29.7711, 17.5061, 25.0308, 23.3093, 6.97748, 15.4217, 18.4679, 2.14694, 9.48545, 4.39785, 3.14046, 20.0627, 17.9657, 2.60187, 5.14718, 5.699, 2.48062, 9.9923, 7.43991, 3.4128, 12.2441, 24.2907 ], 
          [ 7.40715, 6.24444, 7.58598, 15.2838, 26.8917, 22.282, 18.089, 12.4833, 17.6995, 10.8771, 15.0567, 19.3813, 2.13918, 2.5053, 21.9076, 4.05263, 24.7803, 10.1784, 16.7724, 20.9919, 17.812, 28.0928, 10.9628, 21.0495, 28.5914, 16.2819, 6.54392, 23.9411, 1.4706, 17.2671 ], 
          [ 18.276, 24.5533, 2.77333, 26.2297, 24.52, 9.40011, 21.0861, 18.2704, 3.88311, 6.15582, 1.86585, 8.06714, 1.82589, 16.3843, 11.479, 4.44874, 25.8709, 9.15472, 29.3717, 4.33236, 16.4729, 26.7033, 2.58807, 7.12694, 9.21562, 28.032, 6.42515, 21.2659, 26.553, 21.8094 ], 
          [ 19.8883, 1.36494, 20.3043, 14.1259, 11.9444, 11.6212, 10.2035, 15.4815, 14.0612, 23.0658, 22.2668, 27.5863, 3.70371, 5.27595, 18.3986, 15.4302, 10.7163, 25.1296, 11.6642, 4.2218, 1.31698, 20.0364, 29.5055, 17.1283, 18.0712, 9.62398, 21.4556, 9.52258, 14.9075, 1.06443 ], 
          [ 29.5793, 14.2572, 16.3065, 26.1101, 11.0055, 9.61924, 25.4126, 14.7187, 10.8737, 7.79145, 8.79927, 23.8062, 7.45654, 7.87238, 9.14588, 29.4883, 10.8404, 9.89331, 25.3252, 20.3997, 7.24987, 6.47367, 1.23029, 11.2416, 26.1418, 18.8322, 14.2625, 14.6975, 19.6969, 14.1921 ], 
          [ 3.28075, 7.78893, 29.1041, 20.7164, 24.6368, 20.2146, 10.6655, 13.6352, 18.7283, 12.9921, 17.4102, 12.6483, 8.27037, 24.7035, 24.95, 22.462, 23.8798, 4.64792, 1.89891, 15.4567, 6.93012, 18.8963, 14.2134, 10.0526, 6.65589, 7.63238, 28.9374, 27.6542, 26.4408, 10.6782 ], 
          [ 26.5283, 18.9394, 24.3103, 28.3475, 22.9131, 9.82297, 24.9839, 4.64142, 27.7851, 14.1326, 7.46182, 8.31366, 21.5252, 28.4164, 15.273, 10.3651, 4.64822, 20.3589, 20.5603, 17.7938, 4.16438, 27.5471, 28.9082, 20.3284, 23.2113, 9.75479, 19.1769, 11.9483, 2.70502, 22.2886 ], 
          [ 26.8953, 6.88303, 6.3588, 6.02586, 24.5889, 8.40131, 14.5825, 16.815, 26.9164, 29.783, 6.18392, 27.5762, 24.8173, 3.71778, 8.93708, 8.59134, 19.7858, 25.3762, 9.56279, 16.8976, 11.3663, 12.4701, 16.0302, 18.4206, 14.7058, 11.0344, 24.7836, 10.1628, 20.8281, 19.5831 ], 
          [ 21.2337, 4.95982, 29.3707, 22.6399, 8.73723, 29.1492, 29.5158, 10.5856, 1.93451, 15.4965, 18.2211, 15.3056, 25.4542, 13.1166, 16.5854, 25.8893, 23.0437, 24.3065, 14.7273, 24.552, 3.61873, 29.8767, 14.6557, 6.66356, 28.5164, 14.4032, 9.50893, 7.32139, 2.4533, 18.9224 ], 
          [ 3.50797, 25.5521, 25.3818, 8.62083, 18.814, 28.197, 10.46, 29.2711, 8.03482, 5.08604, 14.2068, 6.23392, 9.51474, 18.1273, 7.06146, 26.7908, 17.759, 10.2284, 3.58873, 26.334, 26.2343, 19.2194, 8.40104, 13.0283, 19.8118, 5.60103, 15.7238, 2.84135, 1.88455, 12.5192 ], 
          [ 18.9507, 26.3083, 29.5938, 18.6436, 29.6889, 20.9015, 27.5204, 26.7306, 5.6669, 26.0359, 16.8844, 24.6125, 22.3542, 8.89112, 4.78431, 21.9178, 3.71934, 2.77233, 14.943, 19.7799, 12.6915, 11.5936, 29.3814, 28.3631, 13.6267, 23.498, 8.56206, 17.9183, 19.3046, 29.9811 ], 
          [ 23.7307, 1.71922, 4.44634, 27.1518, 14.1682, 12.667, 25.0934, 1.75944, 22.5313, 6.55066, 9.65214, 17.3187, 26.9542, 28.0647, 26.0683, 29.9949, 8.33228, 20.5914, 27.0134, 27.4141, 12.7328, 23.4036, 26.2105, 9.83475, 7.12283, 28.3789, 19.1742, 4.63089, 11.8655, 20.7959 ], 
          [ 23.9709, 15.4463, 1.81223, 11.1314, 11.4906, 22.3159, 17.6578, 22.6808, 25.0048, 20.196, 23.4251, 23.5725, 21.9542, 18.0321, 10.1819, 18.407, 24.3984, 19.9029, 21.065, 28.2965, 29.7577, 7.64418, 29.0707, 22.1134, 16.3456, 26.7713, 28.1655, 4.0614, 12.7672, 14.6785 ], 
          [ 7.03931, 24.2711, 6.42696, 15.7536, 15.7693, 26.7497, 12.1504, 26.557, 29.819, 5.75142, 11.7954, 5.42594, 24.3007, 3.46778, 28.2683, 1.68052, 14.7149, 6.29506, 10.425, 14.7879, 15.279, 16.3206, 20.9818, 17.9314, 23.5555, 9.7481, 9.22208, 12.8947, 5.67341, 25.4811 ], 
          [ 8.449, 23.5861, 12.4684, 10.3238, 15.9671, 8.63779, 10.4204, 26.2572, 7.46554, 7.52727, 8.62759, 1.91977, 4.01701, 18.3813, 1.17729, 8.45878, 19.3272, 3.65183, 26.9256, 25.9437, 7.79146, 25.9572, 20.6344, 18.7785, 22.3369, 28.057, 24.6708, 26.3539, 4.35975, 9.87515 ], 
          [ 15.6719, 12.1663, 21.6523, 4.73681, 19.982, 1.63327, 28.4631, 15.4392, 25.9263, 11.5238, 25.1689, 5.4203, 29.6886, 14.7579, 25.5279, 4.88966, 2.80912, 29.795, 28.4828, 10.7997, 5.66661, 28.6392, 26.045, 12.8345, 25.0198, 11.5115, 11.3806, 6.56449, 19.509, 18.7614 ], 
          [ 18.3106, 24.4581, 13.1439, 4.26973, 28.8921, 4.19226, 11.4655, 25.3267, 16.1154, 5.13505, 8.72873, 23.0439, 18.2977, 9.9601, 1.14961, 9.15884, 5.29524, 25.4293, 27.2157, 9.48523, 29.0515, 17.6264, 4.38315, 7.75031, 20.1073, 15.6601, 24.7759, 1.91721, 23.0726, 23.6636 ], 
          [ 23.8371, 25.8147, 19.0506, 14.5153, 18.9282, 19.1255, 17.3611, 12.3469, 23.2896, 23.4728, 21.732, 1.92196, 11.3149, 24.4343, 28.0775, 24.6946, 10.69, 24.2277, 27.8019, 28.5429, 19.5769, 27.3877, 19.5771, 18.7544, 22.6904, 9.92427, 2.13011, 20.7903, 7.32751, 2.50242 ], 
          [ 15.6351, 15.4394, 6.16127, 5.49501, 18.4678, 3.32708, 18.8281, 20.5858, 15.1817, 1.67102, 5.65237, 28.1294, 11.8635, 8.34178, 10.6816, 12.6487, 9.37468, 1.07113, 1.35274, 20.5735, 21.8671, 4.70117, 28.3678, 1.48246, 13.0107, 12.5211, 21.6156, 8.97697, 29.8747, 18.9359 ], 
          [ 5.04324, 28.1734, 9.15566, 5.51143, 10.735, 4.11413, 17.8458, 13.5196, 22.227, 12.5814, 9.96742, 2.83343, 17.9751, 29.2768, 14.4028, 6.45881, 28.1751, 23.6143, 17.3305, 27.6364, 2.96087, 24.4206, 18.6172, 17.3487, 24.3491, 4.56245, 7.63858, 27.8871, 7.3206, 27.864 ], 
          [ 9.48284, 1.02487, 5.50578, 28.4638, 26.8192, 17.5602, 9.06617, 29.0628, 8.53353, 28.4286, 21.353, 17.4953, 19.0616, 12.4907, 17.4321, 18.7022, 6.83162, 12.1653, 23.3107, 20.2548, 29.6168, 2.44388, 15.6086, 2.4105, 8.42927, 23.8114, 24.2103, 15.9338, 24.2745, 1.58261 ], 
          [ 24.3848, 7.14606, 18.7526, 4.0443, 14.4251, 19.489, 2.58238, 12.9538, 15.7163, 10.6635, 11.1635, 25.3411, 2.8865, 29.9738, 19.9713, 10.2204, 3.48464, 13.607, 19.7518, 7.03663, 9.78262, 23.2876, 28.5948, 21.2177, 18.5432, 9.90707, 7.94638, 16.3508, 9.2145, 11.7831 ], 
          [ 26.3165, 6.64177, 28.5878, 21.3294, 28.0329, 27.4737, 3.86905, 1.99575, 3.43, 18.9348, 9.36407, 23.2984, 9.61081, 10.3873, 26.7436, 19.4783, 9.7181, 8.81364, 21.2608, 18.9744, 23.6866, 27.6538, 21.9047, 3.22762, 7.89988, 11.3604, 11.855, 1.65681, 27.924, 21.5666 ], 
          [ 29.5512, 10.0892, 27.386, 27.6123, 21.0974, 20.2231, 17.5619, 11.1793, 15.8407, 19.0163, 17.1017, 24.4282, 6.74286, 2.50618, 21.1018, 15.0656, 4.65046, 27.626, 6.51081, 4.68498, 13.8908, 12.6449, 20.0789, 7.2119, 17.1727, 13.7217, 24.8042, 20.0611, 12.7075, 22.6114 ], 
          [ 21.3785, 13.2865, 18.4513, 17.9242, 6.79306, 15.8262, 16.056, 18.991, 12.0214, 19.9424, 29.3067, 1.14583, 29.9661, 12.9895, 29.5577, 10.7836, 10.5784, 21.1063, 6.19797, 23.4521, 2.02816, 13.7845, 3.45869, 25.0165, 15.4832, 10.5409, 16.2144, 17.1569, 4.0929, 16.1776 ], 
          [ 8.93633, 5.50553, 3.21563, 11.6337, 14.1545, 13.3905, 11.5973, 9.40682, 23.5224, 18.5349, 8.09735, 25.4622, 10.9275, 20.0446, 22.7843, 16.8722, 23.4257, 8.30733, 5.06087, 18.18, 16.449, 4.5496, 20.1094, 7.19163, 29.1299, 10.7139, 5.08587, 15.4332, 16.7304, 13.2163 ], 
          [ 10.9327, 27.0673, 15.0852, 6.27564, 29.9014, 17.9593, 28.2396, 15.1354, 20.6143, 20.6055, 26.7131, 16.1783, 8.0769, 15.2847, 10.2578, 20.3908, 15.8375, 11.6894, 24.3146, 24.0772, 27.6752, 4.94089, 25.3847, 20.7881, 17.0369, 5.10986, 19.238, 25.6131, 13.101, 8.09419 ], 
          [ 25.4916, 18.7505, 4.34476, 14.8712, 23.2793, 19.2112, 11.5382, 24.8614, 26.7996, 1.64912, 6.18358, 9.52984, 22.0342, 25.9873, 11.398, 14.1607, 18.761, 29.1789, 15.7524, 25.7698, 16.6577, 15.7118, 24.3635, 16.8264, 7.31055, 20.9946, 5.50217, 2.77855, 29.4886, 18.3002 ], 
          [ 12.9311, 6.47503, 23.972, 27.0043, 5.37143, 13.2753, 23.4566, 12.5864, 16.7921, 17.5316, 22.3088, 6.5895, 20.007, 14.6429, 18.6047, 8.47533, 11.4267, 8.04746, 17.0067, 19.8217, 29.2373, 20.6484, 8.16451, 8.34737, 25.869, 3.80461, 27.9648, 22.4124, 9.93431, 11.6956 ], 
          [ 10.9342, 17.7538, 28.1844, 25.8267, 28.5141, 20.7071, 16.5097, 4.74381, 20.8328, 3.90095, 23.4771, 8.77473, 8.5636, 24.7748, 24.5845, 9.03472, 4.74966, 29.018, 16.4297, 24.075, 10.8884, 18.0164, 18.7988, 13.6437, 7.75637, 19.6783, 12.3936, 29.2054, 29.6884, 6.85289 ], 
          [ 15.4809, 11.791, 1.12537, 18.4432, 18.3445, 24.1992, 4.35911, 24.4754, 26.1031, 11.9182, 17.2737, 15.2003, 26.4262, 12.8179, 22.6612, 19.1822, 22.4019, 12.5026, 28.1112, 9.96544, 6.57394, 5.1704, 28.4138, 14.2985, 22.5983, 12.7487, 29.7305, 12.6581, 11.2778, 25.9482 ], 
          [ 12.5955, 24.6841, 23.4983, 18.4857, 13.0691, 29.3291, 3.05342, 22.4837, 12.3855, 24.0829, 28.6004, 19.2071, 23.5158, 27.2386, 1.6413, 1.23995, 4.95327, 6.79654, 16.9673, 9.43195, 8.07546, 19.901, 8.81058, 19.7826, 5.64311, 23.1157, 13.9165, 12.9793, 23.3042, 25.6574 ], 
          [ 14.5681, 23.3464, 25.1309, 7.41243, 20.382, 8.19429, 27.1056, 4.68489, 16.3609, 16.5566, 17.5306, 2.29432, 29.7876, 25.8972, 16.8448, 23.3159, 1.55323, 8.6205, 23.4838, 21.7876, 25.7346, 20.8356, 27.3123, 27.8273, 26.054, 10.4937, 20.5291, 15.836, 6.34964, 9.44157 ], 
          [ 8.82214, 1.15292, 20.4909, 17.906, 2.88559, 27.2071, 1.5465, 12.0399, 28.0601, 11.7371, 1.21399, 29.4594, 24.54, 4.4405, 18.0948, 23.0171, 9.90237, 16.5036, 22.9612, 7.24708, 21.7272, 16.8093, 22.7055, 16.9753, 29.6822, 10.8768, 3.59548, 25.5599, 22.0412, 20.9724 ], 
          [ 25.9861, 10.2768, 6.76528, 29.1855, 26.9981, 3.97868, 20.7596, 28.4336, 11.2456, 17.6168, 26.8016, 29.9213, 20.5382, 18.715, 22.1678, 25.2256, 28.2287, 4.72826, 6.56041, 8.16005, 4.12296, 27.6815, 20.3973, 7.29613, 16.3244, 27.7031, 7.3979, 17.3355, 19.5747, 8.24857 ], 
          [ 23.9384, 28.9827, 24.7921, 3.90177, 27.7413, 7.51507, 15.881, 24.4781, 18.8416, 10.4813, 2.16517, 23.8696, 7.53578, 20.155, 20.9807, 14.2048, 5.13202, 18.4067, 27.1586, 29.0299, 16.6828, 15.5994, 28.6031, 15.655, 5.77969, 28.3681, 18.8339, 2.81541, 4.94909, 18.4068 ], 
          [ 18.1778, 25.6541, 29.7014, 9.16517, 17.8542, 18.2297, 9.27592, 12.8314, 16.5473, 29.5243, 13.0078, 6.92819, 6.9294, 28.156, 22.6844, 2.72864, 21.4213, 7.62488, 16.0183, 7.26804, 8.08957, 7.75404, 9.77676, 22.4848, 23.1525, 12.3162, 5.25732, 25.9337, 20.4324, 27.5189 ], 
          [ 16.8958, 18.9797, 27.8263, 27.3088, 6.52997, 1.76494, 10.463, 26.5374, 29.3822, 26.485, 27.6558, 25.7118, 7.75146, 18.9761, 16.7291, 20.507, 2.79871, 6.55743, 25.7185, 9.98094, 18.0804, 18.8767, 2.44895, 16.9088, 24.1195, 23.4393, 14.0845, 6.18232, 24.3282, 16.2643 ], 
          [ 25.754, 14.1138, 8.87625, 21.4547, 7.30567, 19.5058, 8.13797, 1.557, 15.1957, 9.40892, 9.71253, 7.34252, 13.0115, 22.7464, 25.7969, 29.57, 6.52754, 8.51869, 9.09936, 10.8724, 5.70943, 16.8189, 15.2633, 23.7636, 18.6746, 11.6783, 7.87211, 24.0847, 22.8513, 29.7469 ], 
          [ 12.1871, 8.49986, 21.0459, 8.93862, 18.4361, 18.3118, 28.3199, 9.68385, 28.9255, 24.7558, 5.5332, 1.26096, 6.82535, 26.0863, 25.4048, 17.0722, 7.46094, 3.60666, 27.5343, 28.57, 29.0774, 10.7981, 28.9748, 22.6507, 28.6748, 11.6021, 5.19677, 16.0122, 3.98855, 12.2417 ], 
          [ 12.8931, 6.35532, 13.6678, 2.68108, 12.1592, 11.445, 13.2603, 10.246, 21.0994, 22.4843, 9.74884, 12.0611, 9.94953, 27.4128, 28.343, 12.2234, 28.739, 13.7539, 7.51205, 8.53161, 25.2548, 18.6025, 27.7036, 1.42188, 5.53843, 20.7253, 26.5151, 4.0927, 17.5455, 9.34793 ], 
          [ 11.0984, 6.40352, 24.732, 3.66084, 15.9731, 17.4164, 6.36737, 29.203, 13.1264, 13.8986, 6.88587, 27.8851, 5.21626, 6.64346, 15.9969, 20.5533, 22.3343, 18.637, 2.08637, 15.0291, 13.3177, 15.3291, 16.1729, 21.7172, 14.1111, 7.76742, 11.1577, 7.8984, 18.9503, 7.18879 ], 
          [ 16.2407, 8.45013, 10.0186, 13.361, 18.2224, 23.8928, 18.6861, 10.4189, 18.9208, 4.03385, 27.3586, 9.0246, 16.4298, 16.9947, 22.7237, 13.7642, 9.95386, 24.8108, 25.2659, 6.76529, 4.5644, 1.78709, 24.2805, 16.2306, 8.05143, 16.147, 14.7079, 11.3752, 7.08198, 18.8471 ], 
          [ 25.2568, 18.173, 2.93975, 19.8941, 29.6917, 9.28114, 16.9721, 29.7886, 10.9562, 15.4182, 4.92048, 15.111, 17.7708, 6.19883, 22.6717, 5.93117, 3.89336, 5.70643, 11.8327, 21.1791, 8.25107, 12.0693, 26.0514, 22.3029, 10.4277, 18.9203, 23.5509, 25.5908, 6.98511, 23.6328 ], 
          [ 25.0809, 8.90011, 15.4094, 16.949, 20.6622, 4.00844, 6.17436, 8.18928, 18.4729, 6.08328, 4.32513, 3.18294, 8.80559, 9.39089, 10.7456, 1.242, 13.3361, 4.4309, 16.6778, 8.09065, 26.3516, 27.5595, 13.1376, 26.9085, 20.2092, 22.6767, 25.0697, 9.94391, 8.64306, 17.9366 ], 
          [ 28.5888, 9.8754, 28.0956, 17.7451, 14.3309, 4.52789, 13.1858, 2.87564, 24.0454, 12.0941, 7.4183, 23.82, 2.18108, 22.9755, 29.4897, 12.2612, 24.4516, 11.9251, 19.9442, 11.3827, 27.4896, 2.50596, 22.2229, 24.9619, 18.2401, 9.26757, 19.8764, 28.5751, 14.6956, 23.1444 ], 
          [ 9.71828, 22.901, 5.37413, 7.1132, 10.066, 7.98604, 7.26591, 4.25792, 23.9264, 14.2685, 7.18903, 12.8517, 11.1761, 26.0801, 27.1654, 2.4354, 25.8448, 8.80459, 12.4001, 18.4515, 17.352, 6.33368, 10.684, 6.94361, 13.0046, 6.76697, 8.22969, 12.7007, 13.5346, 12.7459 ], 
          [ 15.9986, 24.7021, 2.43969, 16.1633, 2.14892, 28.4964, 18.305, 11.9814, 4.61628, 6.55751, 27.5973, 3.34198, 26.7281, 16.6289, 16.616, 2.23406, 16.2649, 12.8066, 14.7921, 3.04379, 27.0031, 23.5962, 11.3757, 6.67866, 3.06045, 16.7885, 10.4603, 14.5944, 15.2384, 12.6873 ], 
          [ 7.71409, 25.9245, 3.68735, 25.2128, 23.7375, 20.9398, 17.5736, 28.4914, 15.3919, 26.5179, 14.6234, 28.2964, 23.6524, 25.8343, 3.55317, 24.6912, 5.02766, 23.5613, 19.7177, 10.9367, 4.56924, 8.79404, 2.83512, 9.19874, 12.8016, 15.054, 17.3092, 24.4985, 22.7108, 28.2208 ], 
          [ 10.392, 9.99289, 24.778, 14.0339, 12.7115, 24.0441, 11.9462, 8.20533, 19.366, 3.67691, 26.8585, 17.7508, 26.327, 1.31747, 12.9764, 10.7133, 13.2753, 28.7879, 16.2941, 15.9404, 20.7153, 5.26363, 26.1572, 29.0304, 7.89464, 20.6139, 25.9212, 16.6744, 18.8914, 9.53507 ], 
          [ 16.4946, 9.24805, 16.5821, 20.5528, 7.0165, 20.2921, 12.158, 23.4104, 16.0382, 28.9053, 10.6041, 8.8376, 26.4418, 12.935, 11.285, 1.80243, 7.51436, 3.19021, 1.01141, 4.76071, 27.5822, 13.7256, 22.0358, 15.0699, 29.9952, 8.65637, 7.0581, 8.47002, 5.70483, 6.74055 ], 
          [ 10.4076, 10.8058, 10.9664, 7.76328, 2.4449, 24.3907, 12.0963, 18.52, 17.749, 4.89036, 15.4799, 29.5842, 4.09537, 1.60785, 6.21558, 15.8726, 29.2407, 18.0266, 16.6059, 8.36599, 16.5349, 13.1515, 11.3876, 1.25752, 27.0142, 3.16732, 7.87745, 10.7636, 22.1702, 18.7993 ], 
          [ 12.404, 18.0762, 24.0162, 22.5504, 4.53778, 18.5755, 19.3507, 9.07917, 7.70644, 14.6146, 5.01564, 3.68724, 23.8383, 7.8321, 26.8392, 19.3326, 3.16429, 5.10377, 4.65076, 10.5653, 29.3115, 21.2848, 6.2616, 4.89937, 2.88457, 21.7861, 13.486, 14.2292, 23.8988, 5.47885 ], 
          [ 27.6994, 29.1369, 16.6846, 25.2747, 3.5652, 16.0489, 28.0988, 5.93819, 29.9949, 5.91834, 29.6722, 21.8095, 23.6413, 3.46075, 4.63604, 20.7941, 26.5204, 25.874, 12.2205, 13.5673, 27.6474, 4.39803, 2.52373, 16.622, 18.9231, 20.4715, 9.62152, 14.846, 29.954, 13.8021 ], 
          [ 19.5233, 11.2175, 7.14485, 10.5773, 14.9604, 27.6428, 26.1364, 23.4826, 11.4605, 17.2981, 26.3571, 25.9879, 13.3208, 29.6119, 15.4333, 23.5468, 2.64206, 24.0639, 3.36509, 10.1947, 7.93816, 2.86503, 21.7775, 4.00508, 13.9207, 2.29533, 15.536, 10.2365, 11.9815, 15.9123 ], 
          [ 15.7462, 18.1785, 26.4384, 23.3375, 2.19929, 21.1089, 19.1505, 6.09332, 12.7267, 7.62171, 5.35497, 1.15942, 8.89056, 19.8372, 10.4383, 29.7344, 24.4315, 24.6617, 22.2511, 18.8039, 9.80938, 15.0792, 3.8725, 26.302, 29.2289, 20.1304, 18.4219, 6.80093, 27.4864, 7.67069 ], 
          [ 29.0184, 7.88457, 19.5648, 22.0525, 26.619, 13.3143, 26.0337, 26.0087, 28.468, 5.73009, 18.317, 17.8925, 27.0738, 24.2969, 18.3295, 11.5728, 27.0378, 24.5879, 15.1951, 29.0729, 25.0724, 7.96471, 23.3063, 4.11224, 20.5876, 28.6425, 26.0039, 24.0002, 13.3723, 1.13292 ]
        ]
      ];
r = [
        [64829.3,66785.8,57847.4,61867.8,56385.5,75142.5,79928.7,55215,58874.9,50386.6,67234,62065.4,52456.2,68276.9,67113.5,69724.2,81489.3,53397.1,65374.3,72534,77336.4,53252.7,74010.9,56292.3,65365.7,54212.1,77912.2,71914.4,74020.7,72644.2 ], 
        [54893.9,64429.6,64869.1,53869.2,73474.3,72732.7,56018.6,52755.4,68999.7,60479,81678.9,54854.1,64542.3,52196.3,66401.9,78488.4,80286,80197.5,74891.6,64043.6,64204.1,51098.4,73759.2,67295.4,59465.6,55546.2,57653.1,72867.6,58539,81263.4 ]
     ];
d = [
        [44473.7,29687.1,29315.9,59192.1,54525.3,40067.1,16396.3,8838.42,23307.6,52936.3,81837.1,47416.4,78526.5,79512.1,80559.4,69830,44327.7,37465.7,88928.4,44501.3,1194.11,68087.4,53053.8,78065.3,19746.1,85867.8,12738.2,22842.8,21603.6,7316.76,87044.9,84674,68460,8487.31,69836.5,22745.3,45029.2,76392.9,23856.8,3117.52,80337.9,78386.1,29623.6,14141.8,55579.5,66083.9,84654.7,16940.6,71641.3,3721.21,78716.2,31203.5,27928.6,29680.4,69690.4,62737.8,43865.2,9447.76,16737.4,31655,55386.8,69160.7,43680.5,86544.3,12363.6,5309.77,72350.4,40724.9,29061.7,36664.6 ], 
        [82311.9,39159.4,7014.58,4465.4,81361,46919.4,44961.6,23514.2,80065.7,66850.1,46850.4,50585.6,58149.5,76539.2,40786.9,74207.6,2817.8,45486.9,57465.5,56504,22996.5,60753.1,62718.5,46473,15499.9,87591.1,88164.4,74317,39775.8,89892.5,56362,42315.1,19027.9,87006.8,78038.4,83507.7,89828.3,80584.2,51605.1,48635,8987.04,3375.99,53315.7,3405.29,33340.3,82018.8,73780.7,55307.9,31282.2,29514.2,17655.3,2418.75,49948.6,52849.8,82316.8,47565.3,60633,58027.7,12235.3,38071.8,72263.7,46588.7,65024.3,36798.7,55826.7,17070.3,62185.4,82275.3,38042.9,36670 ]
     ];
