/***************************************
* STOCHASTIC OPTIMITZATION
* OPL S2FVPP Data Generator
* by Jordi Mateo Fornes
* Model = S2FVPP; Stochastic (2S) MIP 0-1;
* Representation = Compact Representation;
****************************************/
I = 100;
P = 30;
C = 70;
G = 2;
p = [ 0.01, 0.01 ];
pc = 0.02;
ORCHARDS = { 1, 2, 3, 4, 5, 6, 7, 8, 9, 10, 11, 12, 13, 14, 15, 16, 17, 18, 19, 20, 21, 22, 23, 24, 25, 26, 27, 28, 29, 30 };
CUSTOMERS = { c1, c2, c3, c4, c5, c6, c7, c8, c9, c10, c11, c12, c13, c14, c15, c16, c17, c18, c19, c20, c21, c22, c23, c24, c25, c26, c27, c28, c29, c30, c31, c32, c33, c34, c35, c36, c37, c38, c39, c40, c41, c42, c43, c44, c45, c46, c47, c48, c49, c50, c51, c52, c53, c54, c55, c56, c57, c58, c59, c60, c61, c62, c63, c64, c65, c66, c67, c68, c69, c70 };
CGV = [ 12.3627, 25.4853, 10.2329, 20.683, 21.6957, 11.0756, 12.6637, 23.7192, 29.747, 24.3349, 1.6333, 4.32544, 17.4201, 25.5003, 10.542, 10.3069, 6.75382, 6.70016, 11.987, 21.4619, 7.0354, 11.8772, 18.5623, 13.2509, 13.4674, 27.7698, 8.32329, 29.4574, 27.4332, 21.3173 ]; 
s = [ 2.84972, 2.63639, 2.93451, 0.881518, 0.485698, 0.306994, 0.525129, 0.687612, 1.28742, 1.62071, 1.89602, 2.57658, 2.98629, 1.68668, 1.96442, 1.15665, 2.91276, 1.99352, 2.48752, 0.680003, 0.552075, 2.98777, 0.270194, 1.38969, 0.820449, 1.419, 0.795921, 2.74378, 2.73897, 28.9432 ]; 
CSV = [
        [
          [ 14.8691, 26.275, 21.2344, 1.70186, 29.2819, 29.9827, 16.9763, 24.6927, 9.24976, 24.883, 8.60943, 13.3098, 15.3702, 22.401, 24.2832, 26.274, 20.5704, 15.0221, 11.9334, 13.6757, 18.2158, 1.10729, 27.2271, 5.08329, 29.6464, 14.7094, 16.7704, 21.3614, 29.5433, 10.2156 ], 
          [ 10.5368, 10.8219, 23.3332, 22.7758, 29.2302, 13.6561, 5.77189, 5.03638, 6.89263, 23.3971, 3.6962, 17.1948, 7.22245, 12.5779, 2.23117, 17.657, 26.5239, 23.8455, 4.08014, 15.9338, 21.8605, 10.6634, 19.1809, 3.37326, 9.48062, 14.2767, 9.00874, 7.17462, 21.3335, 25.7954 ], 
          [ 10.1095, 4.67996, 3.69595, 7.06891, 24.5377, 4.45053, 9.63056, 8.71054, 6.84, 21.2451, 15.8961, 3.87911, 24.9953, 10.2364, 15.7471, 12.6056, 24.2318, 18.0114, 21.2471, 9.40424, 2.11424, 18.2372, 2.23943, 20.666, 28.442, 29.1185, 22.5091, 8.0024, 11.5874, 7.58951 ], 
          [ 14.4591, 22.8115, 28.4619, 1.39739, 6.57658, 29.037, 22.612, 19.2607, 4.18532, 23.0455, 25.0227, 8.16359, 12.0461, 19.3407, 4.44682, 29.001, 4.70804, 27.0431, 18.68, 12.703, 20.8309, 20.6266, 20.2856, 4.19182, 2.94422, 21.73, 29.85, 26.7232, 18.6681, 23.6823 ], 
          [ 25.4225, 15.931, 26.5075, 2.81963, 24.5959, 8.14899, 28.7638, 23.1637, 24.4843, 17.4747, 3.76114, 7.44615, 14.3098, 24.6824, 4.50386, 2.91112, 26.4701, 21.3742, 20.6357, 11.0704, 28.1104, 8.27657, 12.3455, 14.4165, 5.95672, 10.2965, 26.7315, 24.0856, 18.307, 6.12906 ], 
          [ 16.4234, 18.6609, 3.91167, 14.577, 18.4065, 21.4108, 7.54793, 3.05073, 14.5967, 3.84535, 7.86784, 28.1827, 8.07145, 21.7286, 23.8943, 21.9957, 1.17702, 18.9027, 11.876, 10.6038, 8.16604, 4.48586, 24.3272, 18.1204, 15.1797, 17.8877, 11.379, 5.03557, 17.8967, 2.69894 ], 
          [ 26.5122, 19.7853, 28.335, 6.18373, 3.46107, 4.23441, 3.17993, 11.6654, 25.9074, 14.7334, 23.9208, 12.8182, 7.20345, 22.8986, 9.25038, 11.3161, 19.3932, 27.0842, 28.6982, 20.2661, 25.9115, 14.1896, 20.6074, 23.2917, 27.1284, 24.5019, 6.37271, 24.7557, 17.0486, 6.20734 ], 
          [ 23.627, 21.7118, 26.1984, 26.872, 4.0893, 15.9499, 10.7102, 2.13754, 22.74, 16.7504, 2.14883, 14.3728, 15.8767, 12.0632, 19.0181, 10.773, 5.42853, 4.95758, 4.72879, 26.8621, 3.72343, 15.0484, 7.61005, 8.01675, 10.6649, 23.7005, 9.99031, 10.8529, 7.79645, 13.6981 ], 
          [ 1.40333, 18.8223, 2.79569, 24.7563, 29.7348, 16.0478, 4.74416, 15.7748, 29.8799, 14.308, 14.2814, 25.4609, 6.20558, 25.8936, 23.3092, 3.82412, 8.54289, 5.06103, 24.6083, 25.4443, 23.7863, 22.4784, 9.4758, 5.96441, 25.8338, 27.4383, 1.28746, 21.7493, 11.8168, 18.0472 ], 
          [ 16.2098, 7.58289, 5.69275, 17.7669, 29.7393, 19.4304, 1.82556, 11.2178, 17.7089, 3.88639, 11.653, 17.8995, 26.6346, 2.99553, 3.07992, 21.8671, 7.66853, 13.3501, 19.0976, 7.14881, 13.9305, 15.4166, 14.7592, 16.7313, 19.0418, 3.06121, 21.0836, 29.3032, 3.92083, 21.4512 ], 
          [ 13.2095, 9.56587, 8.33279, 7.17674, 24.1374, 15.6206, 21.8618, 3.73558, 14.8554, 7.53895, 16.976, 6.31886, 23.655, 20.4695, 17.2873, 14.1548, 26.3231, 8.25792, 20.5963, 11.6608, 14.3368, 27.7746, 2.59647, 2.54042, 20.0883, 12.965, 2.07939, 17.2872, 14.9475, 10.8215 ], 
          [ 27.358, 4.58179, 24.873, 28.2, 9.54605, 15.5332, 6.48324, 14.8876, 21.6091, 25.9994, 6.78617, 20.9455, 17.4818, 16.1801, 2.30783, 2.14687, 18.4608, 9.56117, 18.3515, 4.78772, 19.5273, 21.6248, 18.2896, 23.9006, 25.727, 19.528, 14.2201, 8.46208, 23.2468, 2.65984 ], 
          [ 27.483, 5.47092, 21.5374, 24.0351, 17.9356, 27.7779, 6.06794, 8.08538, 27.3463, 13.2907, 1.32824, 4.7358, 28.5947, 25.4522, 16.9633, 17.967, 11.9448, 8.97627, 13.5154, 14.7097, 19.4676, 24.8059, 29.4606, 4.22421, 13.6063, 23.388, 4.7171, 20.6001, 7.43185, 2.9313 ], 
          [ 15.5116, 25.4545, 6.71413, 4.17519, 7.82202, 3.94572, 26.7126, 22.2705, 16.8991, 5.78667, 17.5737, 7.25125, 6.48379, 10.5681, 20.9615, 28.2266, 11.1856, 17.1827, 25.7519, 20.6474, 27.1686, 11.7625, 7.2306, 10.2264, 7.51151, 6.38577, 14.0058, 17.5524, 17.8433, 21.0191 ], 
          [ 19.6217, 2.69638, 14.6428, 1.55282, 25.8335, 16.0233, 8.61986, 29.1649, 11.0481, 2.52329, 23.0417, 10.557, 8.65648, 10.7204, 6.43071, 8.6226, 1.62658, 26.0467, 9.85222, 2.18036, 13.3083, 3.99787, 8.0432, 27.0003, 28.2378, 5.31941, 11.3233, 15.1269, 26.8845, 11.9448 ], 
          [ 17.7086, 28.2034, 16.0747, 25.6094, 15.9638, 17.2605, 25.775, 29.4508, 6.93097, 27.2872, 28.015, 15.8983, 16.5746, 1.5874, 4.26682, 8.02167, 13.2114, 21.5835, 9.17024, 15.0223, 26.665, 24.9873, 29.1799, 18.6343, 27.6335, 9.68433, 12.8456, 26.819, 21.5688, 25.2347 ], 
          [ 22.3945, 15.9496, 4.64111, 9.64265, 9.0019, 18.547, 6.28314, 18.9704, 4.7829, 24.9113, 26.6789, 22.447, 6.21512, 15.288, 11.3799, 3.67551, 21.2603, 2.35121, 20.7214, 21.9572, 14.99, 29.809, 25.7847, 3.28223, 27.1179, 23.8752, 28.382, 26.8302, 7.40211, 3.51277 ], 
          [ 1.39274, 17.1187, 14.1949, 16.2108, 12.9939, 10.9145, 10.8434, 23.3551, 2.74338, 11.54, 16.9052, 18.5804, 16.1831, 21.0365, 14.6139, 5.38071, 28.2913, 6.98314, 10.1092, 1.26157, 9.79675, 14.8038, 12.1079, 23.6443, 5.81166, 10.1758, 20.3382, 21.6068, 28.5739, 6.40874 ], 
          [ 21.6616, 6.24712, 21.8023, 15.0178, 11.8086, 10.4871, 29.485, 27.1077, 3.9009, 17.723, 4.49402, 26.3545, 27.1898, 24.2104, 29.8406, 13.7038, 23.7001, 20.073, 14.0338, 24.7058, 13.5561, 4.05633, 18.5419, 11.9218, 24.511, 21.1337, 4.10063, 11.4473, 24.3312, 13.0724 ], 
          [ 12.7996, 8.47926, 3.57825, 3.49017, 2.11301, 13.0655, 16.4529, 5.27829, 28.4462, 8.88035, 22.6244, 12.7205, 20.1104, 9.37859, 18.0153, 18.4379, 1.47177, 3.65878, 16.2273, 16.7087, 22.6442, 7.06771, 2.31322, 22.4359, 2.03282, 5.41413, 3.33094, 19.5822, 21.8127, 27.1091 ], 
          [ 8.96568, 4.73688, 7.15665, 7.44031, 20.9294, 15.6815, 6.23541, 20.6349, 14.7574, 11.5709, 10.5714, 24.0901, 11.9087, 15.2562, 20.4706, 17.1439, 19.8711, 15.8736, 12.1978, 27.4413, 14.185, 8.67928, 18.005, 22.9187, 17.8048, 3.69737, 19.3992, 8.02664, 10.3504, 8.08875 ], 
          [ 7.48581, 3.60749, 13.3452, 8.70057, 14.0388, 20.2864, 22.1269, 26.0236, 2.70248, 18.1137, 17.5097, 17.2565, 24.5545, 9.25587, 14.8491, 27.4463, 17.401, 26.6506, 21.2489, 14.0357, 24.8253, 27.2292, 1.97609, 15.2244, 7.85685, 4.60369, 6.92165, 20.4048, 19.5457, 16.6222 ], 
          [ 12.9904, 23.3744, 16.9351, 3.78664, 25.606, 3.584, 15.9698, 26.0944, 21.1283, 27.8378, 29.0284, 12.5723, 26.6766, 27.4002, 21.0281, 6.23532, 8.57235, 27.5465, 8.93487, 21.1629, 6.77543, 27.4824, 2.7109, 18.6064, 14.3623, 8.56421, 9.13683, 8.31197, 20.7927, 11.3426 ], 
          [ 25.4678, 16.5153, 2.51644, 12.8064, 14.4318, 27.262, 4.76709, 17.0868, 1.91569, 11.8671, 21.111, 9.68413, 22.9611, 22.9699, 5.03116, 8.81907, 29.7832, 22.4584, 6.77085, 6.62517, 22.4146, 15.6992, 3.70433, 13.7248, 14.3652, 7.13675, 19.6908, 13.2857, 24.4107, 2.38874 ], 
          [ 12.4005, 20.9611, 29.7276, 16.8461, 13.5459, 7.523, 23.7512, 11.0958, 6.95125, 25.5845, 5.3302, 1.55055, 3.55017, 11.7583, 13.3688, 2.40029, 19.5006, 18.3186, 22.6518, 27.8211, 23.2888, 3.94014, 15.9495, 22.4712, 9.31788, 14.8075, 2.57838, 28.6337, 5.40929, 7.35956 ], 
          [ 18.8221, 15.5311, 28.4004, 23.6611, 7.8964, 20.9273, 13.462, 1.57599, 3.30288, 12.5766, 27.8138, 14.5401, 17.0104, 22.2203, 27.9073, 15.3743, 13.8297, 2.09888, 25.4193, 16.647, 4.64261, 19.3014, 14.6314, 25.699, 23.0037, 19.3665, 2.36187, 14.0946, 17.1793, 27.9564 ], 
          [ 9.84546, 15.8597, 19.4045, 18.6517, 16.5795, 1.0051, 3.57478, 7.22681, 20.7692, 29.0596, 10.8462, 4.68064, 10.5065, 17.391, 2.02272, 11.6368, 7.73606, 1.34098, 1.19038, 24.2597, 24.1831, 24.1111, 25.1991, 23.5584, 8.71887, 12.0453, 16.4971, 22.7657, 3.2978, 13.0099 ], 
          [ 9.51064, 28.1293, 29.1438, 13.9939, 11.2331, 20.2779, 28.9169, 4.86974, 13.7497, 3.9047, 17.48, 2.82088, 7.53503, 24.7537, 1.41857, 8.60301, 7.53446, 19.0255, 28.919, 13.5084, 29.1518, 3.54591, 15.3574, 19.3459, 9.60528, 24.4059, 23.1617, 6.14822, 21.8683, 28.7545 ], 
          [ 2.54958, 23.0572, 19.332, 2.47074, 15.6028, 22.0306, 19.0928, 27.3276, 10.6737, 17.1694, 6.36576, 10.0871, 2.31423, 5.87654, 9.63933, 11.2654, 7.19141, 26.5725, 28.012, 13.4467, 24.0609, 15.8951, 15.8528, 12.4395, 11.0167, 8.05113, 2.0459, 18.7158, 11.3451, 25.1939 ], 
          [ 26.2405, 25.7021, 12.3216, 15.9668, 24.4992, 26.1857, 9.80768, 14.8357, 12.2031, 16.5395, 2.63559, 3.70603, 14.704, 21.9543, 17.9451, 6.08687, 15.1503, 26.5794, 10.295, 27.2519, 27.6796, 1.17952, 21.2287, 5.41689, 5.78509, 23.8545, 26.9247, 27.1423, 19.8352, 14.9454 ], 
          [ 23.9519, 6.62335, 19.8696, 1.09573, 2.23331, 23.9779, 24.3545, 29.4671, 2.67617, 2.31095, 27.7719, 28.0637, 18.4855, 10.743, 27.0912, 26.9129, 20.4031, 8.15052, 21.133, 24.8886, 23.1572, 19.8937, 15.0988, 1.43091, 26.5487, 12.554, 9.74239, 12.6404, 26.6887, 12.8713 ], 
          [ 19.1559, 12.4394, 17.5544, 27.5777, 24.4275, 22.6139, 26.4152, 18.4557, 5.51041, 24.6591, 7.96319, 25.026, 27.1402, 3.30973, 15.0012, 18.0671, 20.407, 18.0252, 17.4784, 3.07545, 10.5225, 2.96128, 6.75408, 5.40222, 7.4467, 20.0081, 19.6657, 14.396, 7.65737, 2.11371 ], 
          [ 27.5352, 1.89302, 9.66542, 19.643, 14.0339, 23.7816, 21.9813, 16.7991, 5.71938, 28.5624, 2.23609, 19.9314, 12.0016, 20.7836, 1.90304, 8.99179, 16.5308, 6.03081, 12.3706, 21.1115, 1.36949, 14.3287, 23.826, 28.0523, 4.50566, 14.5822, 5.40456, 18.875, 12.1624, 23.2514 ], 
          [ 25.8103, 17.047, 17.9656, 21.5496, 18.3738, 8.8679, 10.6613, 5.99191, 16.7506, 2.44382, 7.9095, 8.93744, 20.5906, 26.6191, 12.3809, 7.20633, 1.82391, 8.97313, 23.8546, 25.2465, 23.1428, 15.6771, 28.9753, 29.12, 15.3065, 8.51282, 23.0914, 26.1192, 23.4033, 12.8251 ], 
          [ 6.08477, 27.6701, 14.2027, 24.1172, 17.9266, 10.8036, 25.1653, 12.9724, 17.2318, 4.90845, 14.4813, 26.8272, 21.937, 11.3959, 10.9286, 1.15034, 4.5955, 29.5862, 17.0039, 20.1589, 28.8896, 13.0941, 29.4144, 10.2007, 15.4513, 12.5468, 27.8918, 7.55186, 19.9341, 5.06299 ], 
          [ 17.5321, 9.51373, 22.6079, 17.6066, 15.9924, 17.3621, 16.3619, 19.756, 19.3672, 17.2697, 10.159, 10.1316, 16.8092, 6.55083, 5.84583, 17.6841, 2.72538, 11.177, 2.04925, 21.7228, 28.7895, 7.84145, 11.2369, 11.8923, 24.9339, 8.87594, 23.7559, 26.5446, 20.2835, 1.82075 ], 
          [ 25.5309, 26.7725, 6.74123, 26.9283, 28.6246, 7.9016, 13.6042, 21.1231, 12.4901, 12.5611, 28.36, 5.20583, 11.8771, 27.4732, 20.7554, 25.3098, 18.3859, 3.45505, 19.2814, 3.49167, 16.967, 1.70004, 21.6323, 7.50928, 27.8919, 3.21752, 19.1264, 7.66153, 24.0792, 19.4352 ], 
          [ 3.30516, 10.3295, 11.0029, 11.5069, 22.0281, 21.3225, 3.21966, 23.6584, 2.68001, 5.66038, 28.1881, 8.02294, 24.1173, 16.9732, 26.2987, 20.5122, 1.38659, 18.4657, 26.2375, 1.4615, 1.46288, 5.87725, 11.8942, 23.1546, 5.51049, 3.5596, 4.384, 14.1609, 10.9878, 29.9034 ], 
          [ 10.7417, 22.3939, 12.0657, 5.36004, 5.02959, 7.89893, 21.6405, 14.2484, 21.7744, 2.00333, 13.0426, 3.51567, 14.0697, 20.0097, 6.42518, 17.2091, 7.36313, 27.4202, 25.4911, 17.2842, 25.0229, 22.6192, 10.9123, 20.9057, 1.66422, 14.2679, 29.2969, 25.647, 2.20465, 13.7841 ], 
          [ 28.6392, 23.3943, 14.2388, 3.54684, 25.7378, 25.3212, 14.9809, 6.94989, 18.1112, 25.6096, 23.4544, 11.4009, 17.9339, 10.5325, 3.95048, 26.5901, 25.0527, 7.75103, 10.8376, 24.3504, 27.3657, 5.6064, 29.1348, 14.7826, 20.5882, 8.18202, 26.1056, 26.1208, 5.12893, 17.2259 ], 
          [ 19.1227, 11.9396, 23.0922, 29.5624, 29.3014, 9.45313, 26.9124, 17.7375, 9.39469, 29.0314, 12.2625, 21.7819, 29.7372, 19.7953, 28.9305, 18.3768, 28.4467, 8.90065, 20.997, 13.1196, 10.6721, 4.88162, 23.9905, 13.5436, 28.6571, 27.1699, 21.0864, 29.9684, 5.38104, 2.52281 ], 
          [ 23.3996, 9.77607, 26.4177, 12.5421, 9.80763, 5.67517, 27.7295, 2.34338, 9.38318, 14.9417, 1.87524, 6.01959, 21.6994, 20.1563, 7.22924, 24.0686, 1.7829, 20.1488, 24.0458, 19.6021, 13.4775, 6.02747, 21.7344, 21.5982, 6.37927, 24.3062, 9.21334, 24.2928, 24.9051, 29.7848 ], 
          [ 1.78556, 1.30378, 19.9637, 6.16601, 18.4492, 19.5846, 26.6796, 5.01925, 2.54425, 6.19905, 24.2566, 23.0369, 7.21775, 26.2751, 21.4403, 18.2759, 5.54193, 5.47411, 16.4987, 26.1035, 2.39972, 4.58105, 12.243, 2.35208, 20.6767, 12.7799, 6.14461, 20.8595, 27.0412, 7.42884 ], 
          [ 18.8877, 25.0401, 13.4112, 2.624, 24.7296, 25.0979, 22.8996, 11.6579, 13.2405, 12.0751, 27.3431, 24.1496, 28.3718, 28.4626, 22.2317, 16.9394, 17.0988, 25.9419, 15.6977, 3.9826, 11.4298, 9.19826, 18.5263, 22.7096, 20.1916, 24.8495, 29.0657, 1.64405, 12.7847, 26.8279 ], 
          [ 21.9656, 23.4348, 22.4487, 23.5113, 3.18557, 13.3525, 4.5695, 20.9556, 7.84736, 4.36965, 16.7916, 5.39255, 23.7328, 11.3067, 19.7271, 27.4824, 5.79521, 14.2001, 20.4367, 3.15779, 1.98998, 3.32672, 11.097, 18.7289, 28.5966, 24.6254, 13.5165, 5.61725, 26.4969, 6.19069 ], 
          [ 8.3487, 2.01446, 12.1149, 7.30718, 4.73484, 8.6655, 25.5729, 3.49703, 10.2418, 6.40569, 9.85809, 9.1509, 25.3519, 28.2416, 6.64315, 1.25078, 12.7767, 2.6723, 1.72832, 22.9765, 3.23009, 24.2097, 15.5869, 27.6764, 29.3071, 14.9132, 2.34786, 17.7597, 21.0804, 23.0495 ], 
          [ 21.7038, 24.563, 27.2731, 25.1104, 20.8889, 19.5396, 29.6942, 17.5935, 8.84394, 19.4842, 17.3944, 1.26054, 3.34789, 3.74073, 1.54131, 3.24285, 29.412, 6.99119, 4.27687, 16.8514, 16.4357, 1.964, 17.0494, 10.7737, 12.289, 16.4735, 5.88459, 28.7756, 29.5554, 29.6798 ], 
          [ 4.13568, 16.9505, 27.2974, 11.663, 3.46344, 10.462, 14.1168, 16.4533, 1.10201, 15.8863, 6.6121, 16.1525, 21.9086, 15.6015, 1.08698, 4.39474, 22.0659, 12.7461, 17.1508, 29.3961, 17.9692, 2.78509, 29.392, 15.1666, 9.93824, 15.3363, 4.84704, 12.6165, 28.3805, 21.329 ], 
          [ 7.93636, 5.8981, 1.39702, 22.6856, 19.9039, 23.9723, 23.0503, 4.02298, 18.5781, 28.6039, 19.8585, 6.90121, 10.4739, 9.39138, 8.97161, 27.59, 17.9244, 12.4402, 21.3343, 14.54, 26.6661, 14.897, 19.723, 1.46555, 21.9178, 19.1691, 18.0847, 7.90434, 16.638, 25.9349 ], 
          [ 8.05871, 20.633, 23.8737, 5.45517, 2.75719, 29.1874, 29.5423, 4.99595, 25.424, 14.3074, 5.82716, 2.28179, 13.7286, 24.2099, 25.9658, 12.6752, 27.0146, 25.6424, 15.6434, 3.4667, 9.90753, 20.5744, 11.3311, 13.5399, 8.31942, 28.1845, 23.2858, 15.1448, 22.3098, 1.73607 ], 
          [ 10.0827, 8.05136, 19.3274, 12.6492, 28.634, 6.16699, 19.8243, 13.8802, 2.64178, 29.2019, 14.0962, 28.237, 28.7951, 24.5302, 11.7483, 17.7763, 26.517, 28.1737, 19.18, 16.6361, 6.90766, 28.5141, 9.48093, 3.19242, 18.3017, 13.5546, 22.9086, 16.508, 24.7272, 11.534 ], 
          [ 6.03019, 2.68711, 29.9822, 23.8404, 9.74959, 12.577, 20.2203, 25.3623, 10.2143, 5.6626, 1.33069, 20.426, 13.9267, 2.88045, 23.3932, 15.5307, 2.48439, 15.5597, 23.04, 17.0501, 27.7027, 5.21585, 16.7716, 6.74523, 28.1697, 28.0833, 6.25839, 9.40912, 15.0568, 9.34277 ], 
          [ 27.2446, 17.5655, 25.5968, 12.3265, 19.2844, 14.0306, 12.3842, 27.1255, 10.1675, 7.74596, 5.64212, 26.0442, 29.326, 23.4095, 15.0651, 26.9189, 11.4278, 12.0924, 19.9893, 29.9186, 27.4114, 10.7214, 14.3818, 13.6274, 25.2938, 1.56315, 21.3972, 2.67161, 2.48164, 28.011 ], 
          [ 9.2694, 29.4157, 11.8345, 13.9686, 27.7903, 3.38313, 11.2526, 6.77246, 14.0252, 9.91895, 2.42995, 22.5432, 10.2156, 8.58187, 9.79076, 12.9694, 12.623, 23.8297, 20.3225, 8.73221, 10.7609, 6.84993, 17.3927, 13.0151, 1.23043, 22.2455, 28.2477, 26.7032, 9.92143, 26.6058 ], 
          [ 3.04792, 26.0057, 28.6072, 27.7795, 25.6928, 9.97945, 24.8793, 27.8846, 20.5459, 21.1956, 19.2176, 8.39516, 13.6216, 23.1249, 22.8817, 29.516, 22.944, 25.2682, 7.99988, 20.0302, 6.65035, 4.49301, 28.5273, 3.00215, 24.1265, 11.7079, 12.6345, 7.50872, 25.4893, 18.6145 ], 
          [ 21.339, 23.7095, 20.9983, 17.1021, 17.8634, 25.1538, 5.2727, 24.6573, 12.0595, 3.3768, 15.5495, 20.8786, 26.8426, 12.0544, 26.1988, 10.8083, 29.79, 5.29659, 12.8117, 16.2683, 5.81053, 4.07071, 15.7244, 11.0343, 9.08332, 4.29507, 28.7064, 16.2155, 18.9286, 21.4853 ], 
          [ 26.1553, 9.84708, 12.9698, 27.8726, 24.4757, 28.725, 21.2789, 12.2816, 29.6815, 4.69128, 10.3804, 29.2384, 28.7847, 21.4796, 1.99968, 9.91282, 2.55228, 22.2619, 14.3779, 11.9916, 4.60591, 11.7349, 26.0811, 11.2963, 9.39398, 13.0349, 24.5767, 19.8621, 15.4984, 6.84768 ], 
          [ 1.46855, 6.46035, 17.8837, 14.9048, 18.7964, 4.73627, 5.29379, 5.02167, 23.662, 26.5864, 12.0176, 8.1419, 24.8603, 29.991, 2.21147, 10.9281, 29.9649, 21.5901, 10.6703, 10.0057, 25.3438, 14.7088, 4.46616, 9.15262, 15.7437, 22.4992, 24.0642, 18.8069, 15.5359, 9.70932 ], 
          [ 24.3946, 10.5463, 14.0541, 18.5481, 8.4122, 25.6907, 26.646, 22.2414, 20.7033, 13.5269, 20.9081, 2.68657, 1.36093, 2.32322, 4.78574, 10.3626, 6.91699, 1.01979, 26.675, 12.6132, 12.8111, 23.8444, 12.0695, 20.8182, 22.8104, 7.00771, 26.445, 18.1909, 6.0159, 29.1371 ], 
          [ 8.84694, 28.3403, 24.1858, 18.5641, 17.0768, 24.3875, 2.57692, 3.43901, 22.9585, 29.7961, 11.2975, 16.7129, 4.54781, 14.6969, 9.99342, 28.3852, 16.2833, 11.1189, 29.9644, 27.284, 27.2233, 1.87907, 19.1854, 14.7987, 6.48422, 26.5526, 23.9409, 11.8683, 8.66206, 8.71438 ], 
          [ 25.0296, 29.9179, 13.1577, 24.694, 19.9888, 8.46755, 13.6079, 23.617, 28.9215, 21.6648, 5.64353, 11.6523, 12.0315, 4.39234, 28.6228, 22.0609, 4.15334, 7.90422, 7.2969, 17.7774, 27.8413, 7.68933, 3.66484, 13.2184, 24.304, 6.54643, 10.7565, 11.0803, 23.2755, 27.9606 ], 
          [ 16.6478, 1.31762, 9.79507, 28.1858, 28.2099, 25.8299, 19.8877, 5.31241, 6.15894, 20.3153, 11.7439, 21.1204, 28.3125, 3.25459, 28.7397, 18.6594, 17.9969, 28.3236, 17.0156, 10.034, 20.0014, 29.9078, 20.1968, 8.31511, 8.47318, 6.88474, 1.19022, 1.69128, 29.5233, 1.57423 ], 
          [ 14.0604, 7.55912, 15.5717, 2.51569, 18.5944, 2.46484, 16.7758, 25.8831, 26.83, 20.1584, 15.4206, 1.59393, 4.93131, 13.6978, 21.503, 4.04772, 1.56332, 21.088, 16.365, 20.6538, 18.5728, 1.57744, 11.9846, 9.98363, 13.6872, 13.6208, 12.4207, 5.1348, 4.61457, 2.58013 ], 
          [ 14.9233, 21.9094, 10.6844, 7.09, 20.2411, 3.55283, 5.91918, 27.1637, 20.5192, 14.9212, 25.0112, 26.8939, 13.1722, 10.6986, 8.80533, 7.6553, 5.47223, 17.0988, 4.71254, 3.21461, 18.5735, 3.18643, 27.5029, 20.8643, 9.78068, 8.06038, 7.88599, 7.71751, 18.1673, 13.1563 ], 
          [ 26.6089, 5.16577, 23.909, 19.0395, 25.8282, 11.9343, 23.7449, 7.01694, 11.1111, 23.1158, 22.8702, 25.2926, 6.43369, 10.5453, 8.38085, 12.7598, 17.828, 7.27386, 11.4677, 17.7082, 6.24178, 13.0169, 26.3809, 5.41002, 2.84157, 1.68061, 26.8128, 27.2347, 28.0338, 28.5421 ], 
          [ 23.6168, 15.5499, 29.7936, 9.08217, 21.9847, 29.2488, 2.88146, 3.38204, 26.3768, 14.6417, 17.8617, 27.6717, 11.0116, 27.25, 4.11287, 17.8394, 4.22181, 19.6642, 24.4598, 6.94293, 21.3064, 17.1068, 21.2888, 27.044, 1.00291, 6.75814, 29.3189, 29.3378, 24.6268, 16.5193 ], 
          [ 21.8275, 6.07068, 16.2138, 28.1893, 20.7386, 1.58292, 6.417, 17.5957, 18.2129, 23.5935, 17.311, 24.2314, 25.1259, 25.8593, 11.8918, 3.96098, 24.0518, 15.1534, 22.9223, 24.6538, 29.2002, 3.17916, 3.72716, 19.1951, 6.15094, 11.0398, 18.1183, 27.901, 8.45882, 26.4974 ], 
          [ 11.3655, 15.7851, 13.6978, 29.1321, 1.64943, 14.263, 2.46216, 12.5772, 21.7799, 20.5779, 3.30005, 12.4311, 13.8605, 24.5201, 9.58611, 13.9826, 14.0621, 16.2836, 17.7876, 17.6763, 11.947, 25.5562, 28.2796, 19.2291, 18.2475, 10.135, 20.4767, 16.831, 13.6297, 11.9558 ], 
          [ 7.55134, 7.23624, 14.2113, 9.06766, 26.1592, 5.12288, 22.3613, 8.98998, 25.4949, 13.575, 1.12428, 1.40782, 7.53615, 17.0519, 18.9908, 15.3995, 20.7914, 11.7045, 1.92296, 27.3787, 25.2327, 14.7166, 14.1324, 23.9674, 22.2773, 27.9009, 8.93406, 11.0229, 8.51675, 16.5329 ], 
          [ 16.1309, 18.7733, 18.1101, 24.307, 7.78879, 29.9975, 21.1887, 29.885, 26.5277, 16.7599, 6.50498, 5.93784, 25.4534, 29.2553, 10.2734, 21.5212, 1.99881, 27.3677, 26.2856, 6.20272, 23.0475, 9.5663, 26.6604, 20.6177, 12.0373, 26.1785, 11.6193, 21.1749, 8.00931, 27.2692 ]
        ], 
        [
          [ 19.8613, 18.8479, 24.6578, 1.34628, 13.8765, 16.7062, 14.3817, 16.3897, 7.28837, 10.725, 14.917, 28.9877, 16.8765, 12.7309, 4.1142, 17.0992, 1.17498, 19.6405, 9.36015, 6.15283, 18.5779, 28.1928, 29.2967, 22.1878, 5.36417, 5.7757, 28.1546, 13.3777, 17.2146, 25.3843 ], 
          [ 23.6145, 21.9952, 26.7096, 8.3959, 21.7467, 7.31987, 24.0624, 29.6706, 24.7048, 13.3857, 27.4071, 14.1998, 9.70747, 25.216, 15.7806, 25.6335, 11.2867, 2.01057, 23.455, 26.9799, 3.25909, 1.16195, 16.4972, 2.30577, 13.2906, 21.0063, 6.66954, 3.03897, 29.7263, 18.2158 ], 
          [ 18.326, 21.6741, 12.6167, 24.2567, 21.7215, 19.7587, 5.77274, 24.599, 19.1914, 17.0503, 8.32962, 8.65753, 11.1221, 21.5439, 28.4634, 22.1325, 21.942, 9.61886, 4.42891, 4.46957, 29.7304, 18.7506, 23.7951, 7.38095, 18.3822, 19.1569, 5.51944, 23.2, 22.9336, 7.25139 ], 
          [ 10.1307, 27.4776, 18.3747, 19.8579, 23.6923, 16.0266, 9.96951, 21.8735, 24.8123, 26.5136, 26.7197, 10.4574, 9.56655, 4.62666, 13.6249, 9.18079, 15.6581, 2.90822, 1.84034, 16.4987, 19.845, 20.6634, 7.82487, 15.1467, 13.1381, 8.44545, 22.4558, 15.5174, 22.7801, 22.506 ], 
          [ 9.14401, 5.7493, 17.4826, 8.98605, 22.6806, 10.7169, 17.7212, 1.79664, 25.4109, 22.2867, 9.66243, 28.363, 20.0175, 25.8969, 28.282, 18.7247, 3.09492, 14.6286, 5.57335, 17.195, 9.45783, 10.6806, 25.9578, 7.9555, 2.82202, 11.5891, 25.9889, 19.443, 13.4495, 25.1235 ], 
          [ 25.0384, 27.7465, 3.23088, 2.56828, 21.7597, 16.8024, 5.14946, 24.9688, 20.6094, 29.1146, 1.30217, 13.1534, 2.03991, 26.9092, 19.3298, 8.77835, 22.6436, 26.6102, 22.4354, 1.63511, 23.036, 10.5781, 11.5102, 22.8588, 11.1105, 22.7389, 19.7558, 9.81469, 23.3257, 23.9112 ], 
          [ 28.9873, 16.8907, 5.50083, 21.8813, 18.0101, 1.26595, 6.46357, 9.43327, 9.56783, 28.5031, 22.1628, 13.8914, 16.2513, 8.74219, 8.81273, 19.2199, 4.63044, 21.8176, 1.48657, 11.5297, 19.3403, 29.7472, 24.4439, 2.27347, 1.5945, 13.547, 21.4695, 25.3395, 8.20486, 8.8898 ], 
          [ 28.0492, 1.22933, 29.1862, 1.86578, 8.62226, 23.0615, 22.4088, 9.59048, 16.4443, 15.9136, 11.6958, 8.28639, 5.61186, 17.062, 21.143, 7.35449, 28.5122, 13.0491, 9.37003, 4.53837, 25.5583, 10.6905, 28.4646, 2.78463, 12.0776, 28.2631, 26.0963, 21.6368, 6.52756, 17.6492 ], 
          [ 16.0566, 10.866, 25.3255, 23.7474, 20.6915, 26.7932, 22.9688, 10.0015, 29.3548, 24.8339, 22.1911, 23.0408, 19.6316, 8.81723, 4.41132, 12.6686, 21.4124, 23.9016, 2.86837, 13.4569, 7.57208, 27.1714, 11.8128, 3.42257, 14.8687, 14.3174, 1.92858, 27.247, 23.5664, 11.6959 ], 
          [ 5.5795, 23.0236, 3.34132, 15.0597, 17.9522, 14.5207, 13.8659, 17.7794, 4.2405, 25.7038, 12.449, 10.6111, 13.6091, 27.1967, 1.21737, 10.3445, 13.6152, 22.2373, 21.4078, 16.8468, 24.9875, 10.362, 14.3116, 28.0086, 22.5946, 25.1349, 10.9108, 10.7934, 4.35916, 13.0461 ], 
          [ 11.6655, 1.56667, 15.5941, 28.5854, 17.4349, 15.7189, 22.2099, 2.21052, 5.12337, 17.1001, 4.84875, 21.4164, 24.6802, 12.399, 9.81638, 24.7938, 27.9046, 19.8382, 28.5432, 22.0728, 27.8845, 18.1982, 26.1077, 10.9955, 6.47743, 1.63776, 19.5655, 27.7245, 15.126, 16.1612 ], 
          [ 13.1067, 9.14542, 19.6217, 13.2684, 17.9231, 18.4356, 20.4187, 11.9961, 3.54889, 7.40845, 5.01079, 23.5085, 2.2536, 26.6994, 22.0264, 26.1282, 20.0138, 6.06816, 20.3784, 10.435, 5.61872, 5.15534, 23.2215, 14.43, 2.69121, 22.142, 3.9494, 5.9769, 8.62007, 10.523 ], 
          [ 16.7831, 22.9559, 8.80695, 11.5328, 15.7585, 9.18982, 2.30168, 15.3005, 28.9465, 26.5172, 26.0103, 18.8162, 10.5926, 9.64429, 8.30373, 6.72276, 9.73993, 23.2695, 7.2447, 28.7676, 24.316, 17.9803, 28.0307, 24.5301, 22.3012, 10.9653, 1.73804, 5.54113, 22.6913, 18.9693 ], 
          [ 25.9687, 25.1953, 29.9392, 10.4769, 3.00455, 1.61086, 24.9988, 14.1597, 14.7951, 20.3202, 17.7222, 21.0862, 11.7181, 16.8915, 4.07628, 27.5861, 14.2937, 1.36617, 2.20566, 24.8893, 25.1091, 28.2749, 29.167, 23.5621, 28.8451, 25.2442, 8.26728, 11.3886, 6.65944, 4.98346 ], 
          [ 17.3163, 23.8209, 24.5604, 3.08899, 1.93929, 22.9779, 25.715, 8.61843, 27.0791, 19.0277, 15.8232, 25.3857, 3.03027, 18.7957, 7.91808, 26.7125, 24.9628, 3.02236, 10.8094, 24.2753, 17.9502, 13.2773, 3.84265, 24.9194, 15.8264, 22.5034, 9.07756, 14.9198, 10.5292, 24.0524 ], 
          [ 28.5761, 4.2686, 3.62331, 15.939, 16.7299, 11.6185, 24.5344, 8.65818, 2.88112, 8.82291, 11.6158, 16.9349, 22.5746, 23.4124, 18.0065, 29.4232, 2.9692, 29.6359, 25.708, 28.9524, 5.31326, 15.5224, 28.713, 5.90436, 1.84268, 13.4951, 7.8507, 10.3095, 28.0758, 16.489 ], 
          [ 11.3947, 3.31217, 4.34212, 1.99483, 19.3082, 10.2287, 1.10151, 14.1986, 29.6649, 13.1361, 1.79537, 14.641, 18.5996, 22.6549, 11.5464, 29.2012, 26.228, 3.92895, 24.7086, 3.81534, 29.4552, 27.0542, 18.8363, 23.4896, 16.4996, 16.8321, 12.9175, 13.5577, 8.18602, 17.556 ], 
          [ 25.7864, 7.35573, 13.1395, 16.4921, 19.9171, 15.4932, 26.3857, 25.3584, 1.61427, 22.8351, 27.9029, 12.8473, 29.7331, 6.51143, 7.93851, 26.8524, 6.32407, 14.543, 25.3185, 4.16104, 4.56994, 2.4472, 22.5264, 6.50338, 8.61092, 3.98626, 16.6306, 8.2179, 12.3506, 6.07642 ], 
          [ 16.0404, 9.99546, 5.16808, 1.10206, 9.83377, 12.4498, 24.6563, 29.3038, 25.9099, 19.2666, 7.22059, 11.1368, 18.3002, 1.65794, 7.41769, 24.2097, 6.0889, 19.5524, 12.6939, 17.3323, 14.9139, 24.1084, 21.5649, 9.9434, 16.4188, 28.9708, 24.0193, 24.8705, 18.9751, 7.11059 ], 
          [ 7.92768, 5.51409, 1.4895, 8.7161, 3.97763, 13.2729, 11.5293, 12.1889, 28.4297, 28.3153, 4.26644, 23.1029, 10.0757, 10.1879, 25.7196, 15.7186, 21.5275, 12.8296, 14.9747, 9.51694, 28.8516, 16.9849, 8.14634, 21.7531, 6.87208, 14.3997, 12.3692, 4.72901, 12.3169, 18.0034 ], 
          [ 19.8068, 29.9544, 26.8545, 13.2492, 21.2168, 5.82874, 20.7228, 6.24001, 27.3976, 14.5554, 2.95565, 5.39449, 9.55175, 27.9075, 29.8645, 3.83852, 21.8301, 14.1092, 26.5079, 22.0299, 13.0842, 28.7564, 2.2163, 29.641, 19.9886, 2.11548, 12.2827, 6.09628, 9.95308, 10.6141 ], 
          [ 7.81736, 1.42661, 23.5872, 17.8732, 3.74688, 11.4667, 5.67128, 18.117, 6.56461, 28.704, 23.3775, 21.6729, 9.1831, 26.5022, 9.89686, 11.0057, 2.03828, 1.8323, 3.07666, 16.4807, 19.4475, 14.6649, 21.8011, 7.28065, 4.34901, 12.27, 4.78846, 10.5597, 20.2366, 8.32375 ], 
          [ 7.57262, 10.4357, 5.66644, 27.2856, 18.4033, 25.0088, 22.7428, 27.5041, 8.69746, 4.05502, 17.1049, 2.72599, 6.59991, 14.4614, 1.40616, 26.2241, 14.9715, 10.086, 18.8591, 1.80501, 24.0901, 8.02333, 21.4977, 13.1752, 6.7656, 10.7188, 29.2046, 18.6622, 4.50688, 22.6668 ], 
          [ 19.3534, 24.2434, 22.7329, 3.41425, 12.0973, 4.66209, 9.73123, 23.692, 3.7144, 16.7896, 16.8838, 3.7674, 15.5664, 19.2886, 16.0359, 7.10638, 18.1173, 18.6654, 7.09743, 22.3369, 16.5171, 11.4207, 25.1201, 27.8071, 7.43279, 5.87393, 14.9941, 14.6925, 12.9937, 23.7316 ], 
          [ 20.3701, 19.7678, 28.7018, 28.1438, 1.0031, 7.53209, 7.42112, 26.707, 18.8652, 15.8824, 5.46978, 5.49525, 16.0867, 5.37801, 9.17722, 29.5394, 10.6454, 18.6927, 22.2397, 13.0429, 23.6285, 1.28284, 24.7929, 21.8631, 28.297, 24.5328, 21.818, 7.77161, 3.43735, 14.0726 ], 
          [ 13.9874, 13.7773, 20.8869, 29.4733, 16.3808, 13.3114, 7.85387, 22.9786, 20.9956, 17.5292, 8.06456, 2.20674, 5.43164, 1.01836, 23.8435, 21.8344, 20.3311, 26.8401, 25.1573, 10.7066, 2.31346, 14.9956, 12.7814, 27.8568, 15.4473, 28.9016, 6.88559, 9.08223, 7.24975, 21.5923 ], 
          [ 4.69101, 28.3627, 15.2538, 9.02233, 1.31206, 6.81717, 12.3684, 14.9175, 25.989, 1.90048, 7.23085, 27.0643, 21.6081, 5.33905, 4.61352, 10.3972, 9.79003, 9.95894, 19.1367, 14.9965, 4.4417, 1.02941, 25.9956, 7.59338, 13.1068, 21.2533, 23.4001, 6.61137, 13.2228, 20.7186 ], 
          [ 12.4481, 15.4429, 1.6835, 1.70669, 29.6576, 27.4218, 24.7984, 3.67248, 29.25, 19.6276, 22.5613, 3.16448, 11.6627, 7.13622, 1.15263, 27.6445, 27.287, 27.5032, 9.36261, 16.7131, 3.15001, 7.76898, 19.1981, 22.561, 21.3491, 14.212, 14.4767, 29.5134, 13.6554, 9.76015 ], 
          [ 22.8323, 28.8252, 11.2515, 13.4057, 28.5092, 3.62332, 13.8779, 1.51246, 14.3362, 28.3448, 1.18828, 23.1386, 22.9838, 20.4807, 29.9498, 20.989, 13.9635, 13.2374, 2.28186, 1.68436, 4.50411, 10.1849, 7.61139, 6.73233, 11.8074, 19.193, 11.1977, 16.4417, 29.8301, 17.9657 ], 
          [ 25.1665, 28.7669, 21.0787, 28.6562, 7.66264, 8.19386, 2.75628, 17.1842, 18.9738, 19.9033, 15.3466, 3.43973, 24.4523, 3.87553, 27.3322, 20.0971, 27.4019, 23.9576, 1.22925, 25.7807, 6.25915, 2.44183, 2.26728, 29.4477, 26.9604, 21.6432, 12.672, 13.3331, 19.7714, 7.35186 ], 
          [ 22.8114, 15.0041, 19.0174, 3.56505, 16.4234, 25.6505, 16.9413, 8.41517, 15.4693, 11.3069, 3.83206, 5.16072, 29.8851, 19.2305, 15.5961, 24.4521, 7.18291, 18.7236, 1.54923, 8.48773, 10.324, 12.8666, 18.4066, 2.03482, 24.5358, 16.0507, 19.3054, 10.2393, 2.52836, 5.76781 ], 
          [ 3.00486, 5.69421, 25.36, 6.52503, 25.3364, 4.52031, 19.3859, 21.1476, 24.9568, 1.36948, 19.5948, 16.2886, 27.0254, 9.70737, 24.678, 2.76869, 18.7267, 24.1761, 13.0058, 19.6241, 4.61048, 4.03572, 15.2141, 3.53914, 10.4173, 8.61336, 15.5798, 22.4176, 1.32035, 11.2014 ], 
          [ 14.7781, 11.0977, 17.532, 14.7253, 29.2505, 17.9452, 8.63061, 14.9733, 6.32723, 6.1587, 15.8129, 10.8496, 23.8515, 8.33296, 19.9642, 1.84283, 17.7616, 14.6546, 17.1159, 11.9276, 18.4211, 29.4802, 27.1549, 7.03483, 21.9616, 19.9156, 23.7735, 21.0716, 21.2811, 23.0521 ], 
          [ 11.7588, 2.56039, 24.1386, 6.27961, 11.2033, 28.5039, 22.451, 14.7382, 5.85928, 15.285, 23.9807, 18.7912, 26.7073, 1.19409, 18.0412, 20.604, 12.318, 17.4319, 26.7376, 6.67376, 14.6837, 22.4876, 27.7122, 5.78735, 1.55199, 24.1746, 28.3111, 3.06845, 9.34415, 17.882 ], 
          [ 14.0571, 18.2837, 20.0851, 18.7348, 2.30434, 29.905, 9.11099, 5.32857, 17.1442, 23.0374, 21.045, 11.6894, 25.6154, 15.0713, 10.4796, 2.40063, 16.7658, 2.08166, 8.27265, 25.3184, 21.5213, 17.9321, 11.8719, 27.5192, 6.60799, 12.8111, 2.46358, 26.8325, 28.7837, 22.6391 ], 
          [ 9.2746, 5.77094, 25.561, 29.7547, 4.71446, 7.57769, 28.9193, 17.0937, 5.85623, 7.94105, 22.9698, 19.3225, 7.63881, 9.63802, 7.11238, 17.1548, 16.0132, 8.58402, 22.8337, 25.0507, 13.8048, 1.97822, 13.5432, 8.70658, 9.13571, 24.4694, 20.8769, 28.7055, 23.17, 4.42548 ], 
          [ 15.2957, 5.80395, 17.9243, 4.70577, 23.1324, 11.7285, 5.12812, 12.0445, 25.1925, 11.7485, 11.0218, 22.9914, 27.9914, 25.3719, 12.6692, 26.4303, 2.37156, 7.15584, 16.8369, 5.6893, 6.2851, 13.5471, 28.9618, 17.6523, 22.977, 26.7176, 15.9269, 15.5414, 28.3992, 27.091 ], 
          [ 14.3077, 6.55406, 23.644, 26.7776, 4.81106, 20.5022, 2.70522, 4.36243, 24.8725, 18.8931, 17.836, 4.55123, 15.5413, 11.6603, 1.79577, 7.88937, 1.52784, 3.82313, 27.8283, 19.1341, 16.1393, 15.8849, 27.6598, 22.8664, 10.504, 8.74119, 15.5004, 19.524, 25.9693, 16.8291 ], 
          [ 21.9405, 23.0491, 23.5523, 7.71267, 1.7876, 21.7554, 16.6076, 6.08945, 3.09883, 1.79167, 19.1713, 6.34049, 25.5557, 22.7982, 8.2448, 15.1561, 24.2987, 4.72987, 26.8856, 21.245, 16.7288, 6.73259, 5.03203, 7.40367, 4.74044, 26.6696, 13.5434, 29.8834, 8.66632, 24.7879 ], 
          [ 22.7738, 25.3869, 19.8172, 11.9163, 29.449, 11.7883, 14.4477, 27.7087, 7.07013, 10.934, 16.0282, 5.74971, 17.4176, 1.43607, 13.4361, 11.2057, 23.4746, 28.968, 22.0749, 25.2663, 29.1805, 28.2978, 24.0853, 6.74513, 25.3338, 21.1774, 14.8004, 15.108, 12.7946, 23.9534 ], 
          [ 11.8932, 9.8713, 12.2117, 12.9374, 21.8108, 24.232, 26.9243, 1.6191, 5.79054, 27.9473, 11.8397, 27.4474, 4.73528, 12.6818, 16.5166, 2.07384, 15.0549, 26.8885, 3.30907, 26.8654, 23.98, 18.0423, 8.80002, 23.1328, 10.1322, 10.7063, 1.30359, 13.8031, 24.9498, 26.4905 ], 
          [ 5.72591, 7.44788, 1.40591, 8.55978, 9.82016, 28.673, 27.6665, 24.5832, 18.4864, 14.2208, 24.1319, 12.7071, 3.70326, 22.8119, 9.1234, 24.9816, 19.0934, 6.30827, 18.4997, 6.10828, 15.0478, 24.8555, 18.8312, 2.11937, 12.3864, 26.3261, 1.47827, 19.1788, 11.2113, 18.8071 ], 
          [ 23.5462, 20.3565, 7.60517, 23.3939, 3.04603, 22.0907, 11.7245, 7.17165, 26.5411, 8.39976, 22.3193, 29.2765, 15.1619, 13.4009, 25.9156, 20.0003, 1.37783, 12.7058, 19.641, 23.4433, 9.33496, 22.6838, 24.2069, 3.48328, 13.5261, 29.9564, 25.3711, 17.0066, 19.8879, 25.0686 ], 
          [ 17.6303, 10.0196, 5.63553, 12.0771, 14.0639, 25.889, 25.8784, 13.9311, 18.448, 16.5092, 2.83931, 1.88663, 23.0837, 13.4539, 18.9174, 9.86066, 25.1624, 10.6968, 5.77589, 10.2737, 27.9224, 19.9316, 13.7525, 7.10826, 20.5508, 20.87, 20.8796, 4.33764, 24.2712, 24.279 ], 
          [ 11.9739, 15.5872, 9.08898, 20.8623, 4.98028, 29.6766, 2.22007, 6.58121, 5.9679, 4.14273, 27.4154, 5.71418, 14.9429, 19.9622, 5.54796, 29.2281, 27.8188, 21.666, 8.04389, 17.1917, 10.3298, 4.19589, 24.0287, 7.75517, 21.1679, 14.2388, 13.1663, 29.0994, 5.35741, 1.85344 ], 
          [ 28.5857, 27.374, 20.921, 8.73899, 7.53754, 7.00889, 27.969, 2.48172, 27.1838, 4.62842, 21.1493, 7.37653, 5.16242, 21.1287, 26.4329, 25.7155, 27.3934, 20.3969, 3.42044, 1.70963, 5.21102, 9.09423, 23.5161, 5.33098, 3.51241, 23.7702, 1.56066, 17.0455, 27.642, 24.9909 ], 
          [ 11.4786, 28.3838, 3.66097, 20.5471, 12.3544, 1.38844, 14.7469, 2.89224, 5.40597, 1.40426, 26.4867, 27.9302, 8.48377, 28.5231, 23.0788, 10.4185, 24.6301, 1.63813, 24.7365, 6.12088, 19.6521, 19.2153, 18.12, 26.2803, 3.23226, 7.31014, 10.5883, 25.7458, 10.2884, 27.7422 ], 
          [ 9.45611, 27.8373, 8.00556, 26.5543, 23.4033, 29.0505, 26.6719, 11.6138, 13.0454, 27.582, 13.0432, 3.65494, 24.9213, 22.412, 3.65925, 2.62668, 20.9361, 15.0589, 3.79625, 29.0134, 24.2704, 24.8572, 20.5369, 27.3756, 16.3129, 23.8526, 19.2668, 20.0026, 19.6298, 19.6709 ], 
          [ 1.74149, 11.6108, 13.8795, 4.60976, 5.72158, 25.4897, 7.95666, 2.24504, 20.3074, 1.93787, 14.5629, 13.5008, 24.2165, 12.6356, 11.2407, 13.1253, 10.7263, 25.1118, 16.7615, 17.3912, 10.3451, 24.0444, 12.1251, 4.71685, 20.7741, 15.622, 9.44485, 11.1497, 15.6703, 23.3403 ], 
          [ 5.40912, 6.97842, 5.77664, 16.0202, 25.927, 1.88129, 5.47991, 19.6202, 4.70365, 2.1274, 21.0214, 21.7934, 8.02955, 21.8481, 15.2233, 9.33472, 25.4377, 21.5352, 1.52412, 4.24665, 24.1854, 3.97487, 9.26664, 12.1213, 28.3055, 20.5542, 12.5739, 3.75039, 2.0204, 14.7157 ], 
          [ 13.8142, 16.6043, 18.4669, 18.7217, 11.9302, 4.05106, 2.53471, 16.205, 11.969, 23.2607, 23.3708, 27.45, 20.686, 29.4079, 26.8394, 25.5586, 24.6256, 26.2377, 16.4914, 2.65606, 26.1284, 24.4409, 12.8785, 12.7378, 21.8871, 22.1048, 17.0485, 20.3127, 29.5503, 5.77498 ], 
          [ 27.4519, 25.6242, 26.6668, 27.2394, 23.1143, 11.5886, 15.0699, 19.5647, 24.2913, 21.0667, 24.2673, 2.8245, 13.0234, 17.2299, 2.98926, 1.57107, 3.32634, 20.9929, 15.427, 23.9076, 8.20976, 9.10853, 25.5218, 1.65553, 23.5288, 25.641, 1.95243, 15.9511, 21.7984, 19.3837 ], 
          [ 28.503, 20.6777, 28.1733, 2.26843, 6.6281, 25.6581, 8.12509, 11.6901, 11.2512, 27.7303, 1.19013, 13.907, 16.6606, 4.44888, 3.14312, 2.76982, 9.01919, 25.9372, 17.9611, 24.128, 26.7333, 26.7005, 28.7819, 11.7391, 21.9885, 24.2887, 18.1826, 23.037, 20.2682, 18.1333 ], 
          [ 17.8957, 10.7428, 17.2167, 19.3697, 8.2427, 25.9324, 25.6774, 14.2187, 4.60826, 7.67807, 27.1943, 6.94786, 28.6046, 18.158, 29.1606, 26.3585, 18.182, 18.5742, 5.03388, 19.8703, 12.6272, 24.6212, 28.1457, 20.1764, 19.6182, 24.4283, 17.607, 12.8693, 20.6947, 8.08823 ], 
          [ 14.3245, 24.7744, 6.43369, 19.2377, 4.71384, 24.1882, 10.7879, 22.6505, 28.0669, 2.71882, 23.151, 13.0834, 28.3666, 29.8094, 28.0783, 16.2451, 27.6362, 11.7003, 6.49366, 14.3658, 23.9459, 15.5525, 14.7739, 14.7259, 16.4392, 10.3261, 3.91908, 9.19503, 6.52303, 20.8381 ], 
          [ 16.0582, 1.16426, 28.9941, 20.4039, 16.3754, 7.71567, 15.4109, 12.7663, 19.1075, 18.2182, 25.1887, 3.55668, 3.30225, 23.9264, 15.4324, 21.8942, 26.7286, 16.0895, 9.12671, 21.6449, 19.8789, 11.556, 16.3269, 13.3347, 7.6249, 28.9988, 3.25496, 29.4059, 13.4028, 5.8344 ], 
          [ 28.779, 23.4511, 21.2582, 28.4513, 28.5486, 28.0206, 11.443, 10.5255, 2.706, 16.6795, 6.3738, 18.7774, 26.1879, 7.86895, 28.7451, 23.1911, 27.1224, 14.0006, 3.44486, 23.7513, 23.3996, 15.4649, 19.4533, 23.5758, 9.41071, 4.19023, 13.72, 13.2176, 4.46299, 28.0436 ], 
          [ 17.2845, 3.51802, 1.38586, 7.03497, 19.8236, 12.4418, 27.9686, 8.60837, 27.1486, 13.2967, 19.9377, 18.8309, 17.6071, 15.1862, 24.68, 5.30122, 9.73276, 1.49319, 9.58797, 29.4021, 10.4661, 23.1525, 27.1464, 1.67521, 9.50191, 25.07, 22.3368, 23.1193, 28.6061, 21.8704 ], 
          [ 25.8142, 28.9328, 28.3346, 2.34799, 7.20135, 29.6789, 18.0581, 22.6271, 11.8645, 17.5375, 22.6879, 26.8726, 20.0412, 29.6543, 18.7296, 14.3584, 17.1484, 29.6138, 24.2514, 16.3517, 9.56719, 10.2887, 19.2932, 7.29349, 21.1857, 21.0996, 29.1938, 29.402, 12.4673, 25.3374 ], 
          [ 25.0237, 21.5921, 24.3, 19.0114, 11.3656, 1.3514, 11.3766, 21.5794, 2.73989, 15.3573, 27.8577, 11.2543, 11.813, 25.4304, 19.0803, 1.05943, 22.2465, 22.0635, 19.2685, 6.32305, 27.2324, 5.00482, 25.5188, 22.5859, 18.4371, 29.8606, 4.6266, 3.90016, 5.21904, 16.51 ], 
          [ 4.87192, 2.56426, 13.8317, 7.82183, 26.2054, 15.9569, 10.8553, 24.0019, 1.91072, 23.9195, 10.1819, 7.57371, 5.13782, 2.31905, 5.55183, 24.8876, 4.01452, 21.7141, 23.1557, 10.1088, 29.6054, 26.8921, 2.70039, 22.198, 11.1541, 16.3876, 25.361, 28.6813, 9.65209, 1.59219 ], 
          [ 14.6103, 28.8978, 5.02754, 6.18283, 9.8504, 14.6569, 15.2317, 11.6571, 28.0438, 23.6265, 22.0045, 14.1724, 15.4579, 7.92898, 17.4678, 14.5592, 19.0688, 17.7986, 4.02651, 20.2781, 14.2556, 22.1246, 26.8554, 29.6667, 11.3031, 26.1961, 21.6168, 16.7486, 28.4768, 6.31921 ], 
          [ 21.2123, 11.3154, 14.6183, 10.0895, 9.25675, 24.4692, 9.19808, 8.29885, 10.4647, 29.1095, 6.04822, 2.80791, 9.94906, 3.65854, 22.433, 10.7974, 14.379, 28.3467, 27.9009, 13.2775, 10.0832, 13.8458, 16.6583, 4.72564, 8.87167, 18.9347, 19.594, 18.302, 20.1126, 11.8079 ], 
          [ 10.2887, 19.187, 22.1071, 5.26719, 6.06274, 27.1245, 13.9931, 23.6678, 28.4777, 9.08126, 26.0108, 5.53217, 1.20665, 27.2013, 13.3968, 19.7728, 13.7919, 10.317, 8.574, 2.21724, 18.0609, 11.1873, 25.0001, 15.6167, 18.6684, 18.6996, 16.4854, 11.6713, 11.5416, 15.5213 ], 
          [ 21.0304, 13.2648, 2.26013, 1.36207, 3.78733, 5.04403, 3.1256, 6.13561, 20.6504, 19.91, 25.7795, 2.47267, 28.9857, 11.521, 13.1115, 21.4238, 17.8514, 5.98001, 20.5842, 7.62563, 27.7865, 8.33242, 28.5264, 14.5768, 5.71524, 17.0529, 16.5912, 14.7493, 9.3404, 29.3818 ], 
          [ 20.15, 5.55436, 7.3088, 28.7839, 1.91616, 5.11463, 19.453, 23.0458, 6.36999, 17.4736, 1.93789, 19.6875, 16.0482, 21.2983, 7.45483, 28.244, 9.27756, 25.512, 21.9793, 23.926, 7.43, 21.2182, 5.70821, 7.57045, 15.6094, 4.51842, 3.19075, 19.4688, 27.1056, 19.0261 ], 
          [ 16.3745, 20.0822, 25.9118, 11.4048, 3.17656, 14.2419, 29.8984, 24.0078, 27.3637, 18.5029, 16.1774, 24.1519, 24.9001, 28.3277, 9.11012, 7.89788, 16.0534, 27.9689, 8.64035, 6.53243, 12.0431, 28.791, 28.1375, 2.39171, 7.10228, 5.22164, 7.10386, 9.46743, 3.14311, 14.9847 ], 
          [ 11.5702, 3.00521, 3.17077, 23.9095, 27.1762, 20.0344, 11.4624, 13.1911, 22.5813, 7.03789, 10.3333, 28.396, 6.64128, 22.0323, 15.1888, 24.672, 15.6331, 8.58334, 10.7725, 3.31722, 13.8512, 21.845, 8.47443, 18.9146, 21.93, 13.76, 26.7448, 12.5613, 1.81755, 14.5201 ], 
          [ 14.1747, 29.3909, 24.1376, 7.67132, 12.5285, 7.66731, 9.62439, 14.2604, 12.614, 6.7401, 26.981, 18.7732, 7.93717, 26.8822, 15.3413, 23.7596, 7.41554, 16.5888, 1.85045, 27.933, 20.5112, 6.00326, 20.7135, 16.56, 18.7379, 20.5016, 15.854, 6.6319, 3.00117, 28.9999 ], 
          [ 16.3098, 28.6944, 27.8769, 9.20603, 16.0076, 12.4896, 5.85958, 18.678, 24.9898, 29.8177, 25.3369, 13.9225, 28.8573, 17.5073, 16.5171, 17.2918, 11.0122, 27.4754, 5.47328, 26.6918, 24.4019, 19.2605, 9.8413, 23.111, 11.5035, 24.0403, 5.82538, 27.542, 22.3174, 26.8529 ]
        ]
      ];
r = [
        [69340,66986.9,66079,81966.7,55801.4,72367.4,54983,77175.3,57646.2,81249.8,53602.6,52661.3,62524.5,66191,59126.2,80027.9,69707.2,62080,54532.4,59260.8,70631.1,80119.4,61069.3,78953.2,73847,80466.6,52433.3,81259.4,69527.9,61767 ], 
        [72431.6,58463.5,70910.5,68647,54713.3,56480.9,66594.7,58936.8,71785.3,59398.6,50983.6,64397.3,73479,67187.8,64571.6,64242.7,62798.6,70680.4,79698.5,64492.9,74677.1,65038,70887,59907.3,50828.2,70935.4,55692.9,77771.1,71230.1,79856.8 ]
     ];
d = [
        [63631.5,6851.38,9276.94,46468.6,88449.3,85606.6,23165.5,81921,61099.9,1884.79,87306.6,42291.9,46638.9,60641.5,75704.4,4536.38,16438.6,79546.2,66161.3,86005.6,59036.1,26936.2,46568.3,2242.67,16965.4,25826.6,3031.14,65861.8,83427.3,8308.86,40420.6,65475.8,73797.8,18268.3,50925.1,10865.6,33900,18599.8,64196.2,82298.2,86291,11307.2,31634,17262.9,7147.3,31209.9,58092.9,52954.3,43798.6,36541.3,19554.8,44916.2,77548.3,51429.2,43286.2,65112.5,24159.7,20938.2,78275.1,86182.9,8805.44,81134.7,28124.3,50866,75179,5288.03,9924.09,89421.8,1276.99,16829.8 ], 
        [50395.2,2975,86532.2,68447.1,18494.4,62902,47239.4,34913.2,20366.9,53531.7,31900.5,83158.4,41693,60533.5,35776.9,29873.7,37735.2,55383.3,73637.5,76649.6,3534.42,79578.6,70493,29284.9,49324,83108.8,20273.8,65713.2,16168.6,45917.8,15092.8,47585.7,4597.67,60339.5,69179.2,78614.8,66255.1,36624.4,38056.8,20279.9,7684.65,82876.8,2576.79,76896.2,18040.9,2696.35,62415.8,50053.4,74007.6,53791.2,78093.5,69729.9,76674.2,86776.3,48293.2,27159.3,82162.6,37478.1,4556.6,86397.3,89667.1,8065.15,85452.9,7691.52,37335.3,81242.4,72430.9,25092.7,79020.9,43529.9 ]
     ];
