/***************************************
* STOCHASTIC OPTIMITZATION
* OPL S2FVPP Data Generator
* by Jordi Mateo Fornes
* Model = S2FVPP; Stochastic (2S) MIP 0-1;
* Representation = Compact Representation;
****************************************/
I = 100;
P = 30;
C = 70;
G = 2;
p = [ 0.01, 0.01 ];
pc = 0.02;
ORCHARDS = { 1, 2, 3, 4, 5, 6, 7, 8, 9, 10, 11, 12, 13, 14, 15, 16, 17, 18, 19, 20, 21, 22, 23, 24, 25, 26, 27, 28, 29, 30 };
CUSTOMERS = { c1, c2, c3, c4, c5, c6, c7, c8, c9, c10, c11, c12, c13, c14, c15, c16, c17, c18, c19, c20, c21, c22, c23, c24, c25, c26, c27, c28, c29, c30, c31, c32, c33, c34, c35, c36, c37, c38, c39, c40, c41, c42, c43, c44, c45, c46, c47, c48, c49, c50, c51, c52, c53, c54, c55, c56, c57, c58, c59, c60, c61, c62, c63, c64, c65, c66, c67, c68, c69, c70 };
CGV = [ 12.3627, 25.4853, 10.2329, 20.683, 21.6957, 11.0756, 12.6637, 23.7192, 29.747, 24.3349, 1.6333, 4.32544, 17.4201, 25.5003, 10.542, 10.3069, 6.75382, 6.70016, 11.987, 21.4619, 7.0354, 11.8772, 18.5623, 13.2509, 13.4674, 27.7698, 8.32329, 29.4574, 27.4332, 21.3173 ]; 
s = [ 2.84972, 2.63639, 2.93451, 0.881518, 0.485698, 0.306994, 0.525129, 0.687612, 1.28742, 1.62071, 1.89602, 2.57658, 2.98629, 1.68668, 1.96442, 1.15665, 2.91276, 1.99352, 2.48752, 0.680003, 0.552075, 2.98777, 0.270194, 1.38969, 0.820449, 1.419, 0.795921, 2.74378, 2.73897, 28.9432 ]; 
CSV = [
        [
          [ 26.071, 8.6098, 4.4671, 5.56462, 21.0846, 12.7392, 26.9011, 23.3387, 28.2338, 2.79809, 29.1343, 11.2406, 29.5838, 9.94988, 18.1673, 12.642, 8.3145, 14.8845, 13.8523, 7.25426, 28.9908, 18.021, 2.45178, 9.42508, 11.4712, 29.7597, 11.1346, 18.2079, 8.04732, 13.3498 ], 
          [ 20.0735, 27.0899, 18.4717, 1.71258, 16.7033, 18.0163, 24.5946, 5.45194, 2.51524, 9.19139, 8.40713, 23.6095, 1.44978, 15.4786, 6.73639, 3.14623, 6.45979, 25.7356, 4.60911, 15.9429, 3.13193, 16.4067, 2.3955, 22.1531, 3.4807, 28.6565, 23.1253, 21.7988, 10.8023, 5.67773 ], 
          [ 20.0623, 8.55723, 10.3317, 11.2105, 17.5564, 10.942, 18.1679, 11.8042, 10.9436, 25.0082, 22.4466, 16.6861, 27.8993, 22.1837, 6.46231, 16.7386, 26.8988, 16.6912, 3.17772, 25.3001, 11.6283, 15.5683, 28.6547, 4.69142, 25.6724, 1.99815, 17.5436, 29.8274, 23.5889, 11.9589 ], 
          [ 29.6539, 10.6212, 28.496, 9.2095, 6.05781, 28.6647, 12.8163, 4.07958, 21.3419, 14.1294, 17.4036, 11.1674, 23.3783, 9.68631, 23.4463, 10.6372, 25.9573, 4.72024, 15.3655, 4.76503, 15.8696, 27.3687, 26.0524, 21.3702, 27.9906, 5.59706, 29.9976, 29.9401, 25.6644, 11.5544 ], 
          [ 11.1194, 19.1243, 15.3336, 6.18667, 13.3813, 23.3433, 16.0188, 11.8532, 3.14772, 24.2467, 8.20995, 9.23749, 20.8395, 8.39289, 11.7466, 9.50084, 2.35035, 3.11913, 8.90204, 3.47091, 28.0376, 19.9097, 29.1185, 27.5529, 18.2535, 2.98935, 1.17199, 26.4709, 25.5577, 27.0797 ], 
          [ 12.7079, 26.5769, 26.5422, 20.3859, 24.664, 15.2514, 14.2385, 1.27779, 21.0787, 9.23496, 8.08297, 1.4869, 1.57388, 9.60964, 6.03117, 6.58682, 14.0096, 24.8888, 12.5781, 20.2284, 3.83252, 6.39027, 1.53042, 24.2134, 16.9623, 16.9702, 15.2409, 22.1744, 10.7161, 2.03773 ], 
          [ 29.4575, 12.4761, 2.44926, 22.7357, 10.7254, 20.138, 8.57782, 16.0734, 10.5123, 7.85401, 27.2351, 15.9608, 19.6014, 10.3708, 10.1936, 1.71694, 1.22601, 19.5524, 16.9321, 15.7924, 1.13106, 13.07, 3.51932, 6.63748, 29.5316, 15.0845, 9.80118, 28.7692, 8.89458, 8.51082 ], 
          [ 2.64438, 14.1015, 27.4436, 17.0117, 8.63575, 20.5762, 24.1552, 10.7546, 18.1564, 10.2061, 29.139, 21.5196, 23.8011, 27.3973, 8.65772, 6.89222, 7.75014, 24.3672, 6.97025, 14.0745, 19.7158, 12.776, 20.9673, 28.3952, 1.26847, 7.99314, 18.4357, 7.49183, 17.243, 13.0605 ], 
          [ 10.4501, 26.0086, 2.60852, 14.3164, 16.6391, 3.7957, 23.2698, 12.7196, 24.2581, 9.89961, 8.76348, 2.54872, 22.6937, 24.4014, 7.95335, 29.5325, 11.0583, 4.51779, 1.44399, 14.0753, 21.4908, 26.5133, 18.1713, 15.7983, 19.4493, 4.66846, 6.62818, 1.80723, 18.9763, 22.2039 ], 
          [ 15.9974, 17.3823, 26.3406, 29.2366, 8.14453, 20.1805, 15.8648, 1.24345, 22.426, 5.94596, 5.91399, 2.19112, 2.47781, 20.9023, 23.9587, 9.54775, 2.95222, 17.546, 13.9231, 23.3178, 18.162, 12.6197, 25.4682, 20.8599, 18.858, 5.87281, 16.901, 18.8983, 8.24494, 24.8346 ], 
          [ 27.1066, 16.3644, 15.1577, 11.1235, 18.7881, 26.7666, 15.5334, 16.5438, 15.3273, 29.5611, 20.618, 13.8736, 18.4258, 10.9106, 23.1261, 2.10775, 4.38, 1.20367, 17.2212, 10.2553, 7.52902, 8.33138, 11.4048, 13.2596, 21.1178, 8.73859, 22.3366, 8.62916, 9.59734, 2.13915 ], 
          [ 8.12421, 19.0719, 10.9474, 8.56522, 22.0764, 24.1616, 11.4208, 22.005, 12.1108, 19.3493, 4.77092, 15.8759, 19.2726, 8.69662, 7.7075, 9.42282, 15.8546, 26.872, 16.3595, 17.9072, 12.2194, 3.7837, 1.43531, 17.5966, 10.0193, 29.3076, 4.71433, 2.14191, 9.19767, 24.6401 ], 
          [ 24.3818, 13.7751, 3.00243, 23.6749, 21.8999, 3.10875, 12.8148, 29.2757, 6.96696, 4.33458, 20.5958, 4.02759, 12.9999, 16.987, 8.78841, 9.38685, 6.19407, 23.9381, 23.1766, 17.45, 13.478, 29.2121, 9.94377, 8.30187, 23.2461, 19.0144, 20.5838, 11.097, 15.5294, 20.5639 ], 
          [ 23.7049, 26.2136, 12.1786, 16.2777, 4.53948, 13.8051, 7.28538, 12.6422, 14.3536, 29.8631, 13.388, 2.82131, 14.0206, 6.02288, 29.6404, 4.62545, 16.2031, 2.64736, 8.58645, 27.7052, 16.5871, 11.3471, 21.2766, 15.4013, 9.70096, 6.69777, 15.7117, 23.9108, 9.73712, 10.0474 ], 
          [ 23.9568, 6.24702, 6.75155, 5.56086, 14.2825, 1.97636, 27.4413, 12.2754, 24.2157, 27.3482, 18.657, 26.3727, 17.9669, 13.261, 10.0216, 1.82428, 15.4242, 13.9812, 6.30211, 27.6927, 28.7517, 19.7988, 13.6086, 27.9029, 20.5118, 3.06364, 5.18389, 13.6583, 14.0877, 22.2532 ], 
          [ 12.8146, 16.3277, 29.255, 16.6405, 29.2026, 5.09326, 22.12, 3.85643, 12.8566, 5.43388, 18.1118, 14.3159, 19.8284, 25.2945, 28.5253, 20.0062, 16.139, 6.94378, 9.94399, 5.89081, 18.7808, 24.1611, 26.901, 24.7248, 25.1504, 24.2461, 16.6669, 21.3713, 18.6813, 28.6273 ], 
          [ 4.58165, 18.9183, 5.55777, 22.8474, 6.16596, 15.774, 12.6851, 20.7745, 9.31849, 14.8361, 14.6173, 11.1537, 27.7703, 5.94963, 2.58844, 3.09672, 29.1971, 2.61885, 28.172, 8.30456, 8.65382, 9.85746, 2.06279, 4.41191, 18.7443, 29.4012, 26.1475, 25.1249, 21.5514, 23.7564 ], 
          [ 28.5498, 26.2035, 26.7861, 28.8816, 9.512, 13.4507, 2.97892, 13.0369, 19.0627, 10.9059, 26.8255, 20.3636, 6.8023, 29.9658, 7.334, 10.3833, 1.17867, 29.104, 15.1437, 28.6263, 29.8334, 7.6448, 11.1349, 11.9469, 14.5523, 26.1738, 11.358, 22.5885, 27.2267, 8.12563 ], 
          [ 5.01745, 17.3032, 20.9652, 10.9626, 17.9732, 13.9688, 1.39767, 16.2788, 26.5625, 21.872, 13.5869, 29.2834, 3.09838, 15.513, 25.5952, 9.54213, 14.2457, 5.87076, 29.0172, 16.04, 22.6681, 9.32578, 14.2729, 15.3196, 13.0613, 8.15375, 24.091, 25.7254, 7.94056, 14.0358 ], 
          [ 26.9916, 14.0468, 18.3702, 22.5778, 21.967, 6.75049, 9.47262, 20.7133, 2.26212, 4.42433, 23.139, 7.1469, 13.0191, 1.83133, 23.5459, 10.9364, 5.32374, 2.10987, 25.6118, 16.7485, 12.0908, 14.7257, 22.7156, 13.8724, 25.5996, 21.1652, 14.157, 12.2856, 16.6415, 17.169 ], 
          [ 4.61646, 21.9349, 6.27965, 1.74445, 25.1488, 27.9678, 26.466, 27.7774, 28.8299, 1.91774, 16.9343, 13.6876, 16.8215, 8.73467, 22.7926, 23.2613, 28.0604, 9.52206, 1.48388, 6.13186, 24.8032, 23.6454, 7.32654, 25.2142, 4.57855, 19.4258, 13.3602, 14.6494, 9.09082, 18.5141 ], 
          [ 26.5004, 20.5645, 15.4394, 5.18879, 10.8988, 1.15299, 3.52345, 27.6005, 20.3191, 13.9794, 8.02522, 18.0656, 27.7002, 21.6499, 16.3883, 25.328, 29.5152, 28.154, 10.9343, 29.6702, 11.8538, 22.6076, 18.704, 2.17111, 14.3263, 20.9494, 26.902, 7.26369, 18.6183, 13.7282 ], 
          [ 11.415, 19.1803, 25.2198, 6.29558, 4.60418, 4.78476, 1.2123, 11.4782, 6.50287, 21.8995, 26.9984, 3.03734, 20.9611, 13.0586, 16.4222, 11.2666, 18.315, 19.5474, 19.7478, 12.7196, 12.1085, 18.5937, 2.8707, 15.3211, 24.7711, 17.162, 23.7911, 28.0901, 21.8612, 27.5571 ], 
          [ 7.37896, 17.6985, 14.9956, 22.6477, 21.7337, 16.4867, 8.32042, 28.2542, 12.9611, 4.33888, 2.19647, 8.14891, 7.42921, 10.0804, 19.9633, 27.0675, 15.4256, 16.3798, 13.6691, 3.37783, 20.8091, 24.3465, 13.2936, 13.7422, 22.474, 26.5107, 26.7764, 13.0381, 17.6493, 16.7307 ], 
          [ 15.5806, 4.35316, 28.5312, 22.6016, 24.4336, 18.0429, 27.0361, 18.8524, 19.8115, 5.60899, 25.695, 23.0315, 6.21306, 7.99383, 5.36682, 12.9325, 18.9876, 29.3174, 21.5387, 2.26703, 5.35338, 14.6413, 27.3802, 11.3643, 13.9689, 22.324, 25.2541, 27.7207, 17.2594, 21.2066 ], 
          [ 9.92128, 27.6253, 12.3841, 27.6406, 13.0481, 23.8338, 19.5718, 4.25853, 19.1679, 18.4104, 24.0445, 15.722, 20.4325, 23.5166, 12.526, 23.225, 16.9926, 26.7126, 18.6473, 23.7073, 24.9989, 2.99639, 29.9642, 14.6335, 25.8067, 26.6656, 18.9389, 9.75274, 25.2261, 18.4626 ], 
          [ 16.9341, 14.7933, 16.6666, 16.8198, 1.17947, 4.49436, 22.7479, 3.33049, 7.66451, 20.8619, 13.5908, 16.4319, 20.2313, 24.9606, 13.3114, 13.9563, 18.3347, 7.16257, 4.86124, 25.4827, 6.0281, 4.78105, 17.8667, 26.6349, 5.05776, 6.57874, 6.88678, 6.20201, 23.8616, 12.2196 ], 
          [ 28.9112, 5.96944, 25.3859, 20.2764, 8.00034, 10.2342, 12.3399, 27.5234, 5.39747, 4.86312, 19.2238, 11.8997, 7.13482, 6.90748, 19.0123, 1.31692, 8.42201, 6.75769, 7.79171, 7.86419, 6.80642, 18.6585, 9.63133, 7.41209, 21.4086, 13.9154, 23.1242, 18.5812, 12.4607, 3.8472 ], 
          [ 26.3462, 27.2905, 10.776, 11.8807, 3.66859, 21.5625, 18.3637, 9.04345, 19.1166, 26.0249, 25.2328, 19.09, 19.7089, 14.4988, 25.039, 27.3315, 6.43303, 24.7527, 24.7553, 14.6534, 21.6844, 11.154, 7.68607, 1.77546, 9.32533, 10.0198, 16.6994, 27.2155, 21.3398, 26.8207 ], 
          [ 1.45845, 12.0834, 27.0718, 25.7387, 27.0446, 29.352, 15.87, 3.04088, 25.2056, 12.1196, 24.2428, 1.95764, 21.4978, 26.6338, 2.73186, 10.5369, 16.6913, 11.0528, 28.8309, 19.5245, 14.6157, 29.1705, 7.42916, 28.3678, 11.3541, 5.10006, 14.3309, 22.7436, 10.5328, 12.1559 ], 
          [ 28.3864, 11.9825, 10.6715, 9.97757, 14.4991, 28.1053, 1.11527, 16.5831, 4.47233, 28.1886, 1.45185, 1.72947, 22.1628, 4.27188, 12.8897, 28.706, 21.9402, 26.5841, 24.3677, 26.5063, 16.202, 15.393, 1.26533, 12.3106, 25.9127, 1.67985, 22.0188, 29.1487, 24.9307, 15.5275 ], 
          [ 14.4419, 17.0633, 2.46842, 17.6185, 29.3775, 6.62736, 4.01826, 14.9713, 18.4435, 3.30034, 1.23606, 24.3408, 11.0178, 7.28815, 17.8677, 27.8731, 23.0645, 13.6134, 9.52307, 9.41956, 1.08543, 13.9659, 24.9071, 15.739, 25.5028, 15.7555, 10.1201, 10.6771, 19.1632, 26.2727 ], 
          [ 17.6766, 28.452, 29.6287, 28.7796, 23.3444, 26.1807, 6.65697, 8.10945, 9.13449, 23.4044, 26.4741, 2.37775, 12.2987, 24.9946, 3.69342, 4.204, 4.39862, 5.5559, 2.95834, 1.83777, 7.18935, 25.0732, 29.2209, 20.6559, 7.42815, 14.4457, 18.0696, 21.423, 22.3195, 21.9277 ], 
          [ 14.6318, 14.0641, 24.6872, 23.6857, 23.6617, 6.56968, 27.1521, 14.5431, 13.9138, 27.0273, 7.6505, 10.6947, 8.56017, 26.5103, 12.0557, 27.1515, 8.22604, 13.6223, 4.54863, 14.5569, 12.0547, 5.16208, 6.71551, 28.6804, 4.50692, 25.977, 26.1986, 16.0461, 13.9088, 12.6804 ], 
          [ 23.1232, 6.38647, 10.7832, 22.1925, 11.159, 24.6038, 6.1883, 26.2333, 25.2067, 26.5143, 19.2942, 21.3661, 2.6379, 14.5955, 9.26018, 21.8266, 9.3757, 2.04257, 5.16666, 26.1367, 10.8661, 20.2954, 25.3751, 12.1809, 28.7193, 23.2313, 21.4488, 6.55824, 13.4698, 23.6776 ], 
          [ 4.70766, 10.1361, 22.2982, 6.41727, 18.2781, 7.5938, 13.7421, 24.8942, 29.2286, 29.5573, 13.3932, 2.53772, 6.90527, 5.44594, 1.68877, 9.03147, 11.8802, 4.26959, 11.2569, 20.9709, 18.4483, 3.89733, 25.3004, 13.9273, 26.7437, 29.9434, 14.2258, 12.9713, 25.9361, 17.4487 ], 
          [ 10.2021, 16.0103, 2.32154, 17.0592, 11.1658, 19.6668, 26.619, 17.6786, 4.35769, 8.61263, 24.5574, 6.64454, 16.0204, 9.07485, 24.0147, 17.7595, 28.1016, 11.7679, 23.3576, 3.00837, 18.8634, 14.8042, 9.07929, 2.15201, 15.1092, 1.48959, 14.0112, 18.3703, 29.6419, 15.4943 ], 
          [ 8.69151, 11.1898, 10.9846, 20.5454, 9.25339, 9.96305, 10.4448, 11.1608, 7.9706, 11.6874, 5.84336, 21.3544, 19.3542, 15.2442, 16.656, 14.6327, 14.3868, 16.6766, 2.45992, 21.677, 17.3316, 19.5218, 2.79883, 23.8906, 19.0182, 15.5538, 1.52683, 2.04524, 27.6372, 11.5794 ], 
          [ 18.6462, 3.80434, 2.59589, 25.5754, 10.9122, 1.60138, 12.6959, 25.0201, 28.5699, 9.51632, 19.4757, 13.9897, 18.8319, 18.8661, 12.4568, 8.9896, 3.9015, 25.27, 15.322, 1.69195, 27.0519, 3.18515, 13.9264, 3.20135, 19.711, 24.7059, 1.21428, 8.0552, 19.2805, 15.7113 ], 
          [ 10.3403, 26.6769, 2.60961, 1.25321, 23.9874, 26.2414, 1.70666, 11.6078, 28.2937, 1.84145, 19.6411, 24.1028, 17.5845, 22.0135, 29.6092, 26.69, 3.96854, 19.1217, 25.773, 22.8061, 26.3287, 2.13979, 20.599, 14.1258, 15.0341, 5.42744, 17.0482, 2.78438, 16.1016, 25.4829 ], 
          [ 24.9325, 3.30766, 14.8726, 6.14147, 14.5596, 14.6703, 23.0271, 23.1872, 2.18703, 25.3595, 22.9977, 17.3299, 15.343, 16.1771, 12.1618, 16.3193, 20.2506, 18.139, 21.4878, 18.2422, 10.1319, 18.7217, 6.46819, 6.85321, 3.03581, 17.0573, 25.296, 17.2859, 25.0042, 13.7221 ], 
          [ 23.1671, 22.698, 15.2233, 23.167, 5.36942, 6.54988, 21.558, 10.7591, 8.13944, 10.7676, 27.3622, 23.2615, 18.2315, 22.2415, 28.9613, 28.2756, 21.9284, 11.9535, 14.5148, 22.4866, 10.9635, 3.8494, 5.34449, 15.5344, 23.7492, 21.5737, 18.4484, 25.7862, 17.0331, 27.6661 ], 
          [ 11.3893, 5.84536, 2.33015, 15.0655, 9.46918, 11.2118, 8.99109, 5.5582, 4.91865, 21.3844, 8.36423, 12.543, 4.01252, 21.2571, 14.8322, 9.77193, 28.5945, 3.28745, 12.7852, 23.8292, 6.98962, 17.9347, 16.3988, 28.0203, 7.34964, 27.3255, 5.60656, 24.5928, 28.2284, 24.3135 ], 
          [ 2.49148, 16.6464, 19.398, 2.52657, 28.166, 27.2115, 9.83396, 12.2159, 3.43361, 23.3853, 24.999, 7.37896, 4.79325, 13.0926, 6.24081, 24.6124, 16.2334, 17.0299, 2.76225, 21.241, 18.2689, 28.3598, 28.4987, 22.3364, 29.5843, 7.80757, 29.7624, 3.8041, 5.48591, 14.6063 ], 
          [ 10.074, 9.99514, 19.8302, 26.4334, 22.5346, 19.5609, 26.2624, 27.9332, 12.9157, 14.9579, 29.3735, 22.7854, 22.6906, 19.1692, 7.94006, 18.8234, 15.7797, 14.5873, 14.2632, 28.7282, 9.92647, 4.20737, 21.9483, 25.9616, 19.4276, 10.8705, 17.2543, 27.0874, 21.3509, 3.01546 ], 
          [ 24.2836, 27.3837, 24.1506, 21.1952, 2.75419, 20.8502, 25.6715, 10.9375, 10.5879, 19.204, 16.0267, 7.2726, 22.1241, 15.8258, 1.97573, 2.26264, 18.2661, 5.01832, 20.0199, 9.19617, 14.4724, 27.6704, 17.1122, 26.9345, 20.6809, 5.88598, 3.37354, 27.3564, 5.21463, 25.4521 ], 
          [ 24.5679, 7.26494, 11.2124, 9.42333, 8.07886, 15.8377, 20.929, 2.91208, 21.3399, 14.4182, 7.83851, 16.6104, 21.7155, 23.4671, 24.7821, 29.9631, 5.08667, 7.27119, 27.1332, 8.43527, 28.2257, 12.8333, 7.27574, 4.84601, 7.03945, 24.9397, 12.929, 23.0109, 27.8439, 19.4726 ], 
          [ 2.38843, 9.26969, 20.5185, 16.2089, 14.0176, 3.6828, 20.5256, 6.62205, 6.5352, 18.3218, 29.203, 15.3335, 3.65748, 10.0232, 23.2934, 19.5367, 1.99562, 27.1757, 7.4834, 8.73835, 7.38828, 13.3186, 20.8326, 23.7022, 18.8209, 27.2552, 9.87553, 22.0876, 26.5641, 16.7351 ], 
          [ 13.9411, 13.0335, 6.65381, 16.6851, 9.74909, 13.2778, 12.3023, 17.311, 9.07375, 16.8963, 15.6081, 13.4711, 4.41876, 29.806, 16.5811, 19.0017, 2.66314, 24.2724, 15.1203, 23.1719, 28.9901, 15.122, 21.3643, 17.2808, 3.3365, 4.31352, 20.1806, 20.1121, 26.9561, 16.5707 ], 
          [ 1.57987, 15.3846, 27.6808, 9.13803, 26.3136, 14.3985, 9.22774, 14.0574, 12.2024, 7.68784, 29.7735, 9.40704, 3.41906, 4.26948, 2.17253, 15.1675, 5.96826, 23.0454, 27.7696, 9.1069, 15.7033, 9.6058, 27.6304, 14.1932, 11.4315, 17.569, 2.45429, 4.1419, 2.08787, 21.7097 ], 
          [ 8.53988, 3.32515, 24.3367, 2.32953, 3.0842, 24.4458, 20.1314, 26.2215, 10.0518, 15.5282, 20.2592, 24.5255, 14.3638, 29.0372, 23.9356, 20.3861, 6.8086, 22.6862, 27.1942, 3.4462, 1.65037, 29.7933, 3.87487, 25.2733, 12.9432, 29.6086, 11.9165, 1.43432, 4.67706, 17.8472 ], 
          [ 19.1478, 15.1429, 3.3895, 20.964, 11.6557, 6.27999, 29.6725, 2.86007, 12.2422, 6.67865, 17.7092, 4.93621, 2.20056, 24.6677, 12.1826, 17.4982, 24.7344, 5.88702, 7.12634, 23.2561, 3.60132, 25.1888, 29.9397, 11.2629, 23.8131, 17.2582, 6.99959, 5.93884, 26.6217, 22.3907 ], 
          [ 13.169, 8.33936, 18.5992, 25.9902, 7.58655, 11.3118, 3.73329, 2.66051, 8.36244, 1.3355, 28.5923, 22.5602, 5.76172, 15.2205, 12.7263, 14.1674, 5.85276, 14.7312, 17.1172, 1.38193, 19.1162, 24.6285, 12.7822, 1.9771, 23.16, 2.81042, 22.7664, 8.18336, 28.8172, 19.8344 ], 
          [ 27.7991, 3.68471, 20.6913, 21.449, 20.9685, 24.7685, 5.53564, 25.034, 10.4346, 10.2839, 14.1196, 5.53237, 17.1583, 8.21059, 1.48541, 4.52282, 29.5878, 2.80548, 24.8409, 19.9784, 8.97854, 14.8461, 3.52314, 6.51521, 9.50987, 20.8814, 21.7836, 15.7502, 10.2639, 26.0497 ], 
          [ 11.462, 22.588, 11.0363, 17.5722, 16.1158, 15.3354, 29.9111, 10.2741, 15.5527, 19.2818, 13.8326, 14.4784, 23.0149, 25.3967, 14.4943, 19.7822, 21.5154, 6.30603, 28.0077, 5.76797, 17.3544, 19.3741, 11.0065, 17.7055, 8.53391, 13.7003, 29.1903, 7.81259, 10.0954, 13.5966 ], 
          [ 3.59463, 21.4372, 13.216, 15.5463, 7.66531, 9.11213, 6.53052, 16.836, 18.2926, 24.4626, 28.4547, 24.0318, 19.4634, 29.5027, 25.3115, 28.3242, 21.57, 13.9896, 25.4849, 21.8316, 29.6844, 5.59701, 19.5571, 4.73628, 5.93878, 16.8062, 14.2938, 3.60696, 27.5209, 20.3863 ], 
          [ 8.11685, 13.7603, 24.313, 28.8322, 29.6893, 24.8733, 15.4828, 2.40703, 8.46201, 27.9794, 24.7368, 23.5131, 12.3982, 27.3865, 2.96609, 6.69153, 21.217, 26.7035, 1.33177, 19.1142, 20.3116, 3.59029, 4.5834, 25.5709, 25.1312, 10.185, 17.9104, 13.021, 29.6417, 3.55868 ], 
          [ 14.9308, 1.74718, 3.57686, 17.6199, 18.841, 5.57496, 7.09411, 7.27102, 11.9019, 4.29435, 6.67831, 13.6313, 2.78745, 10.6057, 6.83575, 8.16969, 23.2369, 8.0344, 18.9834, 1.68851, 29.4931, 29.0598, 18.8864, 21.8441, 7.91949, 3.87497, 1.85059, 22.58, 23.9535, 3.77341 ], 
          [ 17.6928, 25.8563, 27.5607, 20.0329, 4.26209, 1.46203, 14.5336, 25.1081, 8.74858, 6.18321, 12.6883, 23.4304, 20.2337, 12.1751, 28.7766, 15.4, 16.3667, 10.4568, 14.0383, 20.6144, 14.8297, 29.5824, 1.88779, 10.6548, 7.1617, 1.4542, 8.89962, 21.1795, 12.1721, 14.2516 ], 
          [ 10.2505, 26.4977, 18.2156, 11.7671, 19.1886, 22.0294, 25.9237, 15.7193, 27.5171, 1.30951, 10.7704, 8.82752, 22.7673, 3.36072, 9.99539, 24.2519, 6.03132, 14.1236, 9.30372, 4.56125, 3.42392, 26.6455, 3.74319, 24.4172, 6.33979, 1.20432, 4.42986, 26.3137, 12.2858, 23.644 ], 
          [ 28.4912, 13.5394, 10.6332, 13.0209, 19.2174, 1.99231, 26.5163, 14.1268, 5.31288, 24.3097, 10.1123, 11.7797, 25.9502, 4.95428, 4.67911, 11.5613, 4.95695, 13.6448, 28.884, 25.4053, 28.9029, 4.3166, 13.8682, 22.249, 3.46769, 17.4604, 4.30996, 7.36968, 4.58206, 4.09386 ], 
          [ 11.0475, 1.98037, 21.7084, 8.75569, 5.23885, 29.3451, 25.8271, 27.1438, 8.53677, 20.4971, 18.9367, 21.4471, 6.38091, 17.6317, 10.8969, 8.96941, 19.9999, 4.78845, 2.82986, 6.66104, 9.47602, 3.87085, 21.3413, 25.5338, 19.8423, 17.1561, 16.66, 16.0401, 12.0645, 1.35676 ], 
          [ 18.5745, 10.3519, 15.3943, 19.815, 1.76708, 6.4387, 16.9256, 29.656, 1.95124, 29.9023, 16.7099, 1.41583, 5.66989, 18.6965, 9.60498, 14.1748, 10.8768, 7.90901, 18.1039, 13.1678, 18.4614, 3.74491, 21.9746, 23.6847, 3.52111, 20.9039, 7.6555, 9.61719, 28.6651, 19.0959 ], 
          [ 26.7747, 15.3038, 5.66044, 26.5498, 22.3785, 9.89576, 15.185, 7.24806, 29.3961, 26.57, 10.3967, 4.59983, 21.4713, 1.94891, 23.7246, 6.96693, 20.2987, 25.2025, 16.2702, 19.9146, 13.0157, 2.09085, 23.5517, 22.9978, 13.3584, 2.07573, 2.43148, 7.83749, 21.9882, 3.77305 ], 
          [ 25.074, 15.6614, 2.51974, 6.51689, 26.7, 23.5925, 7.83775, 1.60728, 7.88976, 16.137, 6.31085, 20.5627, 14.4964, 15.9147, 11.8699, 13.9756, 17.1112, 4.23941, 9.76698, 5.10076, 17.1654, 6.17223, 28.3084, 26.1817, 18.4027, 2.73761, 29.6832, 26.517, 19.2346, 3.33169 ], 
          [ 13.2045, 21.4014, 13.4047, 27.2656, 16.4041, 6.07289, 6.1669, 1.93146, 14.7186, 16.0807, 29.8077, 5.17403, 27.6083, 20.3097, 12.4399, 13.2749, 16.2852, 16.5914, 11.1952, 27.4336, 26.9265, 17.5179, 19.4553, 1.05531, 5.38024, 10.8209, 4.69944, 15.678, 26.798, 10.6814 ], 
          [ 11.4266, 8.8094, 10.4026, 27.9128, 6.71333, 27.5956, 21.6226, 5.12601, 1.16793, 28.9289, 26.9609, 11.2267, 14.8808, 1.16383, 29.5481, 24.3582, 5.66252, 3.48331, 24.3649, 18.4295, 14.7253, 25.229, 3.48408, 29.2142, 15.9218, 13.2696, 25.6802, 20.5727, 28.1041, 28.7835 ], 
          [ 7.98747, 5.67312, 3.68009, 5.39762, 9.91065, 29.515, 10.4589, 14.6804, 8.24818, 14.1517, 10.1208, 12.6951, 23.3758, 8.32276, 12.6628, 28.0366, 28.527, 8.56369, 20.0169, 9.61748, 2.76594, 13.0222, 26.0911, 15.4959, 4.68766, 6.14661, 26.6024, 22.5048, 16.2071, 17.1913 ], 
          [ 17.6312, 15.2908, 19.1146, 25.8755, 5.04334, 6.9678, 20.3901, 7.72785, 8.54571, 28.6384, 27.1774, 29.0469, 17.026, 12.9739, 1.93738, 17.8891, 11.2884, 27.3995, 12.4685, 11.4561, 25.9835, 14.699, 4.95125, 7.60963, 8.53532, 9.8904, 27.0148, 10.4123, 28.7838, 27.6567 ], 
          [ 13.0494, 19.1276, 1.47021, 20.2595, 21.4532, 3.47638, 12.2409, 17.1045, 19.949, 10.9781, 6.02777, 15.3818, 10.3819, 11.9827, 28.9355, 10.3459, 24.8369, 19.4275, 8.87193, 26.8281, 19.6299, 13.0533, 3.50478, 9.35602, 12.6177, 8.97726, 12.0583, 2.13948, 11.129, 10.6506 ]
        ], 
        [
          [ 28.0794, 4.26596, 12.9795, 10.1497, 21.4803, 15.7382, 22.0596, 9.85741, 13.492, 18.8494, 29.0958, 2.08074, 12.7624, 5.11614, 18.6504, 24.2077, 16.5215, 14.482, 22.1886, 23.1441, 27.0611, 24.3444, 24.7503, 2.63432, 8.56743, 5.59956, 19.736, 21.5508, 26.3876, 13.3591 ], 
          [ 15.084, 25.8711, 14.8672, 17.1249, 2.99162, 22.13, 2.43796, 24.5722, 17.4574, 11.2257, 29.4898, 6.15248, 17.2968, 28.1812, 7.02979, 18.3482, 23.2613, 18.7076, 20.3533, 22.9191, 3.89659, 19.7907, 23.5992, 3.06306, 20.2169, 7.5013, 1.63445, 22.8214, 5.64269, 4.19844 ], 
          [ 17.0973, 29.8887, 23.1622, 28.3104, 14.2877, 3.47254, 24.8855, 27.8113, 8.4348, 14.8974, 6.66206, 16.8774, 14.8525, 10.7545, 24.648, 28.5789, 6.00702, 15.6536, 29.4736, 20.0513, 24.9384, 21.8926, 20.6639, 10.7218, 23.3666, 20.7384, 10.3631, 20.4313, 29.0875, 12.865 ], 
          [ 15.0072, 20.7279, 10.9466, 29.2995, 3.55246, 17.8961, 4.75679, 22.5808, 15.7861, 15.9638, 12.1414, 21.44, 4.13941, 4.82105, 19.4711, 10.2651, 13.4739, 17.0421, 2.46311, 6.9835, 11.3096, 8.97686, 26.3838, 17.4067, 18.2192, 17.3063, 26.4449, 15.0774, 17.4921, 5.6668 ], 
          [ 15.4901, 20.0804, 14.7751, 16.4422, 5.42524, 24.8626, 17.3933, 8.74556, 1.77667, 19.1435, 27.3744, 21.667, 11.1925, 4.24825, 4.82791, 14.9669, 14.1075, 21.7141, 1.13992, 24.926, 22.6732, 2.24568, 12.4093, 11.0797, 29.9028, 5.34095, 3.70599, 14.6541, 20.7605, 23.2743 ], 
          [ 11.3596, 16.4237, 4.57839, 8.11975, 21.3327, 19.334, 4.44899, 27.9594, 19.1298, 21.4366, 20.5391, 19.4913, 5.83266, 27.0695, 27.1548, 10.1745, 16.9617, 21.4311, 5.80361, 21.8385, 16.6992, 27.893, 22.3993, 22.0748, 21.7346, 24.71, 25.7306, 25.1633, 23.824, 12.6944 ], 
          [ 19.3067, 29.7314, 9.06469, 18.4062, 15.4178, 22.7231, 20.0286, 28.7938, 28.2131, 20.4737, 21.9832, 25.8277, 28.7245, 15.7113, 10.7885, 20.1399, 24.909, 9.45477, 9.48445, 7.87059, 14.3607, 5.97667, 22.4196, 26.4846, 6.24477, 1.26334, 10.5837, 17.6976, 29.5476, 1.05753 ], 
          [ 20.428, 25.1271, 10.9157, 27.7066, 24.1457, 25.9903, 9.01632, 26.6235, 22.275, 17.3381, 12.6033, 12.027, 6.99609, 29.8724, 21.1322, 7.07411, 10.7293, 5.5376, 12.2536, 20.4172, 21.5672, 6.39007, 10.4014, 13.3629, 9.86798, 23.4044, 5.59141, 11.7976, 8.23434, 27.7521 ], 
          [ 19.1839, 16.1601, 26.598, 29.5827, 10.0071, 21.9421, 16.6413, 10.4287, 22.8608, 10.5197, 13.3824, 26.8685, 2.49458, 1.89841, 27.5559, 22.3471, 10.1875, 8.24295, 1.63621, 29.5194, 12.7837, 11.243, 5.73282, 12.1042, 18.7219, 1.99607, 16.1704, 10.9002, 27.1849, 2.45394 ], 
          [ 18.1645, 13.8472, 15.549, 2.33964, 27.6151, 18.1241, 18.4402, 12.3413, 3.53744, 6.63135, 16.0484, 1.70926, 11.4837, 12.6005, 9.0394, 3.33806, 21.8174, 22.8245, 20.9579, 11.0877, 6.64661, 23.496, 23.3581, 6.58567, 14.5966, 28.0092, 12.3632, 6.65395, 26.7266, 29.0975 ], 
          [ 8.56818, 18.7031, 2.93696, 13.9583, 22.1427, 25.2726, 12.744, 5.72445, 10.1093, 27.9275, 26.5877, 18.473, 5.69876, 23.9347, 16.4456, 19.8399, 5.89459, 7.31082, 24.5844, 24.8328, 11.1375, 25.9372, 3.03482, 25.3625, 2.98083, 17.5714, 25.8399, 11.9069, 18.1977, 11.3688 ], 
          [ 28.6039, 10.199, 14.1845, 11.5011, 9.33707, 11.5546, 18.1265, 15.0728, 28.2203, 12.7212, 4.88057, 26.2141, 4.13605, 20.0506, 7.63747, 14.1728, 28.7825, 14.0601, 29.709, 19.5896, 26.0248, 25.6972, 7.19055, 15.3194, 29.8282, 9.0977, 2.16787, 27.171, 11.1266, 14.0017 ], 
          [ 17.5629, 21.7711, 7.6025, 1.42231, 25.8464, 28.0874, 6.01747, 9.60354, 9.78124, 13.1237, 2.92348, 2.71196, 27.4384, 25.242, 13.3257, 26.8016, 16.7186, 13.3398, 18.8276, 4.89979, 2.08387, 27.3165, 3.1957, 25.9152, 15.2121, 5.19947, 1.30382, 26.8064, 2.06803, 9.62571 ], 
          [ 13.5556, 14.296, 21.6891, 7.22697, 9.00621, 20.0117, 5.23467, 12.6357, 14.5509, 19.9705, 2.52898, 16.2877, 26.0277, 28.4172, 12.0695, 25.0964, 10.6256, 12.1614, 28.5883, 4.92654, 2.91075, 20.7901, 22.896, 26.5987, 19.6689, 20.499, 1.70674, 18.183, 25.4167, 23.7399 ], 
          [ 25.1018, 28.6667, 3.03325, 5.56076, 6.44281, 3.17437, 5.51787, 8.57365, 14.723, 10.4134, 12.2282, 6.30322, 26.0579, 7.95121, 26.7895, 18.852, 17.9769, 11.5342, 20.0169, 28.8265, 2.97288, 16.8922, 26.1997, 18.9317, 15.8125, 12.8642, 5.22013, 27.1708, 7.9188, 21.3027 ], 
          [ 5.52145, 2.66898, 11.0768, 13.412, 2.73534, 1.93247, 26.8417, 23.7143, 13.7102, 25.7969, 23.8196, 2.28687, 4.4668, 25.4774, 28.8273, 18.9086, 6.95915, 2.90801, 24.0247, 11.6592, 3.52039, 19.2387, 8.14457, 6.48881, 12.262, 21.3135, 8.90155, 26.0968, 1.16725, 8.37674 ], 
          [ 11.8422, 1.14088, 28.4429, 24.4827, 10.1699, 5.0182, 6.09316, 25.0893, 11.8866, 10.8913, 22.3339, 6.38098, 21.899, 2.28708, 12.5824, 7.72475, 2.1497, 13.9199, 2.59136, 28.855, 15.0489, 2.31354, 28.1467, 20.6135, 10.4602, 1.24188, 4.45853, 28.7877, 6.26431, 6.60327 ], 
          [ 23.7723, 17.1544, 25.3348, 2.95518, 28.4586, 22.3057, 4.93978, 10.2443, 26.9783, 20.8485, 24.6215, 22.8908, 27.8339, 13.1166, 3.11589, 4.49804, 21.6848, 22.4013, 3.96225, 14.4233, 11.0383, 10.9442, 22.6483, 7.45638, 4.24091, 2.28771, 8.57959, 22.4638, 29.5192, 26.6839 ], 
          [ 14.1785, 10.3426, 12.7392, 13.3808, 16.1674, 6.39754, 2.29254, 24.2136, 15.1063, 4.74049, 26.412, 26.6032, 7.3395, 1.70147, 6.68074, 13.3528, 27.8864, 29.8276, 17.5147, 24.9466, 6.0762, 18.1793, 2.05549, 26.7796, 17.4383, 28.3954, 15.2098, 17.565, 29.7195, 23.6526 ], 
          [ 19.7247, 11.8121, 15.1407, 17.2402, 6.09772, 22.4847, 26.0508, 15.0134, 15.54, 8.1268, 1.6537, 6.7232, 3.32032, 2.63563, 19.0597, 27.6688, 3.73127, 10.3117, 11.2062, 18.0067, 23.6665, 15.9298, 28.007, 16.5037, 13.2909, 18.1054, 21.2136, 2.33645, 6.91405, 21.7071 ], 
          [ 2.10797, 2.98678, 7.90204, 1.38964, 22.2672, 26.3529, 25.8223, 7.19081, 25.1378, 24.3788, 29.0103, 22.0764, 19.2838, 28.3886, 16.9264, 9.83798, 2.07877, 3.23482, 2.86793, 17.7248, 8.85338, 7.66022, 4.93986, 17.6005, 27.5884, 5.49969, 24.7761, 26.8633, 19.3365, 10.625 ], 
          [ 10.5299, 6.63373, 23.1578, 3.10715, 23.1725, 4.81655, 2.483, 29.0898, 15.551, 9.6347, 18.2144, 5.6737, 24.586, 9.80424, 24.7247, 27.4092, 13.3713, 8.0882, 19.253, 22.5866, 2.98963, 20.1109, 16.1401, 11.7298, 27.0588, 17.8038, 27.4669, 8.86139, 9.97142, 7.42579 ], 
          [ 27.2203, 6.17945, 18.4386, 9.86898, 29.2591, 19.65, 23.2097, 21.2155, 11.8041, 25.1297, 23.2278, 12.1895, 19.1762, 2.64307, 9.16739, 4.91985, 14.6996, 23.514, 1.55467, 19.0911, 23.7031, 2.70141, 14.6585, 26.9053, 2.35029, 15.9644, 26.7725, 20.4729, 19.8861, 27.4912 ], 
          [ 5.60784, 27.2345, 26.0706, 13.8447, 2.13208, 2.59786, 21.306, 8.95755, 3.48515, 3.36196, 18.3921, 10.9611, 3.57815, 15.2223, 20.0584, 7.66794, 1.98841, 23.9688, 25.4616, 23.3813, 9.33574, 15.6104, 26.2311, 7.66969, 27.2051, 2.96464, 26.0374, 29.2138, 23.5153, 2.44741 ], 
          [ 3.47624, 8.13044, 25.6807, 23.7318, 7.89052, 4.89155, 5.70621, 6.5139, 12.0689, 4.25667, 2.05027, 23.3293, 3.54919, 28.3023, 24.7111, 20.0445, 12.3854, 8.19581, 16.2499, 5.48715, 3.87472, 17.8726, 9.35176, 22.0571, 9.7439, 7.92254, 27.5759, 1.52491, 3.1496, 12.7018 ], 
          [ 26.9415, 3.14989, 12.5877, 2.78389, 25.0412, 22.2223, 5.2399, 23.2162, 17.7987, 18.9865, 25.5999, 1.36771, 18.8532, 29.9623, 29.2927, 9.18523, 24.03, 24.4206, 19.0508, 14.3467, 8.95058, 13.3824, 14.4323, 2.31831, 14.0658, 5.60018, 19.9106, 8.1312, 14.7628, 5.93882 ], 
          [ 20.5247, 25.2471, 27.7724, 13.7165, 10.3683, 29.5712, 20.5985, 20.7985, 8.98204, 12.1926, 7.27577, 27.7182, 18.7933, 28.5341, 11.7968, 8.51496, 2.01978, 18.4917, 3.23739, 6.6999, 5.24748, 24.2924, 21.4268, 22.853, 10.1155, 12.6013, 17.4857, 16.546, 23.1042, 20.1798 ], 
          [ 22.8266, 15.8204, 1.55071, 13.5209, 21.6492, 7.71354, 18.1098, 23.0803, 22.5972, 6.36515, 29.9125, 2.26676, 17.8583, 22.4076, 2.61443, 17.7944, 28.981, 18.6022, 3.2564, 13.4011, 3.35382, 11.8344, 25.3487, 25.6202, 15.8705, 22.078, 19.09, 23.02, 5.93032, 13.6483 ], 
          [ 22.3805, 11.1283, 28.7832, 27.5673, 3.39168, 11.3961, 27.9634, 4.56845, 29.8812, 18.0129, 10.8549, 13.7208, 17.432, 2.00951, 11.6902, 22.2605, 28.0487, 9.83152, 2.27523, 8.75603, 24.2023, 27.318, 25.4313, 8.04995, 15.2813, 21.3852, 1.79974, 5.649, 26.7098, 23.2835 ], 
          [ 19.4385, 28.8732, 22.3536, 1.87292, 8.7157, 16.5596, 13.2955, 14.2862, 5.89259, 1.10434, 25.6064, 17.2506, 1.37762, 15.7165, 19.3234, 18.2215, 3.14725, 10.5909, 19.2271, 21.1561, 8.06301, 7.38361, 23.4325, 7.2049, 4.46991, 25.4435, 7.37796, 1.64465, 26.036, 11.7427 ], 
          [ 13.8414, 26.1547, 3.07106, 22.7902, 10.5538, 8.76198, 26.2135, 21.4469, 13.1101, 28.2672, 29.8406, 17.9773, 26.889, 21.263, 27.3409, 26.6834, 25.0531, 13.4356, 22.9421, 22.3512, 7.60341, 26.9758, 21.1024, 20.2188, 19.2368, 7.22782, 23.691, 20.2784, 22.8093, 14.9962 ], 
          [ 17.7431, 22.3341, 27.4871, 11.972, 1.65995, 23.788, 22.3599, 27.191, 28.8778, 9.17156, 14.5443, 24.1847, 22.4713, 9.88129, 20.7095, 19.7238, 29.5445, 20.4919, 4.19326, 13.823, 26.0572, 14.1266, 10.6668, 5.4536, 9.14873, 18.6735, 12.083, 18.1361, 6.23537, 10.8394 ], 
          [ 1.33804, 11.4771, 21.8439, 13.7677, 8.63571, 10.7, 18.4395, 4.98102, 28.1922, 23.8922, 3.4599, 29.7954, 7.213, 28.0703, 24.4451, 1.81175, 22.7517, 13.3421, 9.29874, 25.9763, 22.5023, 7.83397, 27.7006, 2.72411, 28.7068, 16.1714, 19.6423, 18.5157, 22.6081, 27.9202 ], 
          [ 18.7461, 14.8943, 29.1092, 2.19251, 11.8707, 25.9253, 26.4458, 16.5041, 11.1541, 27.913, 13.1461, 21.2171, 15.8231, 25.3312, 17.2102, 20.1612, 24.3546, 14.2279, 17.564, 18.5734, 24.2414, 28.1008, 8.82901, 23.9151, 20.9275, 26.5469, 13.5768, 17.9244, 25.516, 6.08257 ], 
          [ 21.234, 3.93318, 23.6496, 26.6213, 23.8409, 4.04944, 13.2252, 1.76999, 5.93836, 5.50813, 3.23758, 28.4818, 27.2076, 25.3062, 16.1624, 1.25652, 18.8064, 24.8084, 16.4729, 3.15538, 16.9472, 1.8917, 26.8178, 20.7596, 19.5997, 24.9975, 4.29706, 23.4592, 21.4522, 2.72715 ], 
          [ 19.6385, 19.1124, 13.5691, 22.468, 3.63845, 5.91739, 24.3764, 29.0266, 25.4108, 2.55417, 21.9086, 26.2842, 3.17988, 12.1597, 20.5242, 24.5464, 12.8865, 7.7128, 18.4404, 27.5418, 16.5758, 17.1697, 8.74093, 28.9325, 5.31893, 27.8114, 17.1717, 14.2117, 11.9908, 11.8553 ], 
          [ 19.7685, 12.9522, 28.4724, 25.0722, 6.37889, 21.6144, 3.98125, 25.1458, 23.6057, 6.90257, 25.6218, 3.28123, 19.4744, 7.00452, 21.9294, 24.0059, 12.6908, 5.44344, 11.8951, 18.0144, 15.7158, 15.0283, 28.3786, 13.8208, 4.37811, 18.7049, 19.3044, 25.6547, 3.89422, 24.5079 ], 
          [ 15.3219, 3.54789, 10.2816, 21.014, 9.49762, 6.57797, 20.0472, 18.4827, 29.3376, 11.618, 12.1886, 8.92192, 5.53172, 29.1785, 29.5037, 9.71004, 5.06184, 7.03815, 18.272, 15.9994, 21.0996, 11.3155, 26.7054, 5.60413, 25.3248, 23.8049, 28.1614, 21.7233, 23.5538, 25.5902 ], 
          [ 17.397, 7.79771, 4.28641, 10.2873, 13.645, 19.7001, 20.9093, 18.0121, 3.48097, 26.4967, 22.8015, 22.9125, 27.5021, 3.79636, 9.69738, 25.2909, 8.26207, 1.51835, 26.4413, 25.7746, 27.2479, 27.1032, 8.18288, 22.9721, 7.72345, 15.2453, 24.8467, 13.7679, 6.67366, 13.2839 ], 
          [ 13.6922, 23.3729, 22.7462, 8.14705, 20.8837, 4.81245, 16.7077, 10.581, 12.4667, 17.8156, 7.08575, 27.4933, 9.23808, 8.11438, 20.2827, 13.4852, 26.6685, 16.7249, 18.607, 8.67669, 5.67749, 28.3844, 17.2697, 23.7899, 16.1156, 29.5277, 10.9294, 26.594, 14.6251, 27.6419 ], 
          [ 1.22329, 26.3848, 5.99722, 21.2632, 1.47802, 9.92475, 7.14887, 12.8465, 8.42159, 9.75552, 9.18148, 16.5576, 8.98322, 18.7205, 12.4627, 21.3514, 3.68532, 19.067, 22.3784, 9.56912, 16.9596, 6.37167, 10.4862, 17.2749, 15.379, 16.7417, 28.281, 27.6748, 21.5642, 5.54594 ], 
          [ 12.4296, 1.88309, 16.7328, 11.6079, 23.1076, 17.089, 29.5412, 16.2648, 17.0511, 25.0509, 15.8379, 12.547, 10.167, 8.47677, 4.24039, 3.19538, 1.82181, 16.4792, 7.74312, 3.86918, 22.8713, 26.6252, 28.6156, 6.15113, 7.76242, 4.24314, 2.65137, 1.0093, 21.967, 7.12876 ], 
          [ 7.06432, 9.8736, 23.6455, 3.30428, 26.1668, 28.3556, 16.5011, 24.8734, 12.1663, 12.763, 19.0823, 11.2211, 10.8543, 12.0802, 26.2248, 12.3132, 5.21422, 26.1267, 10.1736, 21.1684, 21.3985, 28.1501, 7.34895, 6.16374, 12.4321, 9.84801, 2.11546, 23.1522, 14.6719, 10.3164 ], 
          [ 25.3459, 26.6786, 5.97737, 6.87143, 29.761, 2.61011, 15.7654, 10.5413, 10.9849, 17.7045, 7.83004, 8.66543, 21.9052, 7.32383, 6.5537, 18.8104, 14.0317, 2.70207, 21.7765, 25.3615, 26.05, 24.8428, 12.7117, 15.5252, 13.9122, 26.4147, 16.6419, 19.6994, 25.2559, 9.7222 ], 
          [ 5.10559, 14.6436, 14.5003, 22.6543, 26.8415, 23.6107, 11.2825, 29.2982, 20.4019, 15.5049, 26.0717, 10.9408, 24.0263, 5.59973, 10.4722, 9.3447, 6.62365, 15.1599, 18.1501, 26.0221, 19.2316, 29.2959, 6.52515, 12.2888, 28.1158, 4.2811, 9.77068, 7.18188, 15.8626, 7.94929 ], 
          [ 21.736, 9.15419, 22.7309, 21.2692, 3.46838, 24.7898, 17.5527, 8.09978, 10.6611, 27.7427, 14.913, 1.51772, 26.6649, 2.46347, 8.50144, 18.9978, 18.5128, 12.2243, 5.29698, 7.1033, 3.25026, 5.23923, 10.8475, 7.93111, 1.81824, 14.7746, 8.46522, 26.6393, 14.0809, 22.6744 ], 
          [ 12.306, 6.65295, 4.08677, 17.5899, 3.22409, 19.9315, 18.6666, 8.45542, 8.40881, 22.3616, 24.6024, 13.6813, 5.63327, 2.79967, 27.6759, 4.19299, 18.5627, 15.5191, 4.54027, 18.0494, 11.3482, 10.4913, 21.966, 7.22965, 29.2342, 10.9667, 23.9046, 5.39072, 15.4282, 23.21 ], 
          [ 6.27668, 18.4411, 6.22324, 20.934, 29.0148, 18.5301, 29.9543, 26.205, 16.8384, 26.6212, 10.9719, 20.4614, 8.5978, 3.86738, 21.1373, 22.0252, 4.09976, 13.7344, 27.9963, 11.028, 12.503, 12.5665, 9.58677, 19.1657, 6.16476, 10.0879, 8.60417, 15.1056, 28.2661, 11.8127 ], 
          [ 17.8953, 21.9586, 15.0001, 10.1468, 6.50465, 5.36699, 19.4714, 26.7955, 10.4364, 27.7807, 20.3787, 11.9946, 29.8344, 27.2411, 29.99, 26.9597, 6.78521, 17.8014, 15.0515, 25.6458, 9.37301, 25.8262, 18.8997, 11.8628, 17.3131, 12.1098, 29.7718, 10.6657, 5.69141, 7.60753 ], 
          [ 17.6942, 4.88845, 28.557, 11.3107, 8.48603, 25.611, 28.8059, 7.28515, 2.53631, 26.3464, 2.20407, 12.8783, 10.7655, 8.93712, 21.6925, 26.4241, 13.3089, 29.6301, 22.728, 11.2674, 7.47688, 9.46454, 12.2551, 1.43875, 14.7372, 26.1979, 16.2506, 9.50635, 10.2722, 26.8 ], 
          [ 24.2549, 7.43971, 2.58351, 5.73551, 2.48037, 25.7322, 27.9676, 23.5403, 1.3226, 23.7646, 28.7075, 11.1644, 6.09648, 20.7547, 25.1859, 17.5856, 6.55727, 25.302, 21.2067, 3.59662, 21.0577, 18.6461, 28.6893, 26.5459, 25.3945, 18.9885, 15.7071, 17.6225, 9.87843, 19.0073 ], 
          [ 26.0086, 27.7894, 16.3892, 6.32555, 24.2724, 11.4056, 12.2587, 11.9817, 13.8895, 20.7113, 17.2196, 6.68441, 29.7906, 7.6484, 11.6347, 22.5783, 20.1622, 12.9959, 3.0519, 22.2132, 29.6536, 10.4685, 9.46071, 14.8467, 11.786, 9.58532, 5.42477, 17.4553, 27.308, 12.6862 ], 
          [ 4.55094, 13.4029, 29.4914, 15.0601, 25.9554, 28.7829, 2.69284, 1.17159, 22.187, 6.83492, 1.22477, 19.3845, 23.0416, 1.87004, 10.536, 29.0624, 6.18003, 2.43316, 21.4298, 24.3975, 19.2781, 10.154, 4.07805, 22.7595, 18.2358, 12.6815, 17.5432, 7.795, 11.0735, 11.7848 ], 
          [ 28.4089, 14.156, 3.79567, 14.0385, 18.7884, 9.11631, 25.9559, 8.9529, 18.114, 14.226, 20.5826, 1.72784, 5.22401, 5.7023, 22.8026, 24.2314, 8.80516, 16.5108, 13.5704, 4.49996, 7.89206, 19.4326, 7.99412, 22.7083, 19.8985, 6.68137, 15.5631, 7.79426, 5.24626, 21.4839 ], 
          [ 11.7794, 21.1919, 15.2922, 7.47954, 21.363, 23.4176, 21.3361, 3.66093, 7.44588, 5.71609, 13.4558, 23.6796, 26.0618, 5.50487, 6.39744, 4.05234, 5.09569, 21.7509, 24.8203, 21.6645, 4.3307, 6.95189, 10.949, 19.1702, 15.8258, 12.5831, 10.2717, 21.1217, 23.9492, 7.01589 ], 
          [ 18.9282, 17.9825, 10.9197, 4.74494, 14.3402, 23.7459, 5.85743, 3.83617, 27.2577, 28.8615, 17.7998, 16.0972, 14.9592, 13.0675, 7.40099, 9.05283, 10.6292, 26.8919, 11.4207, 23.1797, 23.241, 5.76695, 24.1029, 17.297, 28.5569, 21.8628, 17.0888, 4.02544, 2.30017, 15.3674 ], 
          [ 11.865, 15.3199, 11.1991, 13.1253, 8.68519, 4.57181, 28.9476, 13.2926, 19.7658, 29.9023, 15.556, 27.5494, 25.5272, 24.3286, 20.5037, 12.4955, 17.0683, 29.1817, 6.4507, 17.3792, 10.5419, 24.1555, 10.323, 23.026, 10.1486, 26.536, 13.1966, 26.7539, 28.663, 19.5116 ], 
          [ 10.6598, 13.9402, 14.9986, 25.7197, 17.7281, 8.37875, 21.8279, 8.69091, 27.4021, 29.584, 27.4736, 17.9898, 17.9703, 21.9977, 23.4429, 11.2488, 17.0785, 27.8967, 27.1103, 11.1039, 9.70976, 7.94729, 11.4428, 13.47, 6.55702, 14.4758, 27.331, 9.39633, 5.99992, 15.2826 ], 
          [ 25.3577, 26.1523, 21.187, 26.4465, 11.4519, 10.0406, 10.445, 9.83287, 25.9141, 25.0311, 15.8373, 13.0373, 1.0487, 20.2018, 9.7722, 1.14863, 29.2906, 5.10056, 8.88837, 10.3322, 14.6264, 28.6969, 12.7874, 18.9784, 6.32302, 6.74878, 20.2801, 16.8896, 13.6907, 16.1272 ], 
          [ 23.4496, 9.39237, 4.06283, 18.2593, 15.8917, 25.7264, 17.5944, 2.34392, 10.249, 14.4604, 26.3958, 14.3841, 23.0409, 3.38445, 24.3801, 17.3861, 13.9889, 10.1988, 28.1755, 18.5717, 24.3608, 23.9718, 11.7223, 15.4505, 29.2505, 25.6542, 13.9424, 7.54619, 14.065, 11.9333 ], 
          [ 17.3406, 27.9352, 23.4449, 4.73233, 7.00984, 7.70655, 9.18624, 14.3741, 25.548, 12.2901, 21.324, 20.6582, 15.0573, 3.3505, 20.81, 16.405, 7.73553, 22.9191, 14.64, 19.5024, 27.5757, 10.6671, 20.1181, 11.0428, 6.84911, 23.8819, 25.8252, 2.6237, 11.6917, 27.8371 ], 
          [ 21.5982, 12.3556, 10.7984, 27.9935, 4.49708, 23.3632, 3.59688, 23.0654, 7.32479, 15.0744, 12.5159, 23.4213, 4.71166, 24.0205, 23.0934, 23.6732, 15.4033, 27.9155, 7.06648, 27.2954, 10.5158, 24.7878, 28.7863, 1.19411, 21.3768, 20.3393, 14.3594, 22.4079, 4.0816, 10.7025 ], 
          [ 18.0396, 5.84237, 25.9911, 16.2796, 15.0349, 26.0233, 21.562, 9.96394, 29.6844, 25.2742, 7.90464, 11.374, 6.33987, 22.6296, 21.6482, 12.2486, 14.4751, 10.9164, 5.76386, 24.9832, 24.4785, 8.74888, 24.4618, 9.52166, 13.4662, 10.9375, 27.6352, 17.2196, 7.46632, 17.864 ], 
          [ 25.2078, 10.2017, 17.416, 19.2206, 28.0447, 21.3185, 10.0757, 9.94197, 19.7905, 20.5221, 3.85431, 8.52601, 13.3631, 8.82679, 21.2183, 29.8749, 27.5196, 4.43117, 4.26355, 4.45948, 3.53131, 3.91155, 26.0624, 16.8366, 24.01, 29.5371, 22.0085, 16.9958, 16.5686, 28.2596 ], 
          [ 23.7513, 24.2007, 13.6296, 20.6744, 10.3606, 25.7099, 24.8445, 16.9513, 28.7657, 21.8525, 9.2594, 29.0461, 10.893, 3.71124, 19.7064, 1.97904, 25.8095, 4.42783, 17.5427, 5.22097, 1.03901, 26.9037, 2.43799, 7.14667, 21.8501, 1.62568, 26.515, 4.18883, 19.8931, 20.5323 ], 
          [ 15.5898, 14.5276, 18.3407, 26.8252, 5.84889, 8.48972, 25.8025, 8.71696, 27.8737, 12.7932, 5.77741, 6.40223, 14.5418, 29.5132, 19.4221, 8.63832, 29.1953, 19.575, 20.8583, 22.4137, 17.453, 7.98373, 8.73736, 15.7942, 6.97723, 7.26618, 17.8655, 9.8879, 1.29227, 3.98443 ], 
          [ 5.99275, 21.4984, 28.376, 23.4991, 12.1879, 20.3679, 24.4979, 18.717, 14.7134, 11.7033, 8.88993, 7.47312, 14.197, 16.5299, 2.44234, 16.5173, 15.435, 14.1962, 12.8399, 6.02895, 27.8861, 2.06102, 24.3961, 23.0318, 28.337, 9.2306, 12.7615, 29.8328, 9.81875, 4.22858 ], 
          [ 28.6004, 27.7634, 28.1462, 8.5461, 5.928, 3.71132, 27.743, 19.1025, 16.0653, 5.94864, 28.0416, 23.771, 7.07039, 7.37357, 22.3227, 5.71744, 18.203, 10.7206, 6.77563, 3.35307, 18.3581, 29.3014, 16.1797, 25.7893, 17.2614, 6.78339, 20.6331, 20.7233, 14.0301, 28.7009 ], 
          [ 3.7388, 10.4009, 23.7731, 24.8604, 8.99679, 28.2324, 19.1749, 24.9762, 25.824, 28.8151, 2.0443, 26.1759, 26.775, 7.23385, 14.6757, 5.86515, 2.72898, 6.84441, 17.2161, 12.9611, 19.2298, 25.2332, 16.9286, 21.2127, 21.9993, 4.99256, 5.59189, 10.0589, 10.3111, 18.3133 ], 
          [ 22.5389, 11.8397, 18.8503, 26.1637, 15.6312, 24.175, 28.3921, 28.0599, 5.95474, 17.5895, 26.661, 3.0647, 13.0888, 17.5093, 21.2413, 17.0055, 14.9621, 16.2112, 26.4392, 27.6971, 18.701, 13.804, 19.4722, 13.0454, 14.7775, 27.114, 2.39619, 21.1276, 15.0409, 20.3753 ]
        ]
      ];
r = [
        [50776.1,52091.8,74470.3,55350.7,79698.1,61957,77337.4,60092.3,64640.1,68878.6,80694.8,72240.2,63760.8,76435.8,60198,81691.7,67503.5,54716.5,60716.6,69923.3,63291.9,81517.4,60658.7,65655.9,69139.3,52761.7,60339.9,56768,60738.7,68375.6 ], 
        [57078.8,68885.8,81339,55004,66642.7,55721.3,78296.2,63660.9,70297.4,65871.8,63175.9,59340.7,63570,76042.9,78824.1,61355,50780.9,58550.9,58557.8,75986.5,65115.4,59333.4,80153,76166,77186.3,53605.6,53268.2,50410.1,50991.7,78415.5 ]
     ];
d = [
        [17283.2,85163,58841.3,34474.3,55389.1,47639.1,42584.8,87765.4,82412,63955.2,9350.74,71737.1,42002.5,42203,73372.9,10624.8,65910.8,82707.5,12002.3,14137.9,3707.18,49022.1,34394.5,85117.4,13114.9,59297.6,55368.7,22561.6,59605.5,79290.2,83413.5,11861.9,13721.6,87628.8,15841.7,18337.5,33561,35382.1,13210.6,28994.1,75260.9,38402.5,20003.6,88595,54881.8,17991.7,68169.9,69706.8,20680.8,7347.48,85952,75039.6,22258.9,11024.1,11247.6,49729.2,53990.8,70734.6,9839.02,64353.4,27600.5,76034.8,67198.2,28994.9,30218.6,60510.1,43331.6,68669,26311.5,89107.7 ], 
        [89914.8,31885.1,2724.22,6778.68,53000.4,22263.2,22823.3,64390.5,39104.6,7535.13,4291.94,20837.4,68426.2,31527.2,2189.45,41764,62341.6,73858.7,65467.9,67388.6,14345.7,16842.2,8365.79,57769.6,83064.7,84192.1,9429.84,75853.8,8133.25,29701.7,38606.2,88718.6,45630.2,32783,20965.6,34411.3,19006.7,75005.3,21085.7,32389.9,68339.4,71862.9,26232.3,81853.2,47704.3,7603.07,54275.4,48515.3,4942.34,61821.9,15195,56600.5,32522,32242.2,84379.6,77547.9,54789.2,53782.2,85197.1,2579.7,84952.6,16536,80308.2,44130.9,76990.8,38180.4,30808.7,75320.6,3001.77,8312.91 ]
     ];
