/***************************************
* STOCHASTIC OPTIMITZATION
* OPL S2FVPP Data Generator
* by Jordi Mateo Fornes
* Model = S2FVPP; Stochastic (2S) MIP 0-1;
* Representation = Compact Representation;
****************************************/
I = 100;
P = 30;
C = 70;
G = 2;
p = [ 0.01, 0.01 ];
pc = 0.02;
ORCHARDS = { 1, 2, 3, 4, 5, 6, 7, 8, 9, 10, 11, 12, 13, 14, 15, 16, 17, 18, 19, 20, 21, 22, 23, 24, 25, 26, 27, 28, 29, 30 };
CUSTOMERS = { c1, c2, c3, c4, c5, c6, c7, c8, c9, c10, c11, c12, c13, c14, c15, c16, c17, c18, c19, c20, c21, c22, c23, c24, c25, c26, c27, c28, c29, c30, c31, c32, c33, c34, c35, c36, c37, c38, c39, c40, c41, c42, c43, c44, c45, c46, c47, c48, c49, c50, c51, c52, c53, c54, c55, c56, c57, c58, c59, c60, c61, c62, c63, c64, c65, c66, c67, c68, c69, c70 };
CGV = [ 12.3627, 25.4853, 10.2329, 20.683, 21.6957, 11.0756, 12.6637, 23.7192, 29.747, 24.3349, 1.6333, 4.32544, 17.4201, 25.5003, 10.542, 10.3069, 6.75382, 6.70016, 11.987, 21.4619, 7.0354, 11.8772, 18.5623, 13.2509, 13.4674, 27.7698, 8.32329, 29.4574, 27.4332, 21.3173 ]; 
s = [ 2.84972, 2.63639, 2.93451, 0.881518, 0.485698, 0.306994, 0.525129, 0.687612, 1.28742, 1.62071, 1.89602, 2.57658, 2.98629, 1.68668, 1.96442, 1.15665, 2.91276, 1.99352, 2.48752, 0.680003, 0.552075, 2.98777, 0.270194, 1.38969, 0.820449, 1.419, 0.795921, 2.74378, 2.73897, 28.9432 ]; 
CSV = [
        [
          [ 14.7052, 22.8079, 26.5614, 26.3842, 28.8208, 26.3006, 13.084, 23.3406, 6.17224, 17.6557, 1.60508, 24.8401, 6.91568, 28.7188, 9.18182, 24.823, 23.812, 5.05518, 20.6559, 13.1632, 8.63515, 16.617, 1.79029, 1.23209, 8.52601, 17.4952, 22.1005, 20.5169, 3.79958, 7.40473 ], 
          [ 14.7163, 28.5769, 22.7135, 2.37075, 12.229, 26.2141, 29.4321, 5.56234, 21.1699, 27.3588, 17.5039, 28.8038, 28.7795, 10.7368, 29.573, 2.73065, 2.13481, 2.76958, 12.7356, 6.02284, 28.5827, 4.10667, 18.2447, 12.7708, 27.6092, 19.6345, 16.9431, 22.4956, 29.6967, 10.0479 ], 
          [ 10.2954, 12.8556, 2.95481, 22.1436, 23.8818, 25.0051, 23.3677, 26.809, 23.8345, 12.8376, 28.1056, 19.3847, 15.164, 15.5806, 12.22, 18.3957, 19.3768, 20.6817, 15.4716, 22.9828, 29.0879, 26.5562, 8.71881, 23.782, 19.0687, 21.3319, 6.66951, 16.4585, 20.9238, 24.904 ], 
          [ 25.504, 4.71263, 29.7445, 14.6618, 5.73479, 3.42053, 8.2494, 26.6052, 16.0198, 4.63118, 18.8717, 3.15819, 11.051, 18.1077, 26.8824, 20.9976, 27.5203, 13.8271, 1.93629, 3.2422, 27.5092, 15.2175, 17.0729, 14.5744, 17.4366, 18.2702, 19.6122, 1.25851, 20.4526, 11.7271 ], 
          [ 11.9253, 22.8799, 20.6763, 8.28917, 15.2616, 21.938, 25.3532, 8.94197, 28.8002, 20.9526, 21.4252, 27.7078, 14.5172, 21.8752, 26.0383, 24.6179, 29.5312, 18.3998, 11.1638, 1.41147, 23.309, 19.3518, 29.6978, 22.3516, 12.613, 20.7794, 14.269, 20.7995, 14.267, 8.55047 ], 
          [ 3.96552, 14.2062, 12.1463, 8.23923, 10.4146, 27.5591, 6.63576, 22.0018, 18.6762, 19.5265, 17.8395, 4.11485, 20.8916, 11.7347, 17.033, 23.8079, 8.69334, 2.40176, 13.4981, 22.8492, 1.81212, 21.4829, 1.73186, 25.2408, 8.36991, 11.4279, 11.325, 28.3809, 21.0571, 28.2261 ], 
          [ 23.587, 22.5213, 4.48745, 23.6598, 26.3987, 29.6456, 28.6963, 20.1058, 9.2971, 29.5266, 6.86998, 27.1463, 24.8304, 1.0861, 3.44699, 12.9696, 23.8084, 5.20572, 20.0214, 27.9555, 20.5429, 20.6136, 21.8124, 23.4231, 16.2874, 14.1936, 6.2166, 14.5816, 14.8894, 25.0113 ], 
          [ 22.7601, 1.72597, 17.7867, 27.1345, 7.91194, 9.17788, 19.6102, 11.0861, 21.9527, 20.5266, 24.8984, 24.305, 8.86861, 6.75834, 23.1186, 4.46159, 4.66233, 16.9497, 5.42699, 22.6315, 20.5248, 17.0927, 15.4514, 9.19489, 4.51901, 3.19937, 7.83023, 29.1574, 20.2962, 27.0739 ], 
          [ 18.2481, 24.2073, 27.2338, 19.3961, 24.2252, 25.768, 13.0849, 7.10581, 10.1366, 10.8394, 18.1585, 13.6549, 1.74865, 23.9037, 28.8773, 25.0601, 21.3722, 11.5871, 22.3877, 2.49316, 7.63328, 24.2463, 15.9087, 28.0154, 17.7474, 7.11443, 15.9635, 26.8535, 18.9652, 11.511 ], 
          [ 6.65942, 19.8037, 1.89543, 2.65493, 18.6526, 3.9616, 15.3626, 8.96928, 12.7752, 11.2547, 15.3358, 6.34351, 4.65073, 20.7799, 14.2639, 26.2821, 4.42743, 14.312, 2.39073, 27.1787, 5.62063, 24.1218, 5.14737, 29.3705, 14.2267, 21.1945, 14.3463, 14.3578, 21.065, 24.3658 ], 
          [ 19.4317, 9.64173, 12.8013, 27.9926, 22.0734, 13.3342, 8.96076, 21.0266, 10.1014, 23.7404, 17.1945, 10.5561, 10.4456, 19.7286, 16.4161, 5.39719, 21.4902, 28.4251, 10.6985, 5.94409, 7.85932, 3.77552, 8.99748, 5.37258, 24.8224, 1.59078, 13.1895, 14.3395, 18.4276, 6.63834 ], 
          [ 5.71758, 22.6409, 13.956, 29.6758, 29.2237, 24.2186, 26.9994, 8.99353, 6.57971, 7.42546, 26.6041, 12.6299, 25.2718, 4.14086, 21.5501, 1.42666, 16.9351, 28.4939, 12.3258, 18.7323, 14.4448, 2.65536, 17.0355, 1.276, 27.3467, 1.61585, 13.6567, 19.1185, 7.71264, 13.1461 ], 
          [ 26.7353, 26.0135, 17.0778, 7.66747, 10.177, 23.7373, 28.2187, 22.2324, 23.6892, 29.8021, 7.2154, 13.7382, 13.9872, 25.2545, 5.65072, 20.9516, 6.57066, 29.1822, 3.462, 14.242, 9.77598, 28.6511, 8.77722, 19.9902, 18.7567, 5.55692, 12.7029, 23.281, 29.8607, 8.26891 ], 
          [ 7.18332, 27.6685, 19.3051, 3.62047, 16.0103, 15.7756, 28.3992, 7.02015, 18.3173, 5.25149, 27.6048, 18.9417, 23.2262, 12.6555, 7.95017, 15.881, 11.7036, 10.4287, 23.425, 1.00784, 27.3344, 2.65239, 13.0063, 20.7367, 23.6445, 20.5594, 16.1249, 4.61341, 17.2616, 27.542 ], 
          [ 4.21694, 12.9448, 10.3618, 21.7211, 26.1575, 18.1429, 6.50906, 24.3263, 25.3153, 8.39323, 6.1243, 15.9916, 8.22923, 3.84192, 15.2876, 24.0634, 4.2582, 6.97186, 22.2556, 10.7073, 20.2594, 5.49994, 24.2946, 1.53903, 24.6083, 13.2948, 3.48044, 16.5856, 22.2482, 8.04187 ], 
          [ 18.5945, 14.2761, 28.845, 3.55215, 5.85607, 23.9822, 19.8329, 1.0877, 1.82712, 21.3292, 1.42773, 8.30156, 25.4113, 17.5507, 20.2406, 16.1065, 26.5979, 9.33127, 19.3326, 25.6183, 29.9109, 29.1482, 3.86788, 11.1544, 21.232, 5.5319, 3.33101, 22.7963, 26.3103, 7.72744 ], 
          [ 24.6502, 5.87897, 24.5739, 15.0003, 3.10561, 23.1087, 23.2449, 19.9351, 18.3146, 6.14211, 21.3203, 23.7986, 5.84143, 6.64613, 1.56602, 24.989, 15.1729, 14.4253, 15.2844, 10.6786, 19.0963, 14.3542, 28.8739, 14.2632, 6.31957, 1.68692, 28.4169, 5.53686, 29.0872, 27.0835 ], 
          [ 2.50176, 15.093, 27.6923, 1.16656, 5.95047, 3.52163, 15.728, 9.43688, 15.1823, 29.8432, 20.1203, 13.9872, 2.00318, 11.7189, 2.39028, 11.4465, 20.369, 4.25371, 21.9265, 17.7588, 16.9676, 26.0631, 21.0118, 16.7877, 20.0538, 17.6758, 3.1744, 17.818, 17.0472, 1.43468 ], 
          [ 14.696, 1.75937, 14.5501, 17.8335, 14.8374, 3.23442, 24.3691, 9.91811, 5.57351, 23.7792, 4.83331, 11.5066, 9.09087, 11.0356, 17.0664, 17.6838, 22.1201, 29.5853, 10.7802, 6.76118, 7.24464, 14.4019, 15.9986, 1.02266, 9.72237, 13.7709, 19.9141, 22.0769, 23.0679, 25.2821 ], 
          [ 3.19796, 21.4864, 1.53225, 9.26762, 24.7134, 8.66595, 4.03097, 8.36238, 26.7785, 2.23176, 9.7543, 22.0395, 6.22161, 7.08414, 10.6652, 9.48114, 8.90948, 19.6811, 16.1776, 17.4019, 6.00075, 3.10915, 4.1382, 17.6891, 20.9739, 13.1001, 15.9641, 8.00589, 11.8214, 17.6144 ], 
          [ 15.4041, 28.8695, 27.9616, 13.8101, 19.0432, 9.77882, 19.207, 25.8852, 15.1765, 12.9448, 2.99475, 24.686, 10.9655, 3.56976, 13.1621, 18.0189, 3.08429, 6.3091, 16.9083, 29.0078, 28.2014, 29.7731, 24.4029, 23.3608, 12.2302, 28.649, 26.1141, 22.0269, 12.446, 18.3587 ], 
          [ 24.9965, 11.9972, 7.71447, 21.0425, 10.724, 7.10118, 2.09927, 26.5236, 22.0146, 10.0454, 17.4129, 12.6186, 25.7522, 20.4725, 5.39225, 8.4424, 7.71942, 24.5814, 26.8807, 4.06423, 27.1632, 24.5103, 19.171, 28.2943, 24.8383, 16.7815, 21.4016, 14.3047, 14.2317, 10.16 ], 
          [ 7.43911, 24.49, 15.5831, 21.2127, 26.7809, 14.6771, 28.4861, 7.84035, 19.4576, 26.2407, 12.3824, 23.5118, 27.6202, 6.7758, 11.6002, 7.68182, 28.781, 11.0282, 20.5687, 22.62, 17.2384, 19.4498, 3.07045, 14.0339, 26.4531, 28.8407, 15.5469, 16.457, 26.9416, 1.42461 ], 
          [ 22.8482, 14.3056, 25.434, 22.5638, 20.3107, 18.7827, 10.1515, 10.9333, 21.9559, 14.5255, 15.2094, 25.1885, 25.4136, 15.6511, 9.9188, 20.2246, 17.4896, 1.04835, 26.2677, 12.1182, 13.6054, 18.9332, 28.454, 13.5273, 6.49185, 12.2843, 12.8567, 12.8854, 7.48333, 13.3448 ], 
          [ 20.6013, 12.9619, 20.632, 10.5913, 25.7427, 8.94162, 21.4873, 6.04242, 13.937, 27.2274, 26.0425, 2.59173, 11.4206, 24.8842, 4.71678, 16.9704, 27.7461, 4.63578, 5.88114, 6.9386, 23.082, 29.1292, 15.2872, 21.6337, 28.5927, 5.33263, 16.7573, 19.6903, 9.91439, 16.2515 ], 
          [ 23.4438, 13.608, 15.9815, 19.5211, 11.3882, 27.687, 10.8237, 10.4984, 17.9382, 12.879, 22.3631, 27.1563, 22.8422, 24.1011, 29.7481, 8.59029, 19.2833, 23.2891, 3.57389, 3.0641, 22.589, 4.69691, 8.34355, 27.7348, 10.071, 26.5013, 23.3819, 19.6442, 23.8467, 13.9237 ], 
          [ 26.1785, 8.06682, 8.44063, 28.1672, 3.3832, 24.6205, 27.6036, 3.42934, 14.6235, 24.8837, 2.66082, 25.2703, 11.3035, 2.68465, 28.986, 14.2236, 14.7686, 22.1115, 4.5693, 18.2367, 11.5528, 1.37085, 22.9459, 23.5742, 10.557, 9.47748, 3.56263, 17.1201, 16.4983, 5.81638 ], 
          [ 3.30137, 2.35356, 2.69613, 22.436, 24.5059, 11.3125, 11.4901, 1.10255, 25.117, 19.6521, 25.4185, 29.45, 27.5954, 12.892, 17.6104, 22.4161, 1.53329, 26.6613, 9.43589, 24.5053, 18.6918, 28.4276, 20.5176, 5.38403, 14.6193, 12.1649, 14.7432, 15.5044, 26.8378, 14.2678 ], 
          [ 16.1504, 2.44114, 23.565, 16.8257, 8.84036, 15.89, 28.3305, 13.8421, 11.3867, 25.2484, 14.1017, 15.8766, 12.699, 3.5501, 22.4773, 4.77676, 21.9447, 17.1776, 16.5712, 26.1951, 3.49197, 29.7328, 15.5555, 20.6918, 29.465, 4.52334, 28.6802, 9.56326, 1.82557, 12.7545 ], 
          [ 2.79326, 6.15322, 16.2405, 19.6389, 16.7396, 29.2864, 23.938, 15.3913, 4.46814, 19.1891, 9.07375, 12.9357, 27.7659, 1.26623, 14.513, 24.8493, 14.9084, 21.6594, 20.5068, 24.6302, 26.0162, 1.47223, 29.973, 16.5979, 29.1937, 10.9957, 8.59755, 16.3016, 19.446, 25.3138 ], 
          [ 19.8386, 17.7003, 23.6685, 25.4973, 19.6103, 7.3659, 12.827, 2.74791, 1.95658, 14.4647, 1.40507, 26.7449, 22.2607, 12.8893, 3.42951, 27.4109, 2.58918, 4.80184, 18.0631, 24.6838, 28.7569, 10.8682, 26.7278, 6.60457, 5.49133, 6.06143, 20.865, 21.1715, 25.1193, 6.96908 ], 
          [ 26.03, 10.655, 26.7011, 28.9266, 20.8032, 25.1612, 14.232, 12.7874, 15.0123, 20.2682, 22.7735, 8.66505, 2.74575, 4.61562, 6.42365, 14.9582, 1.71005, 22.2033, 11.3986, 10.4454, 26.9567, 6.29481, 9.1176, 8.30002, 14.9669, 23.8078, 17.372, 15.856, 13.0352, 20.3006 ], 
          [ 4.91451, 23.8887, 10.9213, 13.2036, 15.9496, 5.24159, 18.4459, 5.73334, 22.5496, 3.24714, 16.6162, 27.2255, 29.0964, 19.475, 7.376, 26.8313, 9.71346, 3.08956, 11.8903, 12.8863, 1.52219, 1.70786, 21.3807, 29.0808, 16.1021, 26.727, 22.0429, 16.9885, 15.6204, 6.36295 ], 
          [ 29.8156, 24.0299, 19.8267, 29.4352, 9.85736, 2.31582, 6.72594, 8.32448, 18.5298, 1.49659, 20.1481, 7.7781, 4.09726, 6.1224, 18.3152, 7.40533, 28.5219, 21.1412, 23.8071, 28.3291, 9.41778, 22.5311, 9.25384, 21.2004, 23.8822, 19.0744, 28.1381, 18.6666, 18.9921, 6.96028 ], 
          [ 24.2715, 23.842, 18.631, 14.7593, 13.7768, 3.35206, 29.5308, 18.5809, 15.7389, 2.30859, 19.4025, 9.61307, 10.7356, 9.12206, 13.4769, 13.0729, 15.0616, 16.7534, 25.2809, 9.93272, 7.53052, 7.19132, 17.9163, 20.994, 13.7977, 1.31967, 15.9708, 7.0612, 24.7831, 29.0803 ], 
          [ 23.8433, 17.6187, 28.3072, 11.5111, 10.9059, 2.93008, 28.2335, 23.4158, 3.69411, 7.44671, 20.9352, 26.6943, 12.0038, 1.56992, 8.37289, 20.1987, 12.1938, 7.04083, 15.7132, 1.12324, 16.8187, 24.2757, 2.82822, 13.4716, 28.4951, 20.3152, 14.9198, 5.43542, 12.6074, 13.5034 ], 
          [ 15.9589, 21.885, 20.1919, 15.937, 23.3887, 25.1885, 14.4225, 11.8378, 17.1325, 16.2011, 22.4265, 9.88612, 18.1876, 28.0519, 23.8904, 21.1517, 9.40132, 22.3679, 25.6722, 8.01157, 6.93704, 28.1936, 6.88499, 21.2985, 4.27811, 1.34272, 28.176, 11.3901, 10.331, 27.6958 ], 
          [ 4.14738, 16.9186, 8.12387, 12.0511, 3.12006, 12.7872, 20.0333, 20.388, 23.3566, 29.0666, 3.96708, 22.3727, 6.67279, 7.02478, 24.5657, 15.7551, 28.7083, 3.70818, 25.9027, 2.81705, 28.6453, 6.95577, 18.7979, 5.02683, 11.7033, 28.1044, 5.89255, 18.8374, 9.34783, 15.0653 ], 
          [ 6.04453, 5.51387, 19.149, 25.5461, 19.4961, 17.1586, 25.3806, 12.02, 5.12287, 2.81474, 14.1326, 19.2077, 9.13784, 28.0189, 9.46048, 17.2377, 21.5738, 23.9703, 7.01663, 15.9369, 3.08653, 19.734, 26.6213, 26.507, 12.6964, 11.2027, 19.7984, 24.1303, 26.2943, 22.793 ], 
          [ 4.45079, 23.8178, 24.2115, 13.3203, 26.0791, 22.6814, 4.24225, 1.37613, 9.1013, 6.34627, 1.40068, 21.9654, 2.8376, 23.4575, 13.6494, 9.32735, 1.31533, 26.9631, 16.5497, 25.2252, 8.23196, 14.5403, 22.4299, 18.3044, 18.0498, 18.721, 9.43404, 28.8591, 12.9828, 10.3808 ], 
          [ 16.0514, 6.33261, 18.0275, 15.4572, 26.5161, 22.2175, 4.56133, 22.2693, 25.7258, 27.1508, 2.52405, 18.599, 16.4993, 24.8475, 18.0821, 6.60782, 15.2721, 8.12276, 16.3565, 17.1937, 7.73782, 21.6545, 4.26406, 9.51818, 13.9425, 23.9422, 17.4973, 15.1642, 25.329, 10.8993 ], 
          [ 5.16932, 23.4672, 26.1773, 25.1322, 5.4622, 1.4762, 6.78006, 26.3284, 11.4506, 18.5452, 18.21, 26.8706, 7.18802, 10.5096, 20.4968, 4.57345, 24.8884, 8.84304, 10.9426, 15.4251, 14.596, 5.37432, 18.177, 25.2044, 15.262, 8.1976, 8.83799, 22.0786, 22.8924, 16.4185 ], 
          [ 8.05698, 9.64146, 18.8663, 16.7523, 8.72359, 28.1037, 7.88507, 3.66091, 5.17343, 4.7121, 10.1431, 1.2893, 9.88232, 16.9492, 15.047, 6.88419, 6.4368, 9.36748, 24.9039, 20.0873, 24.0823, 20.9526, 21.4052, 4.0303, 5.04893, 29.7843, 9.1477, 10.0176, 11.2611, 4.43214 ], 
          [ 19.4256, 20.1193, 2.80123, 13.2369, 1.15843, 15.2254, 15.4397, 23.8556, 17.1627, 14.0833, 26.156, 6.88579, 4.59014, 21.8894, 19.9884, 22.7277, 17.63, 1.53199, 8.59522, 18.1713, 23.2515, 6.99324, 26.3106, 15.1473, 9.33292, 26.0922, 14.9643, 29.9735, 1.8026, 27.6135 ], 
          [ 7.52451, 22.9032, 24.6901, 26.3958, 16.7019, 11.6125, 26.404, 23.6615, 18.5341, 10.1478, 21.4508, 21.614, 8.74717, 21.084, 21.0647, 2.95849, 24.0233, 19.6312, 25.4859, 1.14009, 24.0172, 12.1497, 20.4929, 2.84148, 1.8529, 7.83046, 11.135, 15.9258, 27.8997, 25.2338 ], 
          [ 14.6086, 24.5775, 28.4907, 21.5627, 25.769, 26.2612, 1.63195, 17.0337, 3.50262, 10.589, 18.3049, 11.1458, 15.309, 16.1702, 20.34, 20.4488, 13.2755, 18.2188, 28.4676, 9.40828, 7.22009, 3.19061, 1.61678, 1.88528, 19.2082, 5.03518, 11.3703, 18.4885, 11.5472, 6.70791 ], 
          [ 19.456, 29.3565, 15.1658, 3.41609, 12.057, 2.91498, 18.9046, 25.6472, 9.52463, 25.0792, 1.51094, 24.3301, 2.75904, 16.2419, 25.8921, 26.7624, 1.25793, 19.8643, 22.8263, 19.417, 13.5712, 25.3325, 20.0824, 13.8812, 3.57784, 28.287, 4.68659, 21.8904, 24.3662, 6.73451 ], 
          [ 26.1802, 15.1984, 12.5797, 19.8132, 29.8386, 13.6297, 26.5946, 12.8603, 23.2424, 13.7392, 12.0666, 9.16988, 27.5081, 24.3399, 16.5599, 18.3921, 12.1849, 2.31589, 28.5041, 1.24453, 12.3864, 11.2691, 9.2226, 24.0758, 6.11828, 12.147, 8.30691, 27.2224, 3.20918, 9.3055 ], 
          [ 29.944, 9.63872, 13.5447, 29.8853, 4.33786, 23.3869, 22.0592, 14.6533, 15.9465, 1.51084, 27.7881, 11.3182, 7.51289, 24.0328, 4.73746, 13.9027, 20.1036, 24.0458, 28.7589, 26.911, 13.0664, 1.02372, 21.0336, 26.8148, 1.05476, 12.4965, 13.6056, 29.8002, 25.2709, 23.4708 ], 
          [ 9.60449, 15.8581, 9.39371, 21.9067, 27.3124, 9.57443, 25.8057, 21.6274, 13.0963, 5.06617, 2.28433, 24.8423, 2.84514, 17.9532, 21.942, 19.5251, 16.6609, 24.4456, 22.3311, 15.9003, 27.8748, 12.0103, 26.9217, 6.09126, 5.17034, 1.0421, 17.1042, 3.08565, 3.99145, 25.8358 ], 
          [ 10.974, 20.4593, 27.0333, 9.36414, 28.5282, 12.7584, 26.581, 3.7266, 14.1219, 28.2747, 11.3112, 27.3017, 21.8701, 28.9418, 10.2265, 11.572, 25.6157, 15.5522, 25.9128, 20.2531, 8.69372, 21.3145, 25.6911, 1.9761, 13.118, 5.07181, 16.6145, 4.84097, 27.9664, 3.20005 ], 
          [ 10.8815, 25.5849, 15.8726, 2.00962, 26.1612, 2.17799, 6.11819, 10.3036, 19.6747, 4.54748, 29.8026, 15.1616, 1.42164, 13.7598, 13.4639, 24.8252, 15.6702, 7.63462, 1.32889, 14.0864, 9.69986, 4.52792, 6.0501, 15.3045, 24.3521, 15.8126, 10.6716, 11.9262, 3.73144, 11.8921 ], 
          [ 14.6856, 17.3673, 26.399, 11.7793, 10.706, 2.5208, 26.047, 20.7238, 12.6235, 27.2156, 24.9467, 25.3751, 8.93509, 19.5329, 5.79727, 24.3818, 3.72198, 2.6428, 1.03724, 26.2075, 3.67923, 29.1209, 27.2191, 14.9462, 26.7701, 24.4144, 6.33409, 7.99367, 22.688, 21.5258 ], 
          [ 6.28228, 25.0014, 12.2912, 28.271, 26.3781, 13.5941, 26.6808, 10.4332, 23.2198, 9.62616, 27.9625, 29.2497, 16.3208, 12.061, 27.5882, 6.97906, 8.58659, 20.145, 1.27055, 5.97994, 22.8475, 10.3771, 23.1716, 24.0503, 17.1898, 3.33688, 3.51823, 23.9234, 10.5922, 2.35139 ], 
          [ 17.0711, 8.70288, 1.35039, 22.6854, 2.56157, 3.42003, 9.54988, 13.9041, 7.89343, 3.62012, 2.64036, 22.0769, 25.451, 25.0987, 26.3928, 18.7498, 4.53923, 27.63, 16.137, 12.3425, 6.46128, 28.7177, 12.5556, 18.2418, 17.191, 23.9276, 13.5146, 21.2634, 29.9366, 29.5679 ], 
          [ 13.0157, 10.2435, 8.70027, 4.90626, 11.4616, 8.58933, 29.1906, 26.3034, 6.30153, 6.46929, 24.3722, 12.036, 3.4768, 14.2115, 2.88194, 26.7481, 22.8563, 22.1732, 29.2929, 20.2536, 23.7947, 6.66032, 8.81869, 3.68489, 21.5006, 4.27997, 4.31054, 14.3525, 24.9219, 23.4793 ], 
          [ 6.12567, 28.4434, 15.9558, 2.16477, 3.03738, 28.0405, 16.6372, 23.8678, 16.2385, 11.7188, 9.03329, 2.57321, 3.86253, 19.3157, 14.6369, 4.42485, 12.9493, 5.19347, 12.3847, 12.0634, 23.3944, 2.80332, 6.31058, 17.8093, 27.0592, 23.7497, 26.5517, 7.5633, 11.1371, 7.23133 ], 
          [ 21.0021, 19.3022, 29.0395, 28.934, 5.37271, 26.5443, 23.9854, 14.4414, 27.4544, 7.36959, 19.5492, 5.80065, 21.5432, 28.1644, 24.8607, 1.79324, 17.6575, 28.8865, 19.0935, 11.9309, 15.704, 20.1602, 12.7958, 26.0824, 18.6136, 2.73438, 9.54188, 6.96191, 12.8907, 9.92491 ], 
          [ 14.3228, 20.6002, 4.43826, 11.4727, 19.8511, 13.643, 12.7978, 24.3668, 28.3208, 18.1002, 6.61709, 11.8401, 29.2521, 21.2938, 4.15753, 8.08522, 23.4781, 27.756, 22.1505, 5.35835, 13.4331, 24.9949, 3.59932, 3.72396, 6.75827, 7.28142, 22.305, 14.6131, 21.0358, 23.7875 ], 
          [ 23.3429, 14.5171, 27.8025, 24.9229, 16.534, 18.8813, 13.5606, 13.9795, 21.6037, 11.097, 26.3282, 19.682, 23.1226, 21.2543, 19.9935, 20.2225, 24.2907, 18.1198, 14.8536, 29.5534, 16.3784, 20.5279, 25.4183, 9.31092, 4.90602, 1.06354, 13.4992, 18.8214, 27.3563, 29.5445 ], 
          [ 28.1665, 18.3625, 17.2296, 13.3225, 24.3072, 19.3961, 27.3603, 7.14173, 10.6366, 29.2997, 26.1454, 20.8597, 11.7257, 14.6466, 4.43412, 9.10912, 22.2148, 13.9592, 4.00745, 14.026, 23.1985, 24.6887, 6.00814, 7.82566, 9.18189, 1.46104, 2.0676, 24.6116, 21.6586, 17.5226 ], 
          [ 8.62016, 24.2284, 3.26467, 14.7772, 17.8399, 3.65619, 5.6987, 7.82536, 21.8837, 27.5488, 3.63426, 28.8607, 8.67688, 15.416, 15.225, 28.3092, 17.3348, 27.6659, 17.3882, 27.7738, 20.9984, 27.9799, 11.1053, 7.63801, 22.8039, 17.6056, 23.4012, 8.12083, 1.04861, 4.18856 ], 
          [ 17.5578, 20.0419, 2.52173, 5.77455, 15.5895, 24.0797, 8.58967, 22.1422, 17.5224, 29.7958, 6.47763, 15.8458, 14.3301, 11.4798, 15.924, 6.26622, 21.0748, 4.88394, 20.1405, 15.817, 26.3752, 25.745, 21.161, 28.9676, 6.11499, 1.59067, 29.9709, 11.7485, 5.20234, 7.4656 ], 
          [ 16.6071, 29.8048, 10.4361, 25.0327, 2.15403, 20.5999, 8.22544, 1.01596, 2.41827, 13.313, 15.3554, 11.043, 19.681, 4.56867, 21.8666, 26.4345, 14.6114, 10.5079, 22.2944, 4.44396, 2.93979, 15.3484, 14.0975, 5.84932, 26.3184, 2.00038, 11.8402, 2.62977, 22.8979, 26.582 ], 
          [ 12.6393, 17.2979, 9.71597, 1.21276, 11.6999, 7.82325, 23.5948, 4.21537, 13.3047, 13.9493, 19.0406, 13.6568, 21.5823, 28.8256, 13.0208, 25.2354, 5.01205, 28.8463, 15.2591, 28.4105, 13.3317, 12.1076, 21.1085, 15.9598, 21.6181, 28.803, 28.5204, 2.82002, 28.3609, 23.9511 ], 
          [ 2.37365, 17.5943, 2.47627, 1.91165, 8.42413, 1.1059, 8.96039, 24.4572, 23.9029, 20.2287, 24.3182, 21.9826, 23.7035, 10.3255, 17.7428, 29.7653, 18.486, 10.6018, 11.8712, 15.9524, 8.49136, 22.6704, 11.2961, 16.6583, 21.2286, 11.0766, 5.89065, 17.4925, 27.7645, 10.2506 ], 
          [ 20.4298, 14.0021, 14.7664, 23.3291, 29.2053, 14.9007, 11.5487, 12.2691, 2.95438, 26.3761, 20.4343, 19.5211, 21.1492, 20.9638, 21.7513, 7.75338, 3.66655, 23.3535, 2.74037, 27.5871, 1.56885, 16.9511, 23.8751, 11.5278, 18.0961, 6.1377, 5.7773, 9.98632, 2.96488, 17.171 ], 
          [ 24.6906, 5.57331, 13.8494, 26.8838, 3.90508, 10.4362, 7.66622, 5.99311, 13.5982, 6.6503, 25.295, 26.8112, 1.38672, 20.1323, 20.2258, 7.2723, 27.1413, 15.9055, 24.4016, 8.70107, 1.1585, 1.38222, 10.083, 8.30014, 11.7103, 18.1964, 27.3973, 4.37043, 20.8245, 23.6689 ], 
          [ 15.5515, 21.7184, 17.3841, 5.51539, 8.42933, 18.051, 8.13082, 7.14779, 1.10704, 25.5922, 15.7838, 2.65122, 28.4135, 8.43626, 2.26362, 1.07715, 10.8916, 11.7439, 10.2908, 9.09192, 21.8279, 27.1896, 4.57938, 13.6469, 23.5796, 4.06319, 23.6472, 7.28707, 8.05329, 10.5585 ], 
          [ 25.2541, 14.5995, 15.9435, 23.8056, 26.7631, 4.90428, 26.8826, 14.3637, 5.64607, 9.26114, 22.5467, 9.04805, 11.6388, 12.7832, 28.2401, 27.8595, 17.9423, 7.11526, 27.7408, 26.1704, 18.3296, 25.0061, 1.11407, 14.1674, 17.8816, 24.3857, 27.3936, 3.19104, 7.26598, 9.26095 ]
        ], 
        [
          [ 2.23622, 18.9272, 12.7166, 24.6531, 20.7169, 16.07, 22.8544, 18.7481, 22.4008, 5.49494, 24.7725, 15.2172, 3.09786, 27.4462, 13.7933, 14.51, 16.9656, 2.71316, 21.6707, 6.58152, 24.2111, 25.2473, 2.47838, 1.07233, 10.3799, 22.6022, 1.3478, 12.4389, 17.9223, 9.63555 ], 
          [ 17.9229, 5.98105, 23.7374, 8.30843, 26.2484, 7.93961, 3.36326, 13.9335, 25.961, 8.38887, 13.9271, 29.2863, 12.4851, 6.23625, 6.49114, 11.4555, 16.2393, 25.9509, 2.21065, 22.8847, 9.18535, 23.2527, 20.9735, 5.45523, 4.616, 27.8709, 28.7217, 10.6572, 22.7005, 14.0323 ], 
          [ 8.70245, 6.68142, 22.698, 10.7791, 8.13293, 13.8923, 13.0969, 11.0811, 12.6542, 1.8767, 15.9559, 8.94672, 1.32058, 23.0055, 1.46241, 23.3832, 25.1027, 18.5036, 11.2512, 2.90238, 3.81892, 3.14225, 3.76703, 18.1152, 13.6291, 5.62336, 26.2086, 8.25304, 17.863, 7.29513 ], 
          [ 22.5585, 7.33166, 5.66703, 11.4362, 16.3443, 1.73641, 3.13502, 15.2443, 28.9698, 5.98514, 12.9898, 16.4677, 4.26539, 15.1173, 13.9284, 26.3544, 29.7306, 8.57965, 28.2379, 28.4774, 18.3613, 3.85447, 27.6073, 6.53372, 22.6968, 6.45293, 23.4924, 22.626, 1.90394, 25.6814 ], 
          [ 19.0224, 28.64, 19.6111, 28.4307, 19.0676, 9.50177, 19.705, 12.0728, 2.61136, 8.82296, 9.75068, 6.45268, 25.8182, 21.1688, 16.1137, 29.2913, 15.645, 11.215, 17.4873, 11.263, 19.9169, 27.0747, 27.1634, 10.142, 28.0949, 20.9169, 23.9108, 19.7349, 11.0007, 22.1534 ], 
          [ 14.5029, 27.2673, 17.8514, 1.80255, 19.7429, 17.62, 18.9708, 14.4789, 10.6381, 28.3619, 20.1908, 26.6968, 23.934, 17.4212, 7.08588, 19.505, 24.136, 18.9161, 5.74297, 10.8546, 15.1103, 10.6936, 10.6839, 14.7151, 14.1077, 18.1645, 3.85943, 26.4345, 8.87722, 29.9047 ], 
          [ 20.5536, 27.9498, 19.4563, 21.7547, 12.3217, 14.4991, 21.7, 2.2513, 17.1653, 4.28431, 7.69483, 9.60638, 13.9781, 19.0544, 15.5623, 11.8242, 10.5697, 26.9662, 20.5617, 26.5408, 12.8165, 13.5958, 25.9709, 17.5977, 28.3293, 24.6337, 16.6207, 25.2967, 17.1476, 25.238 ], 
          [ 13.1122, 21.3454, 2.11774, 4.77498, 24.0353, 8.71719, 3.13934, 6.01093, 15.7772, 15.3809, 21.0448, 25.5941, 13.1772, 23.6448, 28.9509, 10.8176, 16.3349, 3.58256, 9.31377, 10.1761, 17.5643, 29.601, 21.0648, 23.5973, 10.542, 13.0429, 11.2721, 8.81669, 16.8335, 26.271 ], 
          [ 6.42288, 22.878, 14.4182, 9.94492, 19.3955, 9.70477, 25.5478, 17.2204, 17.3087, 10.8273, 23.6767, 5.63497, 23.3608, 5.8511, 7.2613, 4.74155, 10.5122, 13.4592, 12.5206, 10.9642, 7.87773, 9.99453, 3.38934, 16.3247, 5.47255, 11.0836, 17.1466, 11.2352, 27.5313, 2.98862 ], 
          [ 8.86957, 27.9675, 5.7282, 23.4573, 13.8833, 1.55009, 7.23378, 27.8739, 28.4373, 27.6526, 6.27619, 26.5997, 28.4755, 9.48867, 25.2295, 22.0476, 7.74549, 23.2841, 1.95534, 25.796, 17.8235, 27.3132, 20.1633, 2.11368, 22.6828, 11.7509, 14.8255, 2.1703, 22.8412, 15.2482 ], 
          [ 10.6047, 26.5539, 5.65452, 2.56279, 3.42187, 5.22142, 12.5031, 7.1789, 21.8865, 27.7696, 11.6715, 23.7902, 24.6286, 19.4581, 15.0739, 2.20657, 1.59877, 20.2124, 1.6386, 17.8026, 25.1926, 12.1859, 8.05985, 14.75, 21.7744, 21.4945, 8.4936, 14.3617, 2.07032, 14.2013 ], 
          [ 26.9692, 21.971, 28.587, 6.05492, 15.388, 14.7083, 11.9244, 20.214, 18.2254, 25.2567, 4.1647, 12.9503, 14.8219, 7.80282, 14.0822, 10.0078, 13.751, 5.11409, 17.2518, 12.3905, 9.87884, 20.1769, 13.6213, 4.36739, 12.4827, 6.17181, 17.5292, 18.0461, 8.52256, 1.31709 ], 
          [ 2.14643, 16.7977, 11.9178, 28.7671, 23.6016, 20.2156, 10.1356, 8.09358, 7.9975, 21.7492, 22.2881, 5.35361, 17.9444, 8.84049, 8.78342, 4.68941, 2.54472, 13.8685, 14.9085, 16.6039, 29.2445, 5.88089, 14.1421, 4.65691, 19.4175, 21.1699, 6.52683, 12.7038, 16.2167, 1.13742 ], 
          [ 20.3829, 27.5347, 28.1929, 19.767, 9.3751, 9.93529, 26.8123, 10.0264, 26.3167, 2.61867, 15.9543, 19.2998, 21.2352, 14.5578, 8.3814, 4.58036, 16.312, 12.4443, 19.289, 1.87099, 20.8456, 25.58, 10.61, 23.2859, 5.33308, 14.2529, 28.3312, 14.2273, 28.1674, 22.8473 ], 
          [ 29.009, 5.59776, 27.8836, 20.879, 8.41576, 3.61597, 1.81894, 7.73741, 28.8044, 13.6051, 26.9786, 11.1349, 20.7799, 16.2142, 13.6869, 10.8274, 6.62852, 23.0332, 6.11452, 20.3866, 8.74847, 17.3611, 22.9842, 8.81499, 11.5308, 14.2992, 28.7538, 28.4475, 11.8495, 3.27828 ], 
          [ 28.9347, 13.534, 29.0543, 7.94559, 13.8146, 15.6675, 3.29458, 7.31053, 5.943, 11.459, 8.44586, 17.1048, 20.8273, 5.09424, 25.7022, 16.911, 20.9561, 25.0248, 14.9843, 2.70602, 6.54566, 13.7178, 19.4599, 29.2588, 3.44788, 22.6451, 4.96653, 20.5447, 20.272, 14.7299 ], 
          [ 12.9587, 13.1329, 7.78652, 12.4913, 12.982, 24.5645, 8.70832, 20.6008, 15.8299, 13.1178, 15.7408, 6.82856, 29.7146, 1.91616, 2.72609, 21.4238, 28.0805, 16.3974, 5.27945, 5.1731, 15.9025, 15.0366, 10.8278, 23.3441, 28.3059, 15.8382, 17.8296, 29.9622, 29.6918, 15.0407 ], 
          [ 19.4653, 12.768, 1.25049, 24.9795, 20.517, 18.5182, 20.4238, 10.5957, 25.4684, 6.27482, 14.783, 20.6946, 26.0635, 3.9549, 10.6285, 14.8107, 24.0097, 13.7578, 22.0169, 12.8075, 19.7105, 11.8212, 3.87986, 6.99246, 19.6523, 20.1653, 6.27993, 14.707, 28.3257, 24.3597 ], 
          [ 17.2408, 5.41515, 26.9078, 20.9571, 29.4987, 1.33865, 22.4406, 24.7035, 25.8263, 14.7106, 1.01033, 28.9601, 14.0024, 22.1147, 13.968, 22.6663, 10.7268, 20.0466, 17.3556, 13.8386, 15.3964, 11.8962, 29.1443, 20.4894, 4.34106, 24.2339, 6.48477, 7.48364, 19.1717, 7.20718 ], 
          [ 9.66058, 15.1253, 20.4823, 11.9267, 29.5314, 22.9684, 7.88939, 24.6622, 16.1436, 28.9304, 13.8028, 4.50863, 13.8796, 6.45317, 23.3538, 19.1647, 10.3632, 25.389, 19.8297, 26.8168, 14.6437, 18.5608, 12.8842, 28.3879, 2.97105, 13.6922, 16.9729, 22.0947, 9.49957, 13.4049 ], 
          [ 22.5059, 3.26464, 6.19092, 6.69332, 8.14627, 27.7756, 23.5181, 20.6934, 2.33768, 12.5847, 15.7367, 2.27242, 9.78442, 7.7929, 26.909, 4.46593, 5.80413, 17.7158, 5.37306, 27.4527, 24.6178, 19.3183, 2.61996, 28.7797, 10.9918, 4.7546, 5.85479, 26.4804, 5.58937, 14.1428 ], 
          [ 29.2604, 26.5136, 24.8746, 23.6527, 22.2784, 23.4739, 28.6227, 23.6493, 17.604, 27.455, 14.3578, 9.10149, 25.9564, 9.33064, 5.81462, 26.5105, 7.56365, 12.7911, 6.62216, 2.659, 22.8159, 29.8351, 11.6276, 22.0213, 23.1498, 23.3053, 15.8999, 15.1353, 4.63106, 5.90747 ], 
          [ 1.80876, 21.0458, 19.5868, 29.3864, 7.91055, 6.30567, 25.8902, 2.86283, 7.89363, 4.40406, 21.5814, 24.1802, 1.23492, 18.4071, 2.83534, 12.8094, 11.396, 29.6878, 9.72176, 21.5529, 13.7471, 15.0843, 5.64539, 20.7779, 21.9704, 28.5322, 16.5397, 25.8227, 3.67408, 20.8274 ], 
          [ 21.4404, 27.9407, 25.4711, 5.21732, 9.26232, 3.70777, 19.2656, 19.7939, 22.798, 19.0054, 23.0915, 27.3929, 23.3348, 20.7776, 10.9982, 2.1151, 16.4844, 11.5463, 22.46, 1.88609, 24.7071, 27.9383, 4.51025, 13.7964, 28.8972, 3.23999, 26.848, 17.4924, 5.08917, 16.8182 ], 
          [ 14.1678, 12.9534, 1.26861, 21.7684, 29.7886, 3.4522, 13.0942, 20.801, 7.99157, 16.0895, 13.0774, 26.6484, 27.3497, 19.9163, 27.3383, 22.2073, 10.3321, 4.1713, 7.028, 13.3638, 24.8486, 1.794, 13.0334, 26.5586, 14.4566, 24.7283, 18.0074, 25.397, 26.6858, 2.31071 ], 
          [ 1.88871, 12.9324, 29.1822, 19.5922, 17.0677, 8.34195, 26.8754, 28.547, 14.5027, 18.5313, 3.12333, 22.2804, 28.6381, 8.13318, 9.77763, 11.742, 1.83096, 19.2013, 23.5948, 12.2573, 28.6407, 4.97554, 13.2707, 4.3429, 18.5347, 18.2183, 19.8257, 24.1602, 25.3383, 10.3602 ], 
          [ 1.78335, 8.91677, 2.62489, 26.5138, 8.08773, 28.0312, 5.73329, 29.9374, 8.54605, 9.08305, 8.76261, 5.76303, 4.38734, 19.9647, 1.56932, 10.8789, 9.73037, 1.49408, 2.87116, 7.16791, 29.7314, 29.3777, 20.2857, 4.7598, 22.4724, 13.8392, 19.597, 26.5639, 29.8996, 29.9569 ], 
          [ 16.5974, 18.4861, 25.9039, 25.4697, 9.44541, 27.3846, 9.20498, 6.14236, 9.39496, 16.5718, 21.0637, 8.25467, 29.1982, 18.7517, 11.2555, 2.27609, 10.0367, 14.3228, 14.7091, 23.8687, 2.33611, 29.7197, 4.93453, 17.7897, 1.52865, 17.5055, 26.9825, 5.19147, 16.0599, 17.0136 ], 
          [ 22.3562, 4.71701, 20.591, 9.17932, 24.0037, 8.8392, 26.9383, 6.91852, 10.6278, 17.5244, 28.2878, 1.93127, 1.08478, 23.6429, 6.73864, 19.7054, 12.9603, 23.98, 7.42498, 17.9522, 15.5431, 9.65586, 29.765, 27.7714, 15.658, 5.71666, 13.9887, 13.1741, 23.129, 27.377 ], 
          [ 22.8274, 20.8558, 20.9395, 7.85684, 5.50085, 7.43397, 3.81014, 10.8219, 12.0455, 27.2534, 20.77, 22.359, 12.2495, 26.257, 23.8596, 9.09202, 27.3145, 3.69129, 17.5104, 22.7217, 11.9012, 10.0361, 22.5576, 15.6314, 14.1393, 10.9513, 24.4707, 19.734, 19.7632, 20.5538 ], 
          [ 16.0154, 13.9769, 29.0495, 7.25788, 14.6152, 15.667, 4.78648, 14.7185, 23.3787, 15.5577, 13.0335, 1.23631, 22.4686, 4.15057, 16.1482, 15.1687, 25.9348, 29.5211, 11.7526, 18.3947, 10.7363, 29.911, 7.27219, 10.4278, 12.5003, 28.2219, 17.475, 7.41545, 24.4356, 26.0374 ], 
          [ 15.24, 24.6684, 15.5414, 2.05987, 8.52545, 11.5148, 2.87317, 3.64877, 11.1614, 12.0052, 28.1362, 20.2753, 10.5123, 7.86941, 8.28635, 21.4653, 22.8561, 13.5034, 10.3961, 8.71332, 5.54489, 23.4617, 14.8337, 11.2073, 10.6178, 27.5853, 11.7114, 6.66538, 6.20359, 25.1192 ], 
          [ 15.0128, 10.5384, 24.2944, 28.6773, 10.471, 3.76475, 16.7291, 25.4094, 23.1346, 25.0681, 8.91849, 28.9002, 19.6146, 3.42851, 27.6133, 25.3192, 17.8497, 15.5229, 15.0816, 19.0293, 12.2484, 3.71421, 28.2858, 11.7388, 7.9074, 22.9741, 27.6208, 4.23984, 15.5522, 4.17909 ], 
          [ 1.31432, 8.73754, 13.56, 26.1558, 29.277, 29.9109, 7.63133, 26.9282, 17.999, 3.38749, 23.8935, 17.8475, 28.4618, 3.23792, 8.75502, 12.3613, 14.9285, 19.5048, 4.319, 9.82591, 19.8272, 7.81714, 7.05264, 17.1365, 19.1515, 16.9872, 23.4101, 6.47204, 23.0825, 12.4651 ], 
          [ 3.18468, 14.249, 26.6916, 22.4994, 2.18195, 13.5681, 19.3048, 20.1169, 2.7214, 14.2238, 2.24448, 4.25393, 16.6734, 23.5888, 4.07925, 12.4969, 27.7612, 11.6124, 23.9356, 17.9223, 14.6956, 22.8115, 28.6941, 24.4477, 18.8818, 22.2017, 14.6413, 6.67892, 29.0543, 1.73246 ], 
          [ 19.6459, 9.6183, 12.0894, 3.06493, 1.31494, 12.0364, 14.0891, 10.542, 29.6321, 3.98588, 2.2228, 8.67792, 20.9123, 26.3693, 2.02927, 1.0235, 29.7285, 5.90648, 2.90295, 17.0756, 15.2696, 25.4131, 13.5443, 3.43866, 12.3046, 16.9381, 29.9976, 18.5471, 29.5419, 12.9823 ], 
          [ 8.65857, 18.9617, 14.1499, 6.44176, 18.9028, 22.2303, 16.2988, 21.4415, 5.28804, 6.97402, 3.82924, 3.46309, 20.7961, 21.4391, 29.3296, 11.3425, 3.03011, 15.3457, 9.33013, 26.6317, 2.15055, 20.522, 13.5808, 10.6602, 6.12446, 14.6092, 11.3526, 18.5511, 12.7181, 3.26165 ], 
          [ 7.55391, 27.4805, 28.8038, 1.04871, 26.0421, 4.56175, 18.8079, 20.8217, 19.6534, 17.891, 29.9074, 2.8362, 20.2578, 8.11768, 3.42114, 22.4732, 6.11625, 25.2104, 7.1547, 19.7217, 2.70376, 19.6215, 7.16308, 7.11319, 21.918, 22.9966, 29.6781, 29.3389, 27.9606, 11.8861 ], 
          [ 15.3106, 25.3691, 22.4952, 6.95405, 3.50285, 19.3142, 7.60801, 18.1273, 20.9953, 7.28261, 14.7284, 27.463, 27.4125, 11.2991, 10.5527, 24.5258, 18.6548, 15.1449, 15.1741, 14.165, 10.3894, 11.7698, 22.5807, 29.7554, 1.18434, 24.0836, 5.02022, 18.9863, 4.58912, 29.0561 ], 
          [ 4.85803, 19.3751, 27.3525, 13.748, 2.14899, 20.03, 4.22356, 15.2813, 8.23866, 7.59387, 27.0093, 29.7515, 3.48463, 11.9342, 13.9648, 3.64887, 16.5219, 8.64294, 15.6804, 22.2222, 8.87391, 12.8331, 29.1272, 18.9823, 21.2615, 8.02273, 28.3372, 18.9283, 25.6607, 25.129 ], 
          [ 15.3087, 15.5686, 23.2555, 6.97996, 6.92899, 18.2132, 17.4423, 9.04241, 2.13112, 16.4104, 12.7562, 28.449, 9.35959, 2.18812, 27.0005, 17.9, 26.957, 20.2898, 19.9233, 21.4117, 10.818, 14.3449, 1.51775, 3.90796, 3.14851, 28.7531, 12.8393, 4.59428, 24.253, 17.6247 ], 
          [ 22.4116, 26.4204, 11.8728, 13.7175, 11.5828, 23.8604, 11.0077, 17.3807, 5.98003, 11.4229, 9.56583, 16.7838, 11.2069, 15.3329, 8.74346, 17.6929, 4.12096, 10.4495, 26.4636, 17.7614, 11.0685, 26.8253, 10.7258, 6.93563, 5.07449, 7.11676, 20.7151, 21.3247, 17.6978, 20.2639 ], 
          [ 23.1739, 20.1957, 5.83689, 26.0912, 13.2572, 10.24, 24.1936, 20.8116, 6.49015, 27.4452, 19.9321, 5.37715, 29.857, 25.1954, 5.74537, 28.4652, 10.3309, 9.3194, 6.79393, 22.0853, 5.18251, 26.6087, 6.05922, 24.3812, 24.2877, 3.14124, 18.0286, 16.6147, 23.2265, 23.5724 ], 
          [ 5.96091, 20.4953, 9.5435, 12.729, 12.963, 12.2045, 24.0827, 7.22753, 14.9413, 22.6715, 2.39583, 28.3828, 24.982, 27.9476, 19.9291, 3.2185, 29.0124, 19.0199, 19.6418, 13.0134, 3.36006, 18.5539, 7.94581, 15.8278, 2.55874, 19.4501, 14.9898, 13.1571, 4.58459, 29.1206 ], 
          [ 19.9108, 13.6623, 23.2457, 12.7702, 2.61743, 3.10796, 19.344, 2.44087, 27.2968, 6.96264, 24.9664, 28.1234, 22.9743, 29.115, 17.2104, 8.46268, 12.9656, 11.9851, 19.628, 29.0477, 27.0199, 7.6911, 7.03175, 5.25036, 4.27096, 8.04206, 29.3861, 17.0091, 4.87909, 27.1374 ], 
          [ 13.6256, 5.51545, 25.0476, 3.69486, 18.9328, 26.7555, 11.1551, 1.93462, 6.75253, 22.5218, 15.5932, 1.02081, 8.15521, 20.9761, 7.52824, 24.8429, 4.47207, 26.2815, 28.747, 1.49247, 29.5204, 28.1272, 6.17302, 25.8306, 15.9939, 20.6916, 1.79749, 29.2062, 19.3002, 17.4055 ], 
          [ 23.9008, 16.4578, 9.10936, 22.6858, 17.5536, 17.1257, 24.4084, 19.486, 20.3069, 17.0307, 21.4385, 29.4525, 1.05748, 27.1355, 13.9126, 26.7779, 7.87743, 23.286, 12.8553, 13.0821, 28.3057, 5.69151, 26.8811, 15.56, 12.1271, 22.7745, 21.1764, 19.8098, 11.4126, 29.9754 ], 
          [ 3.99478, 8.51529, 1.07387, 5.06692, 12.8986, 23.0403, 14.1393, 1.40798, 28.7792, 12.4138, 16.2912, 19.1514, 14.761, 23.5599, 19.673, 10.4563, 5.6831, 15.2367, 14.8877, 13.4801, 6.56832, 12.5032, 28.8963, 17.1878, 25.4147, 12.2982, 24.7638, 4.12052, 23.5812, 20.5093 ], 
          [ 25.7724, 10.1744, 2.30834, 19.6572, 10.0996, 22.9289, 5.99688, 8.6843, 23.1053, 3.46349, 1.46671, 14.2759, 20.7739, 24.2861, 26.434, 1.98882, 13.74, 18.7393, 29.6169, 10.2591, 6.10678, 10.9018, 2.20394, 2.65542, 12.1468, 21.8189, 20.7274, 13.9244, 7.01175, 2.77761 ], 
          [ 27.982, 16.9281, 10.8118, 11.4554, 13.2728, 25.5547, 10.4021, 3.61962, 3.20514, 22.4562, 16.2789, 6.28487, 24.7213, 10.2178, 24.8797, 29.3109, 10.5127, 23.511, 18.4028, 1.91948, 23.2948, 26.1782, 21.449, 22.0417, 6.33852, 8.99855, 18.1652, 23.5444, 18.5572, 20.7601 ], 
          [ 27.7028, 12.6474, 11.4655, 25.3058, 7.85168, 27.8602, 12.7647, 10.7242, 10.6927, 19.6024, 28.4957, 26.2094, 14.6383, 15.8534, 11.2997, 23.7242, 1.73052, 1.6573, 20.5011, 15.234, 13.0423, 2.67724, 9.30867, 19.2719, 18.0778, 11.4161, 23.5218, 19.9116, 3.06638, 19.0519 ], 
          [ 22.3169, 24.0467, 20.7113, 7.16652, 6.32478, 7.15289, 11.956, 12.2052, 9.8844, 18.1056, 20.9751, 25.4874, 26.0318, 2.96006, 5.46226, 15.1616, 27.5841, 8.6814, 28.3927, 22.7779, 22.5497, 7.23606, 12.8023, 2.01966, 13.8924, 15.4093, 1.44015, 5.90345, 8.44881, 7.91662 ], 
          [ 26.7032, 29.2112, 19.109, 12.5977, 27.351, 8.03452, 3.3105, 19.5784, 3.15407, 16.7094, 12.1299, 8.75644, 14.3464, 19.975, 20.0568, 8.64738, 24.4705, 1.68141, 5.18132, 16.2463, 21.8939, 14.9299, 27.6177, 26.6116, 6.78352, 25.2878, 7.95766, 14.731, 15.4815, 27.4962 ], 
          [ 24.3145, 5.45949, 9.01896, 18.8748, 22.6063, 15.8002, 3.76231, 27.2875, 25.5078, 9.08531, 10.5369, 3.4132, 9.77055, 24.034, 22.7291, 24.6697, 13.2546, 2.08992, 1.50068, 10.2822, 6.39841, 18.0151, 1.32152, 21.1711, 4.88666, 22.6908, 22.437, 13.6716, 1.26968, 11.1546 ], 
          [ 3.78481, 17.0746, 19.6495, 19.9844, 16.5978, 9.71419, 25.5559, 25.0989, 17.5926, 10.0579, 12.5792, 11.887, 7.83271, 23.3253, 1.47603, 10.5764, 14.1242, 1.94531, 24.8875, 19.2837, 13.3425, 21.0957, 16.2757, 11.4042, 14.9492, 2.43342, 20.3133, 28.1274, 9.65216, 17.3487 ], 
          [ 4.47054, 13.2672, 28.7047, 11.8308, 15.7329, 4.49654, 18.9649, 15.0214, 28.1711, 25.1652, 6.3827, 23.6439, 3.3121, 9.63896, 14.56, 29.2903, 21.9399, 17.4624, 11.9679, 14.5094, 4.7875, 28.3683, 4.25788, 25.9929, 27.6985, 5.24166, 1.75059, 27.8332, 13.225, 25.3659 ], 
          [ 19.9055, 20.8702, 3.14568, 7.01001, 29.6499, 15.739, 26.7475, 22.757, 29.6767, 16.8272, 7.20137, 14.1584, 22.2881, 28.7201, 24.3151, 22.2478, 25.6169, 14.0881, 16.9575, 17.5308, 23.0829, 19.8878, 3.32125, 15.8128, 27.1721, 2.37247, 29.2676, 27.1713, 8.8608, 28.4915 ], 
          [ 2.758, 23.434, 3.65176, 4.64846, 24.7805, 29.1582, 9.38284, 22.9072, 5.84603, 4.39898, 5.05815, 11.9966, 4.79841, 2.73132, 19.462, 16.9657, 11.6623, 20.3578, 14.7473, 20.2628, 5.30203, 6.49392, 11.4957, 29.5925, 25.859, 27.4711, 24.4822, 29.6263, 5.63157, 7.84217 ], 
          [ 23.1466, 2.8718, 18.262, 26.0812, 12.7869, 22.3246, 27.7882, 19.4001, 12.2039, 4.99564, 12.1494, 9.37005, 17.2567, 20.9787, 5.49912, 9.31228, 24.977, 23.5531, 19.7876, 6.39987, 4.60031, 21.2494, 23.4325, 7.08423, 22.8185, 29.8271, 21.9594, 20.8719, 3.42913, 17.0345 ], 
          [ 29.3491, 26.5141, 18.953, 26.6757, 22.0636, 25.3039, 21.2616, 19.6109, 15.6088, 21.2196, 18.1945, 6.43961, 3.09845, 12.7408, 2.7619, 24.6462, 10.1804, 14.6094, 21.8222, 7.68504, 20.8395, 25.7731, 19.7863, 28.3939, 28.4341, 20.1144, 27.7026, 20.2183, 23.2071, 3.21376 ], 
          [ 20.6993, 22.2588, 14.0989, 18.0943, 3.88476, 27.2566, 20.2255, 11.6554, 11.8615, 20.2404, 10.238, 23.4646, 29.0828, 3.91139, 20.0878, 28.5169, 27.843, 28.079, 14.4086, 29.1929, 26.4639, 26.611, 11.063, 7.58033, 15.7938, 26.1497, 14.463, 19.0253, 12.307, 10.6633 ], 
          [ 15.9268, 9.52056, 9.92565, 14.4104, 3.08545, 18.5566, 6.23335, 15.6839, 19.2059, 25.0861, 21.3802, 20.282, 1.88763, 8.44934, 15.5752, 20.9301, 21.2375, 26.7173, 2.82912, 5.24803, 27.6929, 22.516, 19.1939, 7.67129, 3.98763, 13.0882, 4.82145, 13.2284, 13.2751, 13.153 ], 
          [ 21.6714, 23.994, 15.3297, 4.81756, 6.8862, 5.98657, 5.33991, 8.10128, 19.2766, 29.3184, 3.80458, 27.7434, 24.7871, 28.1698, 3.94944, 8.27929, 16.1404, 28.038, 12.8098, 20.9713, 4.76323, 15.7884, 4.87821, 24.456, 1.12337, 16.9785, 10.696, 20.5746, 8.19889, 18.6199 ], 
          [ 21.1182, 16.0806, 1.17682, 4.5132, 8.84108, 6.02067, 12.8037, 16.5071, 14.9464, 29.7757, 29.5794, 20.2727, 7.56749, 9.02024, 29.5185, 17.4295, 6.42091, 13.4512, 28.1438, 24.1674, 26.3688, 22.7257, 24.0121, 18.0705, 21.2776, 26.1683, 26.9342, 12.3547, 22.4384, 20.8273 ], 
          [ 10.0174, 25.3019, 12.6965, 29.1201, 27.2638, 24.1235, 6.61553, 4.36393, 5.07767, 3.84706, 1.91819, 20.361, 21.2531, 20.2076, 23.9637, 6.68589, 4.87121, 19.0549, 27.6352, 14.5688, 8.87063, 25.3911, 10.4341, 24.1422, 25.8325, 6.66154, 27.3946, 28.6176, 9.0719, 8.19892 ], 
          [ 4.45471, 2.1624, 3.61252, 23.6507, 13.0892, 29.4624, 26.9208, 16.4966, 2.84144, 20.7399, 23.4382, 18.0924, 14.9607, 6.79833, 26.7388, 15.7417, 19.6537, 17.7116, 23.5048, 24.5523, 2.91044, 8.71465, 8.39256, 8.87792, 9.6248, 15.3393, 25.0916, 1.90418, 11.2923, 19.6826 ], 
          [ 14.9877, 22.7196, 19.0644, 1.06179, 26.9928, 18.3222, 17.2307, 22.3667, 5.55963, 26.9945, 17.0989, 19.6871, 5.00147, 14.3836, 28.2966, 9.31318, 27.6883, 13.5716, 22.527, 23.3878, 27.5564, 10.3839, 15.4732, 18.0726, 25.2799, 21.8411, 12.7296, 7.7963, 12.2384, 8.57528 ], 
          [ 15.0781, 14.4818, 9.67957, 11.6427, 24.7389, 5.48041, 12.7969, 22.588, 14.5434, 13.739, 5.25092, 4.33035, 11.1835, 22.9152, 16.8796, 9.7342, 11.3088, 15.1839, 14.9499, 11.8239, 19.7735, 26.1398, 11.9208, 19.4674, 17.0786, 27.6437, 24.7963, 21.5237, 20.5811, 3.59819 ], 
          [ 16.4197, 27.2433, 26.2161, 7.90322, 6.21934, 28.7771, 6.35964, 3.65338, 15.0013, 29.8022, 24.8061, 22.9782, 13.1039, 15.6658, 6.92643, 26.5608, 27.7418, 13.6986, 7.22854, 7.25568, 5.88119, 11.5035, 19.7675, 16.2227, 23.1587, 12.8834, 20.3045, 6.30359, 25.0612, 8.74634 ], 
          [ 15.9734, 7.59207, 3.71308, 2.64417, 24.1064, 24.7819, 9.5918, 17.347, 12.1375, 29.8573, 12.8112, 8.6305, 19.8474, 18.3193, 4.0801, 4.12263, 9.79126, 3.99441, 11.1548, 28.5495, 5.06833, 14.783, 12.1129, 28.5431, 12.4088, 21.5416, 15.2615, 8.21724, 28.8204, 11.6161 ]
        ]
      ];
r = [
        [52713.5,79431.3,51545.1,78588.6,69084.2,76026.9,50495.6,67485.3,52706.6,68547.1,61229.7,51347.9,51920.6,62899.2,76188.6,60586.9,63803.3,75371.1,52935,64526.2,77721.6,67438.6,76704,75137.4,68129,76043.7,70585.5,70146.7,57763.7,50731.8 ], 
        [53509.5,65438.1,80662.7,73140.6,79754.3,53753.6,66082.9,60889.6,56854.1,73126.8,53682.7,51910.6,57953.6,79792.7,75999.1,67280.2,72499,62443.8,66949.2,55630.8,70236.2,55024.2,66478,53987.9,68497.9,77513.4,70165.6,80132.5,71546.7,58959.3 ]
     ];
d = [
        [15614.3,87642.2,53692.5,88742.4,25035.3,9685.16,69960,79313.7,1720.01,84480.3,83780.2,75163.9,80116.9,22386.4,85750.2,56811.6,43579.8,11014.5,66653.7,3882.12,44840.3,44090.4,54267.2,79163.9,34190.1,20956.5,48213.2,72942.9,51689.6,84287.8,14294.1,71052.5,10329.4,3345.33,40087.6,21492.8,82462.4,63915.7,17096.4,50657.2,88313.4,48937.4,67980.4,63175.6,59672.9,50763.6,81028.1,41473.2,86855.8,18367.1,68868.4,55111.4,87954.4,44673.8,1136.48,83918,16178,51011.4,81387,24257.8,30075.1,81205.7,11900.3,1426,10626.6,75216.4,40774,48568,62375.5,51127.8 ], 
        [4138.21,5858.85,65556,86532,80326.4,10188,58597.9,80987.9,39360,46364.1,15558.8,51240.4,18158.2,44114.9,21910.3,37312.2,76205.2,48792.2,69208.7,10974.1,79822,2035.56,5306.55,24846.7,34444.5,43141.7,71374.9,22633.1,37298.6,54114.7,64233.7,73507,65021.3,42645.7,74342.8,22097.4,41798,42005.2,70535.4,77428.1,1428.05,7248.32,39850.7,89292.5,75943.6,7555.87,85147.8,75648,57067,80507.3,53294.8,68229.5,66489.4,89880.8,4759.35,17207.3,88526.7,29614.7,68103.5,10041.5,77840.7,21453.9,7124.59,73429.1,83392.2,22424.9,47518.6,56440.9,40975,54556.7 ]
     ];
