/***************************************
* STOCHASTIC OPTIMITZATION
* OPL S2FVPP Data Generator
* by Jordi Mateo Fornes
* Model = S2FVPP; Stochastic (2S) MIP 0-1;
* Representation = Compact Representation;
****************************************/
I = 100;
P = 30;
C = 70;
G = 2;
p = [ 0.01, 0.01 ];
pc = 0.02;
ORCHARDS = { 1, 2, 3, 4, 5, 6, 7, 8, 9, 10, 11, 12, 13, 14, 15, 16, 17, 18, 19, 20, 21, 22, 23, 24, 25, 26, 27, 28, 29, 30 };
CUSTOMERS = { c1, c2, c3, c4, c5, c6, c7, c8, c9, c10, c11, c12, c13, c14, c15, c16, c17, c18, c19, c20, c21, c22, c23, c24, c25, c26, c27, c28, c29, c30, c31, c32, c33, c34, c35, c36, c37, c38, c39, c40, c41, c42, c43, c44, c45, c46, c47, c48, c49, c50, c51, c52, c53, c54, c55, c56, c57, c58, c59, c60, c61, c62, c63, c64, c65, c66, c67, c68, c69, c70 };
CGV = [ 12.3627, 25.4853, 10.2329, 20.683, 21.6957, 11.0756, 12.6637, 23.7192, 29.747, 24.3349, 1.6333, 4.32544, 17.4201, 25.5003, 10.542, 10.3069, 6.75382, 6.70016, 11.987, 21.4619, 7.0354, 11.8772, 18.5623, 13.2509, 13.4674, 27.7698, 8.32329, 29.4574, 27.4332, 21.3173 ]; 
s = [ 2.84972, 2.63639, 2.93451, 0.881518, 0.485698, 0.306994, 0.525129, 0.687612, 1.28742, 1.62071, 1.89602, 2.57658, 2.98629, 1.68668, 1.96442, 1.15665, 2.91276, 1.99352, 2.48752, 0.680003, 0.552075, 2.98777, 0.270194, 1.38969, 0.820449, 1.419, 0.795921, 2.74378, 2.73897, 28.9432 ]; 
CSV = [
        [
          [ 22.7518, 1.68062, 29.8109, 3.31955, 27.6581, 29.1897, 2.29118, 9.7561, 20.5686, 4.57652, 29.9091, 23.0698, 15.6214, 13.503, 24.8169, 12.7419, 27.0129, 1.73572, 25.8942, 22.6229, 8.20717, 25.2921, 5.58325, 21.0779, 18.3649, 7.65004, 19.619, 24.2483, 1.31321, 28.7096 ], 
          [ 26.945, 20.8685, 17.6662, 15.9271, 6.47365, 20.9283, 7.85284, 10.0545, 15.1973, 3.40562, 29.6569, 18.6962, 2.80018, 5.76026, 25.0929, 20.9028, 7.79803, 19.3146, 13.308, 11.283, 24.5007, 19.775, 10.2303, 19.6332, 10.8451, 14.2667, 13.5078, 20.0127, 8.22723, 13.312 ], 
          [ 27.4598, 20.9774, 20.8119, 21.8367, 15.025, 7.32553, 26.2884, 5.93086, 5.6403, 17.296, 3.39254, 20.6234, 15.6585, 26.608, 21.9303, 19.2902, 21.6416, 22.586, 9.03724, 25.9518, 12.7417, 17.0276, 24.3799, 22.8515, 7.53168, 25.9241, 13.8154, 15.9611, 2.35387, 26.6889 ], 
          [ 5.19507, 6.81416, 15.4195, 22.543, 26.5388, 29.689, 27.532, 24.0497, 15.0701, 27.5642, 9.51348, 2.73647, 22.6963, 2.44203, 1.76123, 24.8196, 18.8001, 14.3858, 3.97382, 23.2869, 18.318, 17.6701, 9.66622, 1.78077, 28.7788, 4.2845, 22.165, 4.93764, 24.241, 15.6534 ], 
          [ 8.53265, 14.611, 15.0824, 27.1235, 5.34084, 22.8859, 21.9309, 7.23461, 24.6197, 28.3886, 13.1526, 28.4784, 11.4722, 29.6026, 4.97218, 24.867, 16.4786, 7.9205, 8.40426, 16.6113, 8.75565, 29.5479, 23.7957, 13.3468, 12.1445, 27.3271, 27.776, 10.8962, 2.31576, 9.64422 ], 
          [ 5.69923, 9.28085, 4.78056, 18.26, 1.58279, 8.79183, 3.74604, 1.28682, 18.0575, 17.2309, 6.80282, 24.0897, 26.9245, 29.8754, 8.89971, 6.71131, 18.7084, 17.5326, 19.8684, 2.99806, 21.8128, 15.2653, 7.62143, 22.4456, 13.875, 6.49321, 1.10278, 29.0198, 25.3294, 22.7625 ], 
          [ 20.3, 9.35093, 6.1476, 26.1532, 9.2595, 11.1561, 27.1852, 27.5007, 1.40226, 15.9567, 24.5695, 5.04087, 10.7288, 12.154, 22.209, 5.93459, 20.4851, 27.981, 19.6851, 29.7899, 5.79181, 21.0148, 22.8879, 27.6493, 23.3945, 19.9659, 16.7651, 4.095, 1.35992, 27.4189 ], 
          [ 7.13204, 5.35049, 15.2523, 8.61025, 28.665, 20.3114, 11.8462, 17.4646, 13.0473, 28.1812, 24.8681, 2.68974, 11.1879, 5.53833, 16.7909, 16.1491, 27.9331, 16.3129, 25.8982, 24.433, 11.7803, 12.5646, 24.0083, 10.2814, 19.4536, 29.6957, 16.6857, 9.40569, 10.5238, 3.23899 ], 
          [ 14.871, 13.4002, 27.0418, 24.414, 24.8071, 17.5859, 5.58141, 5.36091, 16.6655, 17.3007, 19.1135, 17.361, 23.1366, 24.1551, 14.9628, 10.1002, 11.2208, 15.4642, 21.6381, 13.0946, 27.605, 2.81987, 5.0668, 25.2105, 12.5252, 28.1982, 23.9821, 3.11395, 28.47, 4.87705 ], 
          [ 8.39394, 27.4975, 23.9526, 29.0044, 27.1555, 25.1585, 20.6962, 16.0995, 7.05698, 9.77729, 14.6936, 2.06694, 11.3811, 16.0075, 2.92173, 1.86426, 26.9257, 11.5908, 26.7667, 24.0843, 22.9616, 24.8644, 12.1386, 13.9021, 29.2609, 18.3704, 12.6736, 11.6026, 29.3185, 23.0889 ], 
          [ 22.0342, 4.56652, 7.80588, 3.18953, 5.40788, 26.6646, 23.8776, 25.5997, 12.4612, 7.81275, 2.50987, 5.38993, 16.9888, 9.20793, 11.114, 7.01416, 23.3864, 28.2874, 15.1782, 7.56943, 26.4999, 27.5538, 24.7739, 8.09619, 9.49086, 12.4367, 8.4327, 23.8748, 22.3899, 26.5916 ], 
          [ 21.1866, 21.583, 21.1896, 22.7292, 9.08299, 21.6533, 11.2011, 12.0963, 17.7044, 23.1192, 23.9714, 29.3135, 5.58158, 5.24311, 21.4678, 3.03485, 14.785, 1.48807, 28.9183, 9.54542, 6.74689, 15.8662, 20.7639, 8.30613, 10.1736, 13.2172, 10.1977, 18.5379, 24.901, 14.4145 ], 
          [ 1.68605, 2.25837, 16.8513, 7.2606, 21.0254, 23.1554, 18.1396, 15.8213, 25.4468, 13.0411, 15.8973, 1.92685, 4.22198, 24.2782, 8.7529, 20.9006, 20.0321, 11.6538, 12.997, 29.1026, 27.5398, 12.9485, 22.7436, 24.8794, 10.382, 3.68232, 13.073, 28.9692, 19.7689, 15.205 ], 
          [ 9.49402, 9.84734, 6.14907, 28.5157, 27.3115, 4.06183, 20.0238, 16.5961, 22.2798, 4.44189, 20.5588, 12.6292, 14.7628, 6.54302, 29.3679, 29.1357, 16.7382, 29.0095, 29.4074, 4.19994, 17.7461, 10.2123, 25.9369, 10.8334, 17.5281, 18.2302, 5.7475, 27.5098, 15.2615, 10.163 ], 
          [ 2.599, 14.0524, 19.9928, 3.58104, 24.8205, 25.5682, 23.5942, 1.10247, 5.67204, 25.3549, 2.08603, 22.2135, 13.8013, 21.9557, 4.83776, 14.1489, 5.62636, 1.46904, 27.2564, 8.06391, 6.64315, 16.6906, 16.2503, 19.8995, 17.041, 13.2746, 6.89502, 20.8262, 4.11366, 23.6358 ], 
          [ 3.42024, 25.2847, 10.9144, 18.1813, 27.4602, 29.5395, 27.3498, 23.8453, 10.4918, 26.5965, 18.8554, 7.43381, 15.291, 24.6257, 10.6809, 2.4064, 25.9697, 10.3604, 13.699, 7.99994, 2.59921, 12.8306, 23.1226, 3.84325, 20.8513, 19.3204, 20.6976, 23.8595, 24.6479, 27.8132 ], 
          [ 12.5711, 29.4053, 9.03444, 23.7753, 19.0871, 14.9278, 23.4024, 17.9798, 21.3445, 24.8994, 18.5898, 3.1607, 2.73425, 27.9108, 4.23529, 22.4096, 13.94, 21.1073, 3.87456, 1.472, 21.2932, 14.8624, 12.9192, 11.2004, 2.45359, 29.5164, 3.33333, 7.44714, 18.2748, 19.955 ], 
          [ 5.72751, 3.7216, 6.98054, 27.1899, 10.8353, 12.6245, 29.916, 18.5402, 26.5738, 11.5045, 24.1146, 9.12697, 20.6998, 20.0403, 18.0239, 7.54039, 17.6557, 6.74502, 8.43882, 9.50197, 26.7927, 29.3177, 21.1779, 16.5942, 6.24155, 2.72957, 1.10346, 14.9231, 7.76753, 11.751 ], 
          [ 20.3166, 21.2982, 10.736, 13.1592, 12.6844, 17.9247, 15.8386, 20.5559, 26.3368, 18.0049, 7.81259, 8.9415, 10.7302, 23.4519, 27.0692, 24.1147, 13.867, 13.8569, 1.38478, 23.8773, 21.0474, 10.3731, 15.8732, 16.8031, 23.373, 26.0909, 6.13487, 1.85258, 16.4609, 21.5679 ], 
          [ 14.4053, 9.36993, 20.468, 10.0225, 4.76691, 14.9067, 3.21927, 12.5817, 18.249, 12.2997, 6.62092, 15.5977, 4.77625, 4.61581, 4.80905, 24.0313, 4.114, 26.4691, 27.5675, 26.3229, 22.5963, 5.15609, 4.83584, 12.6279, 13.9853, 5.59678, 10.7866, 27.8656, 8.25037, 5.22877 ], 
          [ 9.213, 1.61542, 29.6051, 9.97888, 23.5199, 18.3353, 12.019, 27.7385, 18.4106, 6.9347, 21.9152, 10.1681, 25.0332, 1.48313, 6.03422, 1.47913, 4.7929, 2.02044, 6.43611, 6.21549, 12.5025, 9.36284, 26.819, 20.1573, 6.42802, 19.7078, 14.6168, 26.4326, 27.5424, 17.693 ], 
          [ 20.8299, 29.2284, 18.6795, 20.1513, 20.0535, 18.3741, 12.4977, 19.347, 4.28743, 26.381, 20.9597, 20.5416, 12.9834, 13.1254, 8.9311, 10.5009, 24.1442, 1.96579, 24.0695, 2.51384, 16.2462, 6.18282, 12.6372, 4.95527, 8.82557, 15.104, 27.0085, 9.01957, 7.26816, 3.6337 ], 
          [ 11.7087, 19.9523, 10.7402, 27.872, 6.40192, 2.1843, 19.7657, 23.7253, 10.7023, 4.27966, 4.54072, 6.53522, 23.6831, 10.427, 28.6843, 9.47754, 3.81395, 21.2616, 12.4652, 16.1989, 16.7922, 11.3675, 15.7476, 27.4045, 19.6561, 13.6947, 13.973, 10.1404, 6.30288, 18.619 ], 
          [ 13.1771, 22.9145, 11.2437, 10.5422, 20.2414, 27.3296, 18.2654, 28.4778, 9.58933, 3.50647, 27.2365, 14.6809, 5.37017, 9.82711, 29.2371, 21.0638, 8.65747, 6.09373, 21.3441, 13.566, 2.80473, 13.0627, 7.0753, 12.8076, 26.4779, 13.6394, 19.1469, 21.4361, 11.4644, 21.8314 ], 
          [ 7.15596, 29.2923, 15.9569, 6.77936, 23.7207, 23.8598, 12.3044, 4.63965, 19.6965, 25.4487, 4.00549, 14.3093, 15.4209, 29.3613, 11.6361, 12.4192, 3.11524, 8.42553, 12.8619, 19.1224, 11.6708, 7.0318, 14.5469, 9.44719, 23.3591, 11.3118, 18.6787, 11.5173, 15.7766, 27.6824 ], 
          [ 23.9958, 14.9882, 26.7351, 25.4218, 2.83201, 27.9328, 14.3759, 17.6771, 9.99356, 16.5016, 25.584, 9.89101, 23.5009, 21.5557, 7.19591, 7.67711, 10.344, 4.4498, 20.4424, 12.3172, 7.28738, 14.8527, 20.7605, 10.2676, 8.89642, 17.0622, 10.2564, 19.5552, 29.0312, 16.3164 ], 
          [ 25.518, 13.7759, 4.1025, 19.1114, 14.2696, 10.8548, 4.65642, 6.30602, 27.9977, 22.9292, 12.6202, 8.82861, 17.0612, 24.9053, 13.8989, 6.71645, 4.3212, 2.66649, 28.8415, 10.5391, 18.3249, 3.37407, 29.1294, 17.0844, 9.11217, 5.75402, 26.975, 1.50363, 18.6049, 13.8042 ], 
          [ 3.37569, 16.776, 8.57111, 16.4892, 11.7912, 26.4089, 9.35757, 7.72296, 15.2205, 12.8478, 9.40504, 27.2758, 4.0228, 22.3191, 16.9934, 14.912, 25.807, 3.63396, 24.4599, 8.34274, 1.10185, 21.4461, 4.33002, 20.449, 4.29384, 1.25675, 15.6796, 28.101, 1.04208, 12.7607 ], 
          [ 4.0254, 27.6624, 25.7105, 22.3793, 1.36092, 26.2087, 14.0771, 18.015, 22.6433, 6.96179, 23.3229, 21.4625, 22.9274, 12.549, 27.1769, 20.199, 15.204, 25.832, 4.61556, 18.5332, 16.9091, 17.6662, 25.2491, 4.53991, 17.484, 3.57867, 8.80189, 14.8383, 22.6763, 26.0165 ], 
          [ 7.95495, 24.7884, 5.46922, 15.1261, 25.7644, 21.8308, 15.8705, 28.3664, 7.34257, 4.97866, 5.66292, 13.6982, 13.0123, 14.3576, 11.3619, 13.2541, 23.3651, 11.4425, 21.2741, 25.9351, 1.49559, 8.21637, 20.2535, 16.7568, 19.6093, 13.9229, 19.641, 23.7363, 1.00404, 2.20053 ], 
          [ 26.5174, 12.6136, 8.75005, 23.7233, 4.6473, 7.05562, 3.58399, 17.7033, 29.5003, 20.7276, 1.24433, 2.77399, 4.29245, 23.5699, 8.65872, 13.5279, 25.2959, 27.5321, 14.6453, 26.5351, 2.71548, 4.80479, 8.13921, 14.6401, 22.8281, 15.4723, 7.97437, 14.5487, 23.4415, 18.0776 ], 
          [ 3.60264, 2.19612, 5.03347, 17.0379, 2.06615, 20.3895, 20.3369, 28.6308, 6.24711, 13.4274, 18.6577, 22.3291, 29.7647, 24.8873, 5.73066, 13.2011, 3.70648, 3.04373, 1.7478, 12.0257, 13.5865, 10.5476, 14.5494, 24.2503, 20.0175, 10.0688, 15.3779, 7.60299, 13.8535, 2.50525 ], 
          [ 6.08038, 4.73477, 10.4652, 24.81, 29.0782, 14.5035, 6.43945, 16.7864, 16.3035, 4.5347, 24.2075, 29.7006, 26.9629, 5.45049, 5.35806, 14.9832, 18.263, 26.8267, 5.34925, 13.1595, 20.2049, 18.5813, 22.2, 4.27398, 5.19226, 24.7084, 17.7555, 21.7458, 21.6005, 3.6532 ], 
          [ 22.9297, 1.8717, 14.5995, 3.24515, 23.0628, 12.4228, 16.1475, 21.5809, 17.4887, 3.39173, 13.9253, 2.32147, 4.6184, 26.3633, 27.8705, 15.827, 1.48406, 16.9036, 3.85872, 19.2112, 9.82084, 16.0931, 29.5114, 6.37035, 1.99964, 11.0168, 4.22485, 7.73382, 14.0186, 2.3664 ], 
          [ 13.2843, 3.36811, 27.8893, 14.604, 8.45203, 27.6851, 17.8791, 18.1652, 12.8417, 21.7867, 3.52678, 8.15358, 12.9565, 1.12943, 28.719, 22.4128, 11.3653, 15.2887, 17.2134, 5.77519, 6.46676, 20.8976, 13.8412, 28.9232, 25.8644, 29.529, 29.656, 10.6944, 12.0153, 19.6157 ], 
          [ 21.9761, 15.2022, 21.3012, 26.8784, 24.6894, 10.5, 15.99, 24.8408, 5.49283, 3.59602, 28.0786, 3.66939, 10.4124, 6.52042, 9.37233, 17.3075, 27.0618, 16.0172, 21.5205, 8.33651, 9.42389, 21.0534, 3.721, 6.59908, 10.4493, 20.3936, 11.6803, 29.5238, 24.7488, 19.431 ], 
          [ 18.5286, 21.8931, 3.27864, 8.1647, 23.634, 29.4162, 20.7931, 14.6033, 5.81437, 4.57802, 26.4359, 1.95849, 23.8317, 3.64683, 13.1175, 10.0146, 7.19658, 19.164, 29.7505, 14.7172, 14.2463, 12.9289, 14.4409, 11.3348, 26.2738, 2.59316, 23.5241, 12.5354, 28.0817, 14.9731 ], 
          [ 14.6793, 21.3875, 14.4735, 18.3911, 17.6588, 15.721, 12.2954, 25.6153, 22.0671, 6.30803, 22.8158, 10.4109, 25.5941, 4.96376, 11.8774, 21.8309, 3.56867, 21.7203, 27.0177, 21.95, 25.2734, 19.4422, 19.0615, 3.09888, 23.4945, 18.0075, 24.2876, 26.8007, 16.0684, 9.53876 ], 
          [ 13.3704, 13.1014, 15.5976, 17.9245, 25.9941, 6.06191, 28.7358, 14.7711, 19.9825, 15.6511, 20.4001, 19.3698, 23.9584, 12.8514, 23.3036, 20.8409, 10.0459, 20.3552, 8.40607, 24.0595, 28.2813, 17.3362, 29.6156, 17.7058, 13.353, 29.9812, 22.6014, 7.15662, 8.7357, 13.711 ], 
          [ 26.7156, 10.9859, 2.82872, 17.6486, 19.4453, 4.44498, 18.3332, 11.4722, 28.8661, 4.46631, 27.0147, 23.8028, 27.0512, 16.949, 21.4641, 15.7594, 4.20201, 27.8471, 1.20123, 19.7421, 8.64398, 6.41727, 17.4063, 28.9715, 11.5754, 18.4182, 1.88311, 8.29712, 17.629, 8.41653 ], 
          [ 27.2208, 7.84261, 16.082, 28.4534, 10.4452, 18.9617, 5.69886, 2.41157, 27.7072, 29.1075, 20.4677, 21.0561, 9.69391, 17.0494, 3.0438, 27.7134, 17.6258, 2.18282, 10.6813, 20.4228, 22.2365, 2.88846, 8.60172, 20.5947, 25.2234, 25.1227, 24.9815, 7.36376, 29.1216, 14.3171 ], 
          [ 3.19199, 11.6446, 6.85396, 7.59303, 7.46672, 12.1302, 19.2997, 28.3917, 10.3927, 14.3496, 25.8259, 25.3784, 2.94309, 8.0964, 14.6083, 18.5991, 11.1309, 18.2386, 10.3477, 29.3323, 21.4358, 16.7429, 8.89151, 1.28297, 27.6587, 6.28537, 4.95744, 21.4703, 5.91601, 29.5616 ], 
          [ 2.69382, 13.7183, 14.9798, 28.6047, 20.1221, 28.4442, 15.6498, 6.00709, 22.4909, 27.1631, 10.4575, 26.2002, 29.3217, 29.9314, 3.0432, 28.8387, 8.45326, 28.8055, 11.6882, 10.934, 11.1495, 9.13134, 15.5324, 24.2901, 29.7364, 16.665, 9.37904, 10.7339, 2.02043, 15.8542 ], 
          [ 6.62936, 20.2425, 9.5801, 4.69053, 13.407, 19.8631, 5.94319, 23.9489, 9.85598, 6.76528, 22.4735, 24.5862, 13.1527, 22.7525, 15.5353, 9.98283, 2.27731, 15.4706, 29.6759, 27.6045, 19.6654, 25.4395, 24.4231, 8.99053, 8.90519, 10.9701, 1.84236, 4.16113, 25.0781, 24.4757 ], 
          [ 15.5876, 25.3256, 12.5695, 10.3955, 12.4086, 2.6717, 7.87749, 29.3776, 11.7864, 26.7083, 1.21929, 4.7352, 15.8976, 19.1867, 5.3054, 9.48558, 18.8889, 6.73548, 7.60059, 10.5287, 7.89192, 15.539, 29.5694, 4.29183, 6.72084, 23.442, 22.1031, 21.7989, 8.70049, 16.519 ], 
          [ 7.03688, 24.3127, 2.65143, 9.26267, 23.0894, 4.18531, 27.4951, 9.26936, 29.4111, 27.2083, 10.0048, 9.95411, 18.625, 25.8548, 24.4987, 4.37637, 22.09, 19.0393, 26.4503, 13.5875, 23.5579, 10.8566, 15.824, 21.3712, 7.75811, 18.8179, 2.39044, 24.496, 27.6411, 3.90245 ], 
          [ 10.5204, 5.00444, 8.85856, 16.7194, 4.15452, 19.8542, 20.3266, 20.9729, 27.6992, 9.11395, 20.0204, 5.09892, 25.0363, 8.46879, 4.13089, 21.2559, 23.5689, 11.5872, 28.9375, 6.72609, 19.293, 15.9068, 23.3948, 20.4614, 28.6632, 1.64536, 21.6695, 25.3551, 2.74844, 16.9169 ], 
          [ 23.4816, 8.44799, 21.9443, 3.97993, 3.89015, 7.14728, 9.46246, 8.16588, 1.67082, 25.685, 3.93726, 16.8426, 27.9453, 4.59455, 9.04196, 11.8564, 1.26329, 17.7801, 2.88754, 25.4524, 6.48484, 5.27567, 15.8266, 7.26325, 10.3792, 5.37567, 3.1256, 28.6603, 25.915, 16.3531 ], 
          [ 9.7733, 24.3618, 29.5389, 3.32423, 19.1162, 3.63051, 9.76313, 3.06669, 4.2083, 17.7153, 19.518, 19.0359, 7.68678, 6.28276, 27.5409, 2.18316, 23.9859, 2.87642, 25.0094, 15.8279, 27.6671, 13.8929, 10.1174, 6.1964, 19.8159, 13.0446, 12.9263, 5.7066, 3.47613, 21.324 ], 
          [ 5.62662, 15.6916, 18.4861, 29.5171, 6.82279, 14.499, 2.41643, 21.5468, 5.19242, 28.5213, 3.88387, 5.48238, 4.54147, 10.901, 22.9836, 29.6991, 25.5883, 21.046, 6.27167, 25.2029, 23.5277, 6.41847, 25.0627, 15.1348, 4.11268, 12.878, 13.4395, 27.5553, 10.8602, 19.781 ], 
          [ 26.9755, 7.83234, 28.9077, 5.63018, 14.7609, 29.2196, 19.7786, 4.09427, 6.5229, 27.345, 15.4822, 12.5368, 26.3828, 29.2089, 9.232, 1.99277, 5.7301, 29.5893, 3.36362, 1.02944, 12.3393, 8.7194, 19.1496, 3.07453, 5.57411, 16.6676, 15.6749, 19.3696, 17.3342, 28.1209 ], 
          [ 3.54106, 24.526, 2.1846, 5.91005, 23.7712, 28.9929, 5.66258, 28.4211, 6.96249, 23.2699, 27.6188, 2.96107, 29.8002, 25.3462, 17.5546, 14.5139, 24.3855, 5.19805, 7.91047, 2.11908, 26.7963, 4.92965, 21.4055, 12.0344, 3.89741, 15.4179, 25.4129, 23.3932, 14.3967, 23.2955 ], 
          [ 15.8853, 20.763, 15.8394, 11.6237, 29.6775, 23.0119, 15.8303, 13.6733, 11.6716, 3.78382, 26.2969, 21.5242, 13.1436, 29.8006, 20.2129, 20.4498, 29.4354, 21.3648, 26.291, 3.33748, 28.6215, 23.8489, 24.8802, 1.15225, 1.72761, 5.5994, 16.8402, 1.61231, 6.5247, 13.7853 ], 
          [ 20.15, 25.6805, 2.70559, 25.5276, 14.3919, 20.8643, 1.44117, 16.4291, 4.37925, 22.3408, 4.59277, 6.5822, 3.17552, 9.43585, 18.1061, 2.62652, 26.5867, 16.912, 18.5066, 23.1808, 8.8625, 25.6561, 26.0462, 27.8925, 28.3608, 8.40689, 11.8861, 7.06182, 8.87291, 29.4024 ], 
          [ 4.35947, 17.8652, 27.9464, 23.9777, 14.9381, 27.2257, 17.5493, 9.83985, 11.7587, 20.8232, 7.22562, 28.8801, 29.1816, 4.21904, 19.3165, 22.9725, 18.8201, 23.3538, 27.6756, 27.426, 15.9895, 18.2253, 15.3197, 29.8302, 10.9653, 15.7119, 4.38799, 9.59734, 20.3857, 25.5737 ], 
          [ 10.3612, 21.7978, 14.7187, 25.7347, 24.3119, 3.37649, 5.95334, 8.53949, 14.501, 3.7651, 3.17011, 17.1643, 28.0992, 13.7246, 2.25814, 16.9446, 23.1544, 21.8591, 17.5568, 3.3639, 10.0414, 10.5127, 26.6406, 1.5641, 27.7009, 23.7794, 3.99978, 24.0669, 3.24757, 9.99521 ], 
          [ 3.64387, 10.6152, 2.72088, 1.02697, 3.14968, 11.0127, 26.5169, 26.451, 12.1991, 18.5776, 18.9196, 15.1429, 3.56551, 2.02173, 2.71322, 8.13505, 18.359, 25.8703, 21.4871, 23.4252, 4.73545, 7.54019, 5.74543, 5.87435, 9.23488, 15.8944, 20.9451, 2.90802, 18.4212, 24.5462 ], 
          [ 2.13018, 9.70852, 28.3792, 28.3022, 28.8295, 21.4394, 28.7927, 15.6119, 12.8608, 1.57891, 23.3669, 7.18021, 15.7043, 22.2025, 21.6171, 1.63377, 25.0562, 25.3552, 17.0635, 10.4542, 19.9619, 28.156, 9.54782, 20.3615, 18.5157, 21.212, 19.1648, 21.564, 16.8163, 25.0332 ], 
          [ 20.2948, 27.5582, 3.5271, 24.3003, 14.1148, 21.9373, 3.54191, 19.3567, 19.4598, 28.9829, 20.0025, 13.246, 13.6569, 5.40513, 11.2599, 1.13461, 13.3738, 9.41553, 11.7215, 22.4078, 1.20124, 29.8152, 3.68114, 9.52327, 5.18963, 16.2916, 9.8697, 9.74487, 7.87158, 6.59978 ], 
          [ 24.1025, 26.6178, 9.34186, 1.6811, 10.4707, 28.7313, 17.5617, 27.7148, 7.32065, 10.5945, 29.2558, 2.0141, 12.2951, 27.2961, 8.82536, 29.886, 20.4051, 20.5302, 24.9247, 19.5834, 10.9404, 29.5787, 3.23759, 29.4543, 21.8037, 13.621, 15.966, 21.4841, 19.0731, 26.0108 ], 
          [ 10.1187, 19.7422, 17.3763, 21.1053, 18.7713, 6.11326, 2.73327, 6.21811, 23.4339, 24.1417, 1.17192, 1.98665, 5.63562, 16.309, 29.7252, 14.5292, 18.2576, 20.2693, 14.7351, 16.1731, 3.93171, 17.4172, 24.8622, 29.1443, 4.08714, 18.11, 23.4261, 1.91396, 19.9032, 8.0403 ], 
          [ 4.02341, 5.47185, 27.4482, 22.0862, 21.5955, 3.06874, 22.4628, 7.43911, 21.0383, 18.8226, 27.5187, 25.2225, 12.3184, 16.2483, 21.05, 3.25937, 16.1502, 1.16284, 10.0072, 4.9094, 15.0908, 27.6869, 11.651, 15.1393, 26.2045, 17.337, 2.16923, 4.8179, 28.7925, 9.63809 ], 
          [ 9.12724, 2.21854, 25.7818, 24.0095, 20.906, 4.18544, 7.65476, 9.15669, 17.8006, 16.5876, 3.33999, 29.7783, 4.47211, 5.41423, 19.2181, 2.93262, 6.53263, 17.7502, 18.3317, 26.0264, 15.3395, 2.64968, 19.8034, 5.073, 14.1425, 25.5608, 21.9566, 22.44, 27.2041, 17.1455 ], 
          [ 3.24049, 4.13139, 11.2276, 6.20821, 22.3123, 12.643, 16.5577, 26.9722, 20.2297, 10.2081, 25.237, 20.7316, 13.3044, 25.0282, 11.5352, 6.50642, 27.298, 28.9258, 20.0007, 6.02003, 5.34277, 25.188, 17.0592, 23.8596, 6.78336, 7.99545, 17.5993, 24.9014, 20.0899, 15.538 ], 
          [ 21.3316, 19.4166, 1.11383, 13.1974, 6.04415, 26.4907, 10.2092, 27.2508, 15.013, 11.3215, 29.6491, 4.97408, 11.3818, 1.64403, 29.1671, 18.3814, 13.3052, 6.91469, 22.1385, 20.0424, 17.0992, 3.57351, 29.5084, 9.05954, 6.67091, 24.7174, 17.7578, 27.7166, 1.18331, 11.7037 ], 
          [ 24.0325, 9.3465, 9.87445, 10.1667, 6.46446, 1.93539, 12.8465, 27.0156, 4.69422, 7.62212, 13.282, 7.75158, 25.0015, 19.8289, 8.15136, 2.85719, 8.31297, 28.527, 3.34843, 13.3343, 2.12176, 25.1646, 26.0821, 14.7325, 18.9071, 15.2794, 15.949, 9.88397, 17.2788, 26.2253 ], 
          [ 23.0969, 26.9761, 10.9706, 29.4303, 4.46331, 16.5157, 17.7406, 20.5624, 12.5956, 26.0086, 9.20989, 17.9156, 16.5828, 26.9297, 20.3406, 13.1757, 10.5243, 14.7222, 5.23747, 16.5105, 6.88253, 6.6968, 10.5674, 3.88188, 18.1321, 1.06876, 28.2672, 5.74918, 21.112, 13.9767 ], 
          [ 1.04531, 21.8765, 28.6247, 23.0539, 23.6212, 1.60388, 18.2015, 2.91614, 15.2034, 20.4167, 18.4626, 12.4237, 3.92785, 28.2076, 21.5118, 22.4144, 20.1813, 6.22594, 10.5945, 14.783, 23.9241, 11.6124, 19.0778, 29.5677, 19.0853, 12.6295, 28.3142, 8.51195, 24.144, 5.62147 ], 
          [ 6.53632, 16.9238, 16.0791, 9.5932, 19.9018, 5.88467, 16.1317, 14.6327, 13.974, 27.9423, 24.1334, 8.82109, 22.8577, 23.6956, 15.4113, 18.8083, 20.5399, 28.1044, 1.84575, 11.4863, 19.6928, 2.21356, 15.9091, 3.03262, 22.2774, 2.49784, 24.6497, 13.7654, 5.4208, 1.31307 ], 
          [ 21.9738, 29.8156, 13.4171, 13.6051, 25.8093, 27.2172, 6.13264, 18.5916, 21.4531, 8.94551, 5.82368, 10.9869, 19.5521, 26.6965, 5.41408, 28.285, 25.8173, 28.9642, 18.1304, 14.2594, 24.2602, 11.3727, 1.07827, 17.2942, 21.6532, 4.3438, 19.7292, 17.83, 29.7665, 28.6516 ]
        ], 
        [
          [ 5.44564, 23.9901, 14.8033, 13.0147, 3.30029, 3.0204, 13.5267, 2.09439, 8.29507, 14.769, 5.59884, 23.2207, 17.4774, 1.57969, 5.57541, 2.38267, 26.1529, 13.0775, 20.8019, 20.7614, 4.68012, 10.2249, 3.03808, 29.9225, 29.1471, 4.79689, 22.5515, 27.3981, 14.1221, 9.65274 ], 
          [ 11.7238, 28.2026, 28.7263, 17.8082, 2.92893, 28.3116, 6.45434, 13.9684, 5.52487, 12.2312, 1.96662, 8.48966, 1.10149, 4.79589, 10.3023, 10.9006, 4.83284, 10.902, 25.5525, 16.2162, 29.6299, 23.7784, 11.7062, 20.1209, 29.4149, 14.5745, 24.7229, 23.009, 29.1243, 14.5949 ], 
          [ 8.80797, 24.6284, 17.9883, 10.4071, 22.7282, 2.7394, 11.1904, 19.7463, 2.85862, 18.945, 13.3389, 24.6218, 4.73158, 18.1746, 16.0149, 17.5553, 15.5649, 3.21447, 28.7037, 24.8024, 19.6633, 3.83029, 24.8728, 21.7672, 15.9245, 21.3327, 15.2781, 27.8453, 1.37677, 28.6057 ], 
          [ 3.78496, 18.2622, 29.0722, 21.4868, 27.5652, 27.9804, 27.029, 12.9986, 10.2341, 5.9362, 26.8319, 28.5928, 12.4213, 18.5883, 6.06344, 21.5587, 8.17155, 12.7252, 18.9809, 26.4221, 2.38612, 3.21266, 21.4269, 1.70816, 18.9687, 11.0292, 24.4422, 29.1712, 11.2415, 4.60501 ], 
          [ 18.2149, 11.6387, 4.76206, 21.1679, 14.1082, 19.6762, 28.7489, 9.39343, 27.1354, 13.1786, 9.03069, 29.4448, 13.2294, 18.2734, 29.6405, 7.42137, 4.75394, 4.16879, 18.7057, 25.1861, 1.77578, 19.1582, 1.03546, 16.3099, 17.5056, 21.1559, 22.2807, 10.292, 20.9911, 20.0776 ], 
          [ 9.90782, 5.8369, 20.9159, 24.9297, 21.6809, 1.7741, 9.65267, 24.3323, 9.39659, 29.4592, 27.6559, 4.72297, 2.9849, 27.9932, 4.4497, 4.92812, 28.3459, 10.9574, 23.8857, 1.08723, 13.6035, 9.56085, 27.9998, 26.3843, 26.0286, 8.78975, 18.7198, 27.1844, 27.0203, 24.8602 ], 
          [ 3.98006, 9.04381, 2.62477, 23.9401, 1.74835, 5.08091, 7.23323, 1.54054, 17.9754, 2.50588, 29.7069, 3.60843, 21.8913, 24.2961, 4.66714, 7.09616, 21.4487, 16.7583, 1.95708, 19.977, 3.49184, 11.8454, 14.6064, 5.90113, 22.7801, 4.78837, 6.45389, 13.4391, 16.0704, 22.3212 ], 
          [ 23.0576, 10.3886, 5.69128, 28.1382, 17.1589, 26.8378, 22.0893, 18.4473, 8.50943, 13.922, 29.286, 26.1839, 6.22397, 9.80469, 25.4353, 25.1339, 24.1092, 10.5616, 15.2278, 19.4094, 1.25344, 27.3359, 24.2692, 18.8328, 8.21941, 22.4829, 27.059, 26.7304, 19.7177, 17.139 ], 
          [ 2.313, 13.3025, 8.62175, 24.0699, 2.62486, 18.7539, 16.9959, 14.981, 28.3952, 1.00716, 21.0128, 17.7346, 15.5639, 9.8069, 11.2464, 2.76353, 14.0564, 11.5893, 6.7881, 3.90235, 20.7004, 27.8142, 24.6896, 23.4127, 17.9731, 26.562, 1.54036, 11.5072, 4.15553, 20.5335 ], 
          [ 17.0577, 14.8259, 18.2608, 11.007, 14.8084, 23.118, 20.1549, 20.3411, 29.6328, 15.2706, 5.09535, 20.8425, 24.1879, 16.7876, 29.1652, 14.5418, 19.5063, 20.2162, 2.51419, 14.267, 29.543, 8.77211, 12.3463, 9.38879, 13.1471, 6.26065, 4.34529, 1.43118, 27.5132, 26.179 ], 
          [ 6.86704, 8.11556, 22.4417, 26.7219, 4.73404, 16.6914, 23.4674, 7.15712, 4.2756, 7.73445, 23.8581, 8.87592, 1.40262, 17.7114, 10.9342, 1.84582, 7.57015, 5.8318, 12.909, 28.0213, 16.6152, 6.2032, 23.9695, 22.0775, 14.4287, 20.2918, 16.7217, 2.81456, 15.3944, 5.43294 ], 
          [ 27.8122, 16.1699, 20.4894, 20.3351, 6.35694, 3.92981, 17.0347, 26.0363, 7.9102, 7.73054, 23.8805, 26.51, 6.26421, 16.2744, 26.5002, 14.4746, 14.6807, 14.1758, 16.7314, 21.9676, 29.516, 26.149, 2.51335, 9.6907, 29.0423, 9.27627, 22.1146, 13.5399, 23.8808, 26.8957 ], 
          [ 3.93597, 19.7491, 17.8098, 21.0125, 2.49501, 26.7567, 6.13855, 9.24509, 24.1882, 13.025, 18.9257, 16.4067, 29.7635, 19.3074, 15.8361, 23.4506, 8.691, 2.08972, 20.4347, 11.63, 26.676, 1.68725, 14.0469, 16.2883, 28.0965, 18.4098, 14.5969, 18.683, 4.3658, 26.0653 ], 
          [ 11.6353, 24.2044, 14.9043, 22.9943, 10.1462, 10.6435, 11.3306, 22.2228, 2.70478, 11.7545, 11.1026, 24.3929, 18.7384, 16.3635, 23.4766, 29.6871, 1.96497, 23.1109, 25.9925, 25.7677, 8.81924, 13.8881, 29.1368, 1.86072, 11.6556, 17.574, 7.99355, 8.89726, 29.1217, 4.81739 ], 
          [ 25.8955, 1.41822, 1.52691, 29.3008, 27.8063, 10.4394, 1.82113, 11.6843, 25.0709, 3.9594, 5.98363, 22.0212, 8.12447, 6.73835, 28.6125, 20.4247, 28.6652, 13.0779, 23.755, 12.9738, 4.52817, 3.45219, 4.35646, 7.90048, 5.8562, 17.2385, 12.7323, 2.4461, 22.4375, 6.73676 ], 
          [ 6.75519, 6.88173, 17.7562, 18.2756, 22.139, 8.15907, 1.09503, 22.2764, 21.5157, 10.9436, 7.0184, 7.35113, 22.1341, 20.1407, 9.70832, 19.2203, 13.0011, 8.24657, 6.93314, 1.88666, 17.7923, 28.1013, 9.70568, 19.8588, 17.9887, 20.3299, 4.29277, 15.9573, 9.38961, 23.0702 ], 
          [ 20.5203, 8.494, 27.1012, 9.44954, 6.21561, 2.25166, 6.0955, 10.0423, 22.7727, 10.5631, 12.3941, 11.8701, 28.3252, 1.79104, 18.8859, 20.9475, 17.2983, 26.3454, 15.9767, 14.9734, 11.3203, 1.62974, 15.7375, 5.83178, 12.7076, 25.0736, 15.319, 19.548, 9.20519, 6.0645 ], 
          [ 3.55242, 21.2426, 29.9171, 26.1629, 6.18075, 11.6822, 1.97488, 20.5185, 11.1642, 19.1802, 15.4742, 23.0701, 28.1812, 10.7845, 18.6165, 1.20622, 4.12197, 25.7876, 23.1811, 8.08888, 22.249, 19.6078, 3.12486, 7.61008, 16.1395, 18.2972, 20.4065, 5.4571, 6.53062, 27.155 ], 
          [ 19.2588, 22.7652, 4.91121, 15.6555, 19.3693, 21.5196, 9.93335, 13.7369, 8.67021, 20.5127, 10.2145, 25.6102, 3.91106, 6.69242, 12.9281, 14.6562, 3.35736, 25.4063, 20.6884, 1.76692, 23.9966, 4.19545, 4.21974, 8.63616, 26.4422, 15.5299, 29.5833, 21.9584, 29.4492, 22.5192 ], 
          [ 19.5619, 7.53124, 21.5095, 1.60251, 18.7557, 13.0665, 19.4355, 23.1159, 7.62093, 28.3417, 17.962, 25.4694, 14.4726, 10.3031, 7.36504, 23.1262, 15.2326, 5.73588, 5.76183, 14.3425, 22.3052, 14.4237, 2.79441, 11.7694, 24.45, 21.1688, 10.9738, 16.6926, 13.0587, 13.1411 ], 
          [ 26.3514, 14.9081, 27.1348, 25.8884, 16.0896, 22.2017, 21.807, 29.7663, 13.95, 29.6503, 27.2285, 28.9127, 23.4442, 6.09983, 3.72634, 22.3686, 13.9033, 19.86, 23.6794, 9.03706, 13.9255, 14.8459, 26.1711, 5.18999, 20.9892, 1.91296, 10.7329, 17.924, 29.0382, 8.60547 ], 
          [ 24.9429, 26.7121, 29.442, 19.0902, 26.3286, 14.6031, 11.8378, 5.81026, 29.5362, 24.8, 27.1165, 29.0712, 27.4742, 16.6785, 5.24632, 28.5833, 10.0354, 9.10573, 12.355, 17.774, 25.4493, 24.5131, 26.4467, 2.6063, 13.7812, 27.778, 17.1988, 3.64133, 28.4107, 19.9505 ], 
          [ 27.6256, 11.1007, 19.5654, 20.2922, 6.84577, 29.794, 29.5516, 13.9395, 20.1108, 10.8657, 5.60092, 16.9647, 9.80282, 14.284, 4.70623, 17.6599, 21.8007, 24.0193, 25.9491, 27.7576, 11.3439, 22.7682, 27.8111, 17.1651, 27.7179, 23.4831, 16.8022, 7.5397, 21.1704, 9.18785 ], 
          [ 26.8333, 4.35463, 24.9273, 8.00007, 3.29328, 12.2227, 11.6186, 29.718, 10.652, 2.56119, 5.04174, 25.8617, 5.88376, 4.08306, 16.4967, 9.17439, 11.9738, 28.2973, 19.843, 4.54988, 12.0287, 19.7819, 6.9045, 5.64584, 12.6601, 2.6595, 26.7207, 8.37992, 22.5155, 19.0883 ], 
          [ 3.37605, 22.945, 3.45365, 19.5688, 28.4492, 19.7277, 19.7619, 23.1673, 14.2107, 21.8781, 20.192, 13.0278, 24.2665, 13.365, 17.8109, 12.242, 23.1234, 5.05401, 15.1004, 2.57243, 3.31674, 2.52857, 2.48497, 19.9172, 8.67417, 25.2012, 21.8074, 13.6972, 12.4382, 18.2267 ], 
          [ 7.62077, 4.85623, 28.1123, 10.0588, 19.9668, 10.9899, 14.3545, 26.9309, 26.9384, 14.2339, 8.29661, 15.4324, 11.3875, 5.69341, 28.382, 12.5235, 27.5311, 18.1534, 13.4841, 3.60223, 4.60431, 23.045, 1.54062, 14.6589, 12.8619, 11.3272, 15.8502, 8.00878, 12.8632, 18.4938 ], 
          [ 21.0229, 23.6969, 7.19345, 19.9137, 14.4419, 23.5586, 20.8813, 1.64374, 8.47458, 1.62883, 18.0655, 12.4381, 26.4064, 12.8319, 19.6166, 18.7618, 4.50852, 25.7378, 4.26245, 14.343, 11.828, 19.0137, 23.4136, 12.4003, 24.3554, 25.2142, 1.555, 21.4509, 3.49724, 29.2016 ], 
          [ 4.33862, 2.30513, 5.09398, 13.7675, 7.73652, 8.3201, 21.4902, 7.48788, 5.2982, 3.24519, 27.0534, 6.78139, 13.5548, 14.123, 4.28124, 12.465, 24.1727, 5.42929, 20.8679, 1.90567, 22.3317, 24.0163, 13.8173, 5.2635, 20.4039, 9.33589, 22.4922, 26.9019, 20.9762, 1.48487 ], 
          [ 28.9331, 20.9034, 11.3491, 8.57154, 19.4677, 25.8937, 7.49565, 16.3851, 6.11916, 15.2012, 20.1883, 4.14934, 17.2349, 11.1185, 7.30331, 26.6216, 9.7285, 1.74122, 5.77851, 29.0611, 7.14069, 18.519, 6.4115, 14.3702, 27.294, 21.4913, 21.0507, 11.0823, 10.4236, 14.8993 ], 
          [ 1.17884, 28.0237, 8.18868, 1.77985, 7.24675, 23.4895, 9.45009, 19.7699, 19.6744, 11.2221, 25.6181, 6.47072, 26.8661, 8.16431, 22.5397, 6.88729, 20.1245, 27.0372, 1.77244, 26.325, 23.6021, 22.9165, 13.6202, 15.1681, 15.9692, 14.1477, 27.2475, 25.9236, 8.73136, 12.6599 ], 
          [ 1.08452, 21.4538, 9.78968, 12.4924, 3.42596, 28.0795, 20.2892, 17.0326, 24.9906, 29.7947, 9.00955, 8.15859, 19.7449, 26.5126, 21.2732, 29.5069, 1.5172, 15.6652, 10.2888, 13.6634, 13.7042, 12.7502, 22.8962, 27.9215, 7.20802, 26.3157, 26.4743, 24.9253, 27.6947, 12.2566 ], 
          [ 18.8682, 7.88356, 18.9408, 24.7278, 28.2071, 10.1892, 3.0544, 2.6241, 24.9855, 13.8657, 22.8304, 10.8766, 11.4894, 6.4869, 22.6684, 9.76682, 11.351, 14.2354, 20.8075, 22.6053, 12.3087, 23.8429, 29.6019, 17.699, 11.1497, 8.35315, 27.499, 13.8879, 16.1326, 11.1562 ], 
          [ 2.7138, 5.87123, 5.71635, 24.6095, 29.3669, 17.9451, 14.3457, 14.4852, 24.4063, 23.435, 6.83488, 11.8476, 8.44485, 2.40171, 24.0556, 29.6645, 9.99693, 16.6865, 19.0013, 12.9718, 9.70472, 17.758, 19.6122, 19.0561, 1.85285, 12.9105, 10.7012, 19.1072, 20.7008, 23.6978 ], 
          [ 25.1623, 20.5494, 16.774, 28.4218, 11.8326, 29.0259, 3.43802, 28.3762, 1.20861, 2.84108, 20.7741, 10.8857, 16.3279, 7.96241, 23.7799, 28.1623, 5.08489, 8.03638, 19.375, 27.7669, 29.6547, 3.08875, 11.6321, 18.5558, 26.1167, 26.8014, 17.0486, 7.9101, 6.93036, 10.3021 ], 
          [ 22.0956, 23.3525, 24.4043, 27.8505, 12.331, 15.8189, 16.9975, 15.8804, 28.2741, 2.94229, 10.0453, 10.0367, 17.331, 2.63275, 28.227, 13.5292, 2.3394, 20.941, 3.19971, 4.00683, 21.2991, 25.9496, 28.1853, 29.2383, 29.7235, 9.51944, 26.9549, 22.117, 22.615, 22.7348 ], 
          [ 21.489, 20.7233, 7.96764, 22.6998, 7.50845, 7.25068, 11.1362, 21.2399, 17.1876, 10.3194, 28.8599, 4.3373, 22.5918, 2.99815, 20.0784, 27.2733, 11.2156, 16.166, 15.7003, 21.7684, 3.12182, 2.07501, 12.6183, 23.3371, 12.272, 12.4509, 2.32573, 24.4058, 21.4344, 14.5411 ], 
          [ 19.846, 22.9303, 4.42034, 2.74396, 6.88759, 6.23347, 22.3543, 5.09023, 3.36225, 27.4593, 8.54083, 16.9405, 14.0734, 23.5985, 26.2766, 3.85719, 6.61501, 25.7253, 5.52832, 21.2891, 15.4009, 18.0202, 28.9565, 18.8194, 18.7259, 27.8086, 10.6462, 23.2844, 3.79164, 18.0432 ], 
          [ 17.1148, 29.2643, 14.2618, 8.22444, 4.02514, 10.1242, 29.423, 8.35303, 17.2961, 9.94686, 9.48262, 2.28202, 7.10474, 14.1744, 26.134, 14.8311, 26.7658, 2.57221, 7.84419, 21.6177, 19.0617, 26.2261, 10.43, 24.726, 18.501, 15.1246, 20.6514, 2.79552, 12.1503, 2.29952 ], 
          [ 5.73468, 6.51567, 29.2681, 5.22035, 25.0319, 15.8588, 28.6913, 18.1852, 13.1074, 8.31679, 20.5034, 2.31965, 4.18974, 26.3836, 19.1228, 9.70624, 26.857, 19.3798, 16.2198, 2.62569, 16.5529, 3.83965, 23.4757, 22.6377, 11.0987, 15.8128, 1.58844, 23.4041, 7.98876, 4.38413 ], 
          [ 20.1963, 25.9263, 22.2818, 21.3456, 18.0947, 7.6743, 22.3626, 7.26739, 16.0131, 20.5022, 4.67556, 15.4448, 11.7408, 3.30053, 26.369, 27.0874, 19.5774, 10.2546, 5.74774, 11.7953, 16.6238, 29.2742, 27.3206, 11.6563, 20.6952, 29.2925, 8.61268, 19.8755, 28.3477, 11.4676 ], 
          [ 29.7479, 12.3213, 24.834, 13.6086, 11.9342, 2.27882, 15.8573, 9.43299, 3.87158, 6.38742, 25.8147, 15.3621, 10.0784, 8.9652, 6.56625, 9.21499, 27.2931, 29.3566, 18.9388, 29.1894, 5.857, 1.67408, 21.3712, 25.5003, 29.8118, 8.13267, 6.83533, 15.9546, 3.52366, 11.3925 ], 
          [ 11.6509, 20.0842, 18.6542, 16.204, 10.1702, 14.8058, 9.5413, 4.99293, 25.2856, 25.739, 10.1907, 24.313, 5.53636, 3.7762, 12.4116, 18.3406, 4.05461, 23.6551, 16.85, 24.1355, 11.5242, 25.7089, 20.2998, 21.1393, 8.08554, 13.0034, 15.1046, 4.18947, 17.6084, 28.6259 ], 
          [ 8.05406, 26.4434, 29.5409, 28.8305, 22.4362, 25.4967, 2.41376, 15.66, 14.2509, 13.377, 19.51, 13.7157, 3.69098, 24.498, 4.88378, 21.1954, 29.882, 13.983, 5.5315, 8.23843, 8.64962, 25.6606, 14.1659, 16.1442, 23.4408, 15.6514, 24.282, 16.7833, 15.0275, 7.73742 ], 
          [ 21.7395, 6.49157, 28.231, 5.54464, 6.07944, 4.92637, 7.77026, 7.31713, 12.1194, 15.5268, 10.9071, 22.4439, 27.6198, 10.1356, 15.9441, 3.22448, 16.2134, 11.4084, 4.22072, 20.684, 10.992, 23.5229, 12.6787, 22.3654, 25.4227, 10.7394, 14.5425, 11.9494, 24.0486, 27.4284 ], 
          [ 24.3988, 26.0311, 13.0062, 15.633, 29.3608, 29.7526, 17.2697, 28.9298, 28.7143, 3.114, 9.00336, 17.7298, 10.98, 20.424, 2.40966, 8.45857, 22.9375, 27.5511, 21.6286, 19.8855, 26.2334, 25.6187, 1.66231, 29.8142, 1.34897, 1.68271, 17.4171, 24.5601, 10.2226, 16.6428 ], 
          [ 9.12716, 15.7796, 6.89443, 3.58888, 9.46647, 9.31648, 25.9944, 13.6278, 16.96, 11.8394, 9.59164, 8.47492, 5.70676, 20.2142, 4.03303, 15.2384, 16.8448, 13.8779, 6.46184, 20.4122, 2.17567, 27.0255, 17.8846, 18.1304, 27.1092, 26.757, 3.33839, 10.763, 9.63378, 12.5403 ], 
          [ 15.2991, 8.19513, 16.5143, 14.1173, 29.8714, 26.8221, 19.892, 4.51467, 15.9452, 15.4021, 9.6671, 22.9454, 8.40708, 29.3799, 29.368, 28.9988, 11.4493, 2.08197, 7.86105, 24.8655, 1.93209, 7.42008, 20.4395, 16.0724, 26.1437, 8.63265, 26.9693, 14.3147, 10.9228, 18.5034 ], 
          [ 12.4676, 1.56006, 2.78634, 14.4022, 29.8276, 13.6094, 7.51067, 18.3124, 15.71, 5.01254, 25.5102, 5.63268, 20.4933, 2.95334, 17.9469, 15.4501, 17.352, 5.79481, 13.0858, 3.23026, 22.0209, 22.333, 11.3942, 18.2436, 26.625, 6.58692, 22.6757, 14.7455, 16.9612, 24.5151 ], 
          [ 26.7022, 7.98208, 12.8219, 13.1337, 26.0392, 6.54349, 15.9033, 25.0658, 10.2738, 14.4113, 11.0128, 28.8439, 13.2751, 14.1463, 24.5313, 18.5837, 11.0974, 8.36491, 14.7579, 26.5466, 29.6396, 7.63751, 10.3627, 29.108, 11.6741, 27.8581, 6.2416, 25.3596, 6.96829, 1.47805 ], 
          [ 2.92514, 11.2804, 14.2741, 29.8133, 25.9141, 20.0972, 19.8126, 15.711, 7.46622, 28.5883, 14.8282, 1.51645, 7.8023, 26.6604, 9.99036, 9.35072, 13.8547, 29.5975, 17.2884, 12.6769, 5.48908, 22.6444, 10.477, 26.9599, 6.77353, 7.79019, 16.7042, 7.35423, 24.5694, 18.0168 ], 
          [ 22.0894, 29.5065, 10.0216, 17.2341, 12.3815, 17.0059, 18.9784, 7.15486, 25.016, 3.51019, 10.1838, 7.25498, 8.18665, 11.6736, 4.57821, 29.2709, 24.2782, 18.4831, 23.0749, 19.9506, 2.39942, 21.4603, 10.172, 22.9244, 4.74152, 22.6517, 21.9264, 13.6792, 16.6464, 11.855 ], 
          [ 24.4337, 21.9165, 10.7833, 27.8005, 11.8983, 29.9578, 4.55467, 19.7568, 17.7912, 21.2205, 28.8171, 18.3039, 25.5135, 27.9948, 12.6861, 24.3259, 2.27052, 11.9266, 27.6988, 1.76115, 15.7552, 7.67414, 11.3741, 15.2128, 13.6466, 28.0979, 24.8998, 3.29633, 6.9236, 11.2929 ], 
          [ 10.2877, 28.4002, 25.7292, 19.4988, 12.5931, 10.107, 9.09137, 5.45693, 12.9523, 20.6564, 20.9878, 1.08098, 23.9666, 29.7081, 15.2047, 16.6331, 22.7634, 22.0687, 11.2895, 5.77467, 16.974, 22.8239, 7.42445, 1.92869, 7.79486, 3.88417, 22.9799, 26.8877, 9.18406, 18.9935 ], 
          [ 16.7505, 7.97743, 28.1512, 6.18859, 14.3026, 19.7674, 11.9662, 28.1935, 10.8111, 17.9982, 27.3168, 28.7759, 8.53869, 20.2645, 12.4944, 8.25175, 28.3533, 7.19374, 2.96911, 5.26778, 2.81103, 9.83442, 18.9129, 28.4893, 28.6375, 18.2222, 24.7572, 26.2284, 27.2713, 26.4706 ], 
          [ 23.7214, 5.83239, 13.4166, 24.6258, 3.44372, 14.2752, 14.3217, 16.8782, 28.641, 24.0951, 26.6238, 14.5363, 9.20506, 25.7588, 29.1237, 26.998, 12.319, 25.9772, 28.7469, 29.4955, 26.6204, 26.3803, 25.4423, 3.95435, 15.729, 18.9455, 13.5352, 4.05219, 25.1882, 10.5913 ], 
          [ 29.2044, 17.5408, 19.9155, 18.1463, 10.241, 3.26538, 7.46786, 25.7738, 17.3802, 12.2499, 28.4753, 13.7386, 4.70089, 6.6121, 14.9986, 19.0422, 6.45878, 6.71903, 15.2934, 20.3866, 18.9376, 9.42342, 17.7429, 22.1806, 23.8656, 20.8026, 3.51503, 9.27947, 21.9638, 10.4792 ], 
          [ 18.1576, 16.5172, 21.3269, 8.35207, 18.7831, 29.0334, 3.02372, 19.0738, 19.3219, 21.5333, 10.6659, 20.021, 26.6099, 22.8724, 23.9781, 23.8639, 5.89033, 29.0204, 27.3083, 22.2062, 9.22001, 24.0285, 25.3801, 17.8553, 11.591, 25.5794, 18.3567, 12.3901, 12.3678, 1.4848 ], 
          [ 3.80389, 18.1968, 9.94664, 19.5682, 20.9166, 5.36468, 24.1224, 22.6868, 13.9393, 15.9904, 7.60322, 4.64961, 3.33169, 14.7213, 11.8082, 6.20318, 10.7622, 1.25283, 10.5775, 14.1876, 8.8219, 16.5046, 2.58808, 15.139, 18.0353, 4.85577, 27.0189, 1.11616, 16.1048, 27.297 ], 
          [ 5.74171, 12.6824, 25.1922, 22.8782, 18.2964, 7.31839, 3.30737, 19.6277, 5.65464, 10.4778, 25.3077, 3.05424, 24.7323, 12.4759, 24.825, 9.00515, 19.9628, 23.8231, 29.7165, 1.62824, 25.8774, 12.7874, 4.61635, 27.0457, 25.9483, 15.9349, 24.4594, 3.69683, 8.42488, 8.74202 ], 
          [ 25.751, 16.5953, 27.801, 7.28212, 8.60107, 20.108, 7.88268, 15.5692, 12.8735, 29.3313, 12.9259, 19.4624, 1.04264, 13.6919, 14.7892, 23.3582, 3.05693, 25.5798, 6.79257, 23.5312, 17.6327, 13.4758, 7.32526, 28.7756, 18.0663, 2.20966, 23.3793, 9.99821, 19.0107, 16.8707 ], 
          [ 9.55414, 26.1077, 21.9304, 26.2981, 2.17631, 3.27932, 19.4448, 12.8803, 8.61703, 6.23251, 20.2635, 18.5525, 6.82257, 6.56485, 28.4393, 11.0522, 4.74538, 1.76283, 8.34956, 7.06435, 27.9687, 10.3411, 16.9682, 16.0893, 18.4712, 26.1474, 16.3227, 10.992, 18.2523, 6.58987 ], 
          [ 19.4286, 2.38478, 15.8855, 2.7806, 29.824, 2.38607, 20.845, 18.1944, 13.3747, 1.30804, 7.94442, 16.2613, 2.05768, 28.0658, 3.27041, 21.5426, 26.8957, 19.4465, 3.6803, 6.98259, 27.0164, 3.83935, 2.02751, 24.288, 5.34496, 11.4426, 3.5256, 3.14246, 27.1764, 29.2947 ], 
          [ 27.3236, 16.7287, 5.28826, 22.2552, 9.16398, 19.6812, 14.7254, 24.6539, 16.5709, 13.7214, 25.7193, 13.3834, 21.0372, 28.7615, 6.22169, 6.76579, 26.1061, 19.7257, 21.7988, 13.473, 27.9509, 22.0036, 15.4218, 13.2817, 17.3944, 19.3856, 25.5598, 2.60708, 23.1002, 4.1944 ], 
          [ 17.4589, 11.3456, 24.0541, 9.94805, 19.3815, 11.933, 17.7522, 28.3882, 14.034, 15.2444, 27.4422, 19.1533, 18.6505, 18.5525, 1.0422, 24.8079, 10.185, 24.7939, 11.8643, 7.56138, 14.5846, 2.75753, 11.6224, 16.8874, 7.04863, 18.2837, 17.7219, 13.5957, 17.5778, 24.7326 ], 
          [ 22.9946, 1.56655, 14.9907, 4.32843, 10.3529, 1.62628, 2.3461, 5.17605, 2.58227, 7.63869, 6.64612, 13.8262, 15.1076, 11.9479, 5.52599, 29.0344, 18.7247, 3.33169, 22.3051, 21.8424, 28.1958, 15.2453, 12.4966, 4.10048, 25.2913, 14.2741, 25.4345, 22.1251, 28.7953, 24.3416 ], 
          [ 7.09315, 2.56486, 2.49725, 1.25455, 24.3558, 9.49341, 20.1186, 13.9851, 2.63654, 22.1892, 4.63402, 14.5676, 3.86491, 8.82349, 10.3698, 15.4561, 29.3355, 7.98693, 17.7225, 17.9033, 2.0181, 9.21295, 22.372, 11.3214, 17.6565, 13.6346, 12.8848, 28.0536, 27.4695, 12.5564 ], 
          [ 21.2053, 24.9373, 19.4406, 15.7582, 24.1395, 21.0896, 6.74768, 16.6588, 28.0663, 12.4612, 16.2276, 17.225, 13.8061, 10.893, 18.5868, 3.69185, 5.25419, 7.33826, 13.2142, 2.36934, 5.74896, 20.3535, 16.9257, 9.18065, 1.89281, 3.39408, 10.6141, 2.19303, 6.04984, 15.9221 ], 
          [ 12.379, 11.6617, 25.6751, 2.88104, 16.589, 14.5064, 27.5621, 25.4951, 27.959, 5.9467, 5.22058, 10.1892, 24.8434, 20.9691, 20.3828, 9.05674, 1.27935, 12.979, 9.23305, 7.18161, 28.7404, 15.0948, 14.3602, 15.2584, 27.4357, 13.1729, 19.318, 16.6171, 18.649, 23.5925 ], 
          [ 13.7542, 4.06691, 27.265, 20.0686, 12.0972, 8.57367, 9.96593, 9.03271, 2.76599, 18.4489, 18.5601, 29.022, 8.48971, 1.7964, 17.7742, 24.6049, 11.6484, 19.0627, 16.1474, 10.9843, 5.9046, 2.07691, 9.41295, 4.69994, 9.69118, 18.5759, 10.2912, 15.2746, 28.5892, 13.1606 ], 
          [ 16.7459, 19.2399, 19.1774, 24.3287, 22.5838, 8.80424, 27.0123, 13.5891, 6.38207, 18.7175, 13.5635, 12.572, 26.8352, 25.5391, 22.0371, 27.6187, 24.6556, 14.9701, 3.17241, 16.0004, 4.69709, 18.8885, 10.9526, 23.1018, 28.5401, 2.41867, 6.56132, 27.2836, 21.2113, 6.96296 ]
        ]
      ];
r = [
        [55281.5,63020.7,57214.3,53067.3,67782.3,56940.3,56306.6,57686.9,75273.8,79413.3,52080,62761.5,55615.1,75106.1,70934,56870.1,79175,72223.4,53384.6,68417.9,57690.6,64012.4,77655.8,59832.8,79515.1,53522,63961.2,67338.4,69700.6,59910.8 ], 
        [79292.3,62602.3,54822.9,79467.5,73219.4,73228.8,52502.3,70409.2,63401.5,71948.3,75151.7,60372.2,54669.5,71043.1,60584,66315.6,65034.1,81961.1,63585.9,50269.3,80363.6,75363.8,63974.5,79464.7,64019.1,58043.3,52574.8,80077.1,50248.2,81404.7 ]
     ];
d = [
        [45715.1,50537.6,84204.8,82022.1,10602.3,39757.2,21045.7,66647.6,32218.9,58637.4,73690.5,71308.5,18022.2,6426.59,77657.1,13512.9,39119.2,40949.2,55503.1,9481.77,60116.3,14038.1,14074,27601.1,62078.9,24948.7,38063.6,35129.5,3284.86,88982,22745.9,68064.8,89256.8,16686,44046.4,80804.5,76868.5,42004.2,2392.65,49970.5,40502.6,52472.8,38642.7,76056.9,7990.32,24843.1,27618,57008.1,49153.1,28929.1,16677,79636.2,40388.7,16460.7,7192.12,15890.1,65224.2,71331.3,45270.2,82640.4,69288.4,61556.8,45970.6,23702.4,20931.7,30977.7,38820,49688.2,65697,63342.8 ], 
        [16681.4,35621.3,79976.1,30742.4,32618.6,86072.8,21419.4,65153.7,24483.5,70991.7,60573.8,31595.4,59996.2,63413.2,28069,69084.2,71562.7,53292.2,3042.19,16470.4,7597.58,33597,59268.7,14207,56244.6,55101.7,69611.3,1139.11,29731.6,23294.6,7318.28,6735.08,75389.7,2247.19,20565.9,57918.1,85249.3,75452.6,21958.8,21797.6,35541.8,62331.5,74680.6,18426.9,49534.4,47594.8,26211.5,47067.6,7281.36,32453.7,2846.34,63980.8,1911.81,64525.9,24110.2,8581.03,48214.8,4941.35,8757.48,39176.1,68212.1,70437.7,56487.3,32288,38057.7,43947.6,71413.6,2848.7,57289.7,75897.1 ]
     ];
