/***************************************
* STOCHASTIC OPTIMITZATION
* OPL S2FVPP Data Generator
* by Jordi Mateo Fornes
* Model = S2FVPP; Stochastic (2S) MIP 0-1;
* Representation = Compact Representation;
****************************************/
I = 100;
P = 30;
C = 70;
G = 2;
p = [ 0.01, 0.01 ];
pc = 0.02;
ORCHARDS = { 1, 2, 3, 4, 5, 6, 7, 8, 9, 10, 11, 12, 13, 14, 15, 16, 17, 18, 19, 20, 21, 22, 23, 24, 25, 26, 27, 28, 29, 30 };
CUSTOMERS = { c1, c2, c3, c4, c5, c6, c7, c8, c9, c10, c11, c12, c13, c14, c15, c16, c17, c18, c19, c20, c21, c22, c23, c24, c25, c26, c27, c28, c29, c30, c31, c32, c33, c34, c35, c36, c37, c38, c39, c40, c41, c42, c43, c44, c45, c46, c47, c48, c49, c50, c51, c52, c53, c54, c55, c56, c57, c58, c59, c60, c61, c62, c63, c64, c65, c66, c67, c68, c69, c70 };
CGV = [ 12.3627, 25.4853, 10.2329, 20.683, 21.6957, 11.0756, 12.6637, 23.7192, 29.747, 24.3349, 1.6333, 4.32544, 17.4201, 25.5003, 10.542, 10.3069, 6.75382, 6.70016, 11.987, 21.4619, 7.0354, 11.8772, 18.5623, 13.2509, 13.4674, 27.7698, 8.32329, 29.4574, 27.4332, 21.3173 ]; 
s = [ 2.84972, 2.63639, 2.93451, 0.881518, 0.485698, 0.306994, 0.525129, 0.687612, 1.28742, 1.62071, 1.89602, 2.57658, 2.98629, 1.68668, 1.96442, 1.15665, 2.91276, 1.99352, 2.48752, 0.680003, 0.552075, 2.98777, 0.270194, 1.38969, 0.820449, 1.419, 0.795921, 2.74378, 2.73897, 28.9432 ]; 
CSV = [
        [
          [ 18.9857, 20.0303, 27.007, 24.7676, 14.9631, 29.8964, 12.0472, 24.1051, 28.7116, 8.83249, 13.5571, 3.99453, 1.14081, 3.95866, 4.56064, 28.3993, 22.0355, 23.0454, 16.8047, 11.7699, 29.9623, 23.2556, 25.0742, 9.03836, 6.07053, 3.4917, 3.72892, 18.7728, 6.7721, 23.8957 ], 
          [ 13.727, 16.5024, 21.3274, 8.72981, 6.48368, 12.318, 19.0048, 1.137, 20.72, 18.49, 10.6793, 25.6247, 29.4323, 28.3829, 4.55748, 13.6692, 13.8982, 24.723, 23.9453, 5.40544, 20.1303, 9.39289, 29.4038, 10.4475, 14.2553, 10.4012, 3.46749, 23.061, 4.96917, 27.4093 ], 
          [ 4.02221, 18.9595, 18.8455, 5.3144, 16.3061, 12.458, 22.0627, 28.6951, 26.5992, 3.03841, 14.9529, 15.6816, 3.88139, 13.7483, 8.95836, 13.0708, 22.9712, 20.1237, 3.30261, 15.8448, 14.4365, 2.86218, 17.7875, 28.2346, 3.34845, 1.54765, 27.3563, 2.92763, 27.9831, 12.5574 ], 
          [ 14.493, 16.3295, 13.6696, 10.8197, 2.03692, 9.57203, 1.99193, 15.0768, 13.1554, 28.2964, 13.6139, 21.9397, 18.6134, 28.3805, 13.3015, 18.0654, 23.5698, 6.54858, 10.7029, 1.14948, 11.4883, 3.87802, 17.7962, 15.7887, 24.4367, 4.01971, 25.6887, 9.178, 5.21733, 11.7062 ], 
          [ 1.14322, 9.67196, 26.2031, 13.9059, 16.1735, 12.413, 2.65875, 21.191, 23.3743, 18.3666, 17.2709, 8.76098, 26.0077, 11.0689, 22.7951, 1.7073, 10.5225, 26.8213, 23.1554, 2.81593, 9.37279, 28.8722, 23.3108, 21.6139, 6.47101, 20.04, 10.5949, 24.6051, 18.5148, 9.68223 ], 
          [ 23.9494, 11.0094, 28.7405, 25.7404, 13.5519, 14.4373, 22.8022, 14.0918, 14.2416, 25.4922, 25.4612, 12.2792, 3.01476, 12.011, 19.8637, 18.1667, 14.8613, 17.9758, 22.245, 3.95452, 23.195, 4.78206, 21.262, 4.20677, 20.559, 9.89606, 25.6983, 14.7771, 5.61137, 18.2264 ], 
          [ 16.7393, 27.1072, 9.82785, 12.9125, 5.47925, 17.2338, 14.7381, 6.65117, 15.1972, 17.2742, 27.9036, 15.4904, 22.0527, 27.725, 16.8545, 25.0496, 2.86636, 17.3135, 20.7925, 17.9611, 8.29078, 15.5767, 7.6513, 3.86805, 1.09963, 22.6999, 18.281, 28.8924, 3.50851, 27.6072 ], 
          [ 3.49561, 28.2569, 16.8921, 9.66302, 10.1704, 7.49694, 27.3663, 24.5927, 8.2391, 5.20565, 3.67531, 25.717, 11.9828, 7.35242, 8.57489, 5.69959, 28.7279, 29.9454, 26.1365, 15.0362, 21.0566, 1.06634, 22.0704, 14.9149, 27.3332, 16.2915, 6.1575, 10.5904, 10.2831, 16.9865 ], 
          [ 9.73687, 5.57036, 15.9526, 19.2169, 29.5722, 19.3483, 9.38843, 2.70998, 6.40172, 29.8461, 22.1753, 12.4041, 11.68, 23.4048, 2.06012, 11.0221, 25.5979, 27.3009, 14.8752, 23.8956, 1.56294, 28.7314, 6.73666, 22.1205, 29.8578, 26.8806, 28.9338, 12.0619, 18.8249, 23.9925 ], 
          [ 10.2675, 29.5623, 23.6434, 7.52003, 26.8877, 24.6438, 17.1447, 14.446, 15.381, 6.33986, 24.4539, 29.1892, 22.2618, 28.6638, 12.5988, 12.6904, 3.67958, 27.2779, 13.2819, 12.202, 22.8344, 8.88294, 27.1867, 17.9504, 6.82484, 19.2387, 12.1814, 2.00117, 26.1829, 23.6198 ], 
          [ 5.0917, 6.77791, 3.4038, 24.4412, 10.8195, 28.3879, 9.1488, 3.13217, 8.04929, 17.9542, 22.722, 3.23, 25.662, 8.33487, 17.1063, 18.6948, 22.332, 6.6535, 17.6964, 5.41899, 3.79186, 22.9439, 10.2783, 25.1618, 18.7156, 7.28543, 19.5503, 21.5007, 21.2149, 5.34102 ], 
          [ 21.2967, 23.8941, 19.8772, 13.6856, 12.6353, 22.0329, 25.7495, 21.6361, 25.0993, 12.3477, 29.5542, 10.8118, 1.12012, 17.6691, 24.941, 26.8177, 13.4342, 10.0921, 22.3553, 10.6519, 25.7517, 1.35472, 19.2116, 20.8622, 24.7952, 7.89925, 3.59191, 3.40171, 15.5549, 20.3158 ], 
          [ 10.9369, 14.852, 20.4452, 18.3583, 15.4366, 17.9731, 7.15236, 11.9719, 3.14761, 21.2647, 26.7626, 11.9244, 27.3197, 28.2802, 10.7475, 26.8099, 27.8611, 19.3151, 22.3473, 4.21403, 8.20454, 22.2066, 1.40515, 8.22537, 7.81958, 22.5515, 11.3595, 29.0177, 18.3073, 29.1547 ], 
          [ 2.7988, 13.4247, 29.9243, 14.5895, 21.9785, 8.14178, 19.117, 22.1353, 21.5432, 27.7616, 18.9652, 28.2008, 15.3471, 28.3579, 16.0675, 19.1784, 17.6056, 17.551, 1.49252, 7.65522, 2.11206, 9.05968, 18.2391, 17.3114, 10.5809, 28.1595, 23.6033, 13.8931, 2.93464, 3.88527 ], 
          [ 6.80246, 3.12589, 11.3529, 29.2005, 11.9497, 9.5978, 16.8835, 17.7284, 16.1206, 20.1098, 25.8168, 18.8662, 11.0943, 6.79049, 28.079, 14.7914, 11.4109, 19.588, 7.8306, 23.7011, 25.006, 19.2762, 10.2805, 25.334, 20.0363, 10.2265, 21.05, 10.0621, 22.6972, 2.40274 ], 
          [ 19.7964, 16.7446, 2.55988, 24.8295, 15.5228, 27.418, 16.8179, 10.7394, 7.21544, 4.2693, 27.7932, 26.0371, 6.83311, 19.9244, 27.3154, 12.4842, 23.6212, 5.35315, 20.2573, 9.09067, 7.90845, 16.6638, 11.3222, 4.25468, 9.0511, 16.176, 28.8182, 24.6466, 22.3902, 22.643 ], 
          [ 18.0507, 27.6562, 19.0463, 10.1885, 6.59449, 26.957, 24.6187, 22.5185, 18.0428, 11.5617, 24.2362, 13.4181, 27.8238, 10.8029, 26.5682, 14.4177, 17.8667, 4.97116, 10.9904, 10.7616, 14.9505, 22.2839, 29.7638, 20.4579, 22.3576, 16.3669, 16.5666, 9.47452, 21.0957, 1.08803 ], 
          [ 25.6584, 19.4956, 1.37637, 9.93516, 26.4811, 27.1748, 21.4765, 23.8725, 21.901, 9.88425, 22.1033, 11.7187, 17.2784, 19.0294, 18.7981, 7.94714, 10.9456, 3.39941, 15.3935, 15.4201, 9.53657, 27.7708, 21.2583, 2.68077, 14.0975, 14.1435, 1.38217, 14.8001, 20.3258, 2.23587 ], 
          [ 21.8689, 1.11384, 12.0989, 2.58408, 12.7891, 3.27776, 17.0632, 13.737, 3.0496, 25.176, 9.7066, 5.07917, 1.15486, 13.294, 20.324, 6.09078, 7.91685, 27.2903, 29.8307, 23.8799, 19.5626, 19.6532, 11.8618, 26.7676, 8.0347, 6.23622, 17.0332, 8.21946, 18.9196, 17.8997 ], 
          [ 16.3476, 10.4132, 3.52377, 25.2639, 25.3514, 27.2289, 18.9968, 3.06858, 1.32045, 28.0511, 9.88596, 8.39836, 26.4313, 21.3736, 29.0065, 3.69534, 19.5019, 5.56503, 20.0017, 23.0255, 9.63479, 18.1328, 28.7911, 22.0996, 4.69445, 24.304, 11.9985, 25.1156, 5.84503, 11.8777 ], 
          [ 20.6882, 29.8224, 5.04916, 16.5391, 29.8355, 29.7738, 27.1921, 19.2218, 10.2989, 7.78367, 2.16201, 5.17888, 11.5562, 9.62769, 9.21546, 2.88368, 22.6273, 7.20177, 20.3319, 1.79689, 6.76354, 29.8092, 29.3246, 21.4191, 11.8061, 25.5966, 14.3901, 17.2606, 1.73265, 20.1931 ], 
          [ 20.8828, 26.9237, 25.8479, 17.8359, 15.663, 1.00599, 29.0629, 20.2378, 12.7253, 15.297, 6.61139, 25.3869, 8.48956, 27.0388, 2.05217, 7.30943, 16.1441, 19.7286, 16.4969, 26.6935, 27.17, 29.6618, 15.69, 28.3502, 24.0273, 18.3325, 25.1616, 26.9062, 8.92152, 6.85133 ], 
          [ 26.5688, 5.039, 25.9168, 10.2919, 18.5527, 20.8546, 20.2718, 21.137, 9.99517, 6.16392, 15.7207, 23.8433, 19.8367, 14.4911, 16.1892, 20.7328, 6.625, 9.39046, 1.31722, 14.2943, 9.9311, 24.1974, 8.24855, 1.66588, 12.4458, 21.1226, 5.16355, 14.7722, 8.98045, 9.21681 ], 
          [ 11.128, 22.9963, 1.31654, 25.6296, 1.08462, 22.8536, 18.5851, 16.8317, 15.4672, 21.4844, 23.5801, 11.5313, 11.3513, 28.5579, 14.4248, 4.40001, 1.94285, 19.1043, 1.76992, 23.6968, 11.1396, 11.2909, 17.9489, 14.0827, 18.1346, 25.1185, 28.9081, 25.1525, 5.00955, 13.0054 ], 
          [ 12.7594, 12.1634, 18.8469, 22.9352, 29.5615, 1.76298, 6.64967, 10.2148, 20.7291, 24.534, 14.3874, 24.1629, 15.6691, 29.8029, 8.0479, 10.3956, 8.07884, 15.4903, 14.4398, 24.7608, 6.46596, 21.8033, 5.21583, 9.39454, 26.8713, 8.24358, 2.96476, 18.9662, 10.3015, 27.1907 ], 
          [ 29.2748, 13.1595, 25.4356, 6.31511, 6.20025, 14.1301, 24.2649, 7.26958, 21.3407, 15.4729, 15.7075, 18.2732, 23.5706, 1.34024, 23.2092, 2.0923, 27.4109, 7.77906, 18.5944, 15.3201, 17.485, 18.6192, 29.224, 21.6852, 13.7101, 24.9106, 19.7323, 20.4222, 27.6091, 19.4286 ], 
          [ 29.3691, 17.2356, 25.2053, 10.5255, 8.8846, 19.7057, 23.2568, 18.51, 5.83947, 19.6986, 3.98881, 15.9476, 29.2489, 6.36687, 6.69878, 12.4304, 3.7996, 20.3853, 10.7033, 20.8932, 28.3623, 27.4284, 18.5232, 26.5127, 9.37418, 28.7563, 23.7848, 5.94699, 1.42798, 22.4334 ], 
          [ 12.5059, 28.5899, 8.63803, 14.9781, 26.5577, 29.1755, 14.9433, 28.8318, 29.22, 19.4514, 24.9777, 28.7707, 3.03277, 18.3704, 15.8894, 14.2727, 3.55003, 17.5196, 14.0345, 7.99293, 17.5411, 18.7382, 24.2574, 4.40359, 1.3142, 19.7594, 8.47573, 29.9511, 10.8099, 2.23903 ], 
          [ 28.1987, 20.001, 10.703, 29.921, 17.4781, 27.7299, 9.59464, 13.0883, 29.4118, 18.3368, 10.9643, 11.1726, 6.78852, 18.6875, 4.24588, 11.6062, 21.907, 11.8746, 7.96836, 22.1225, 12.5317, 21.2689, 7.7853, 13.6787, 24.9057, 21.0811, 28.1364, 11.4588, 7.18296, 13.5982 ], 
          [ 14.4156, 14.5994, 11.6317, 29.4341, 29.2497, 15.1615, 10.9821, 17.6751, 19.9018, 10.298, 11.0633, 24.1008, 29.9176, 3.15417, 21.8331, 1.09106, 9.03161, 5.29249, 12.5492, 23.2045, 22.3455, 4.65174, 17.6346, 14.8553, 9.05114, 22.7566, 24.1536, 18.3154, 20.5602, 7.3941 ], 
          [ 10.9018, 23.5648, 22.2149, 23.7131, 29.8993, 1.56992, 19.9981, 10.3715, 23.0712, 2.66639, 7.90518, 18.7251, 12.4326, 26.4412, 27.5644, 14.6463, 18.9502, 1.89906, 29.0605, 21.8516, 27.7629, 26.0457, 13.8647, 24.585, 28.7422, 3.30856, 11.7889, 17.938, 19.3468, 17.0183 ], 
          [ 16.3988, 10.9222, 23.554, 15.4085, 25.4148, 27.3534, 18.847, 5.61038, 20.9281, 7.31109, 26.0025, 1.13335, 2.33187, 22.3232, 22.4721, 28.2446, 13.5743, 13.5274, 4.91889, 8.88489, 27.8105, 9.07913, 19.2917, 15.4323, 25.9564, 15.131, 11.2491, 25.2332, 14.9129, 22.5627 ], 
          [ 15.424, 14.694, 12.0904, 8.91957, 15.3735, 23.4486, 27.0703, 23.5939, 6.57786, 11.0536, 16.8143, 27.2715, 13.5483, 13.5946, 19.3078, 5.29441, 1.38172, 25.9415, 8.61166, 13.9102, 15.4765, 9.17321, 12.8937, 12.4418, 18.0815, 6.4677, 19.8343, 8.91386, 15.2494, 7.34708 ], 
          [ 1.16024, 3.92813, 9.2727, 6.57776, 5.33026, 3.63615, 27.0714, 22.4727, 19.4855, 11.5189, 28.2413, 4.70159, 8.40336, 23.3735, 18.5573, 29.9896, 23.4615, 5.17591, 16.6631, 5.25815, 6.27719, 5.15258, 12.2111, 5.52726, 16.2717, 17.8221, 19.6085, 1.97872, 8.51886, 12.2419 ], 
          [ 21.3262, 17.5756, 8.93909, 9.93002, 18.5704, 3.614, 27.5952, 3.79306, 15.3419, 1.23813, 21.2998, 21.4271, 26.4175, 7.55612, 10.7216, 29.1341, 4.20277, 13.5328, 15.0541, 5.1234, 14.8776, 5.03857, 12.7745, 26.0172, 23.946, 14.2616, 6.61866, 7.65567, 29.5249, 12.8904 ], 
          [ 15.4257, 12.5944, 22.2983, 14.4239, 28.8853, 12.6472, 12.6266, 24.5572, 11.378, 22.6835, 1.91154, 5.81506, 19.0377, 29.0372, 1.61147, 4.48295, 14.8551, 21.4745, 24.6403, 25.9014, 19.6357, 6.15154, 17.2616, 29.6485, 7.00198, 29.9341, 12.4425, 14.1595, 13.5031, 23.8836 ], 
          [ 22.9145, 2.82808, 11.2408, 15.0186, 29.5523, 13.4574, 13.8954, 10.2617, 2.86841, 22.0985, 18.125, 18.1225, 6.17236, 24.6436, 16.4623, 25.0651, 25.2323, 27.7567, 19.4568, 24.7578, 5.72795, 9.01792, 9.65454, 2.29619, 17.1442, 12.1687, 26.0556, 8.13269, 14.7566, 20.6392 ], 
          [ 27.9335, 20.204, 21.5642, 23.4296, 13.3387, 9.51663, 9.45455, 22.0139, 23.9407, 3.02698, 22.3338, 10.0803, 22.7609, 13.7909, 10.5602, 5.24529, 2.00827, 3.57563, 1.79541, 8.47784, 25.6247, 11.2764, 15.0685, 23.6821, 14.6009, 6.68163, 7.27101, 5.59806, 5.99049, 19.2152 ], 
          [ 10.644, 28.605, 19.7713, 25.6101, 21.2721, 4.64084, 19.1594, 23.5221, 27.8911, 22.6111, 20.2534, 28.6551, 6.77363, 23.8488, 25.4861, 8.16795, 28.2294, 2.31126, 22.9914, 6.66053, 12.3286, 15.3054, 20.9863, 3.36496, 8.48276, 26.3823, 6.34727, 19.208, 9.00836, 22.8101 ], 
          [ 25.8473, 23.6176, 20.8973, 21.9427, 24.5966, 25.3647, 1.56099, 5.40148, 2.07304, 21.3827, 26.106, 22.3427, 13.8382, 13.5863, 26.1251, 7.89818, 7.21155, 2.74957, 4.13048, 27.8615, 8.09933, 24.5639, 13.4369, 9.9426, 13.772, 7.61119, 24.6485, 1.99146, 2.44882, 18.1751 ], 
          [ 23.971, 17.0775, 20.0717, 1.96937, 12.8234, 12.3211, 15.3623, 11.9609, 2.36627, 22.3712, 20.9303, 1.78911, 7.07511, 21.2703, 11.5193, 3.18229, 1.56145, 2.07075, 19.6591, 14.2359, 8.43688, 8.36926, 15.5822, 27.3399, 7.63686, 29.2211, 3.67681, 7.11146, 4.53194, 15.5502 ], 
          [ 14.0982, 20.5358, 24.7575, 13.1882, 21.9469, 25.6802, 11.2707, 24.7154, 12.6961, 4.35255, 23.8163, 18.6395, 4.397, 27.5188, 2.99447, 27.7629, 6.47918, 24.3298, 8.8295, 3.21416, 13.3126, 5.24122, 9.36946, 9.90105, 1.25966, 26.7238, 14.56, 8.82122, 4.68016, 17.5312 ], 
          [ 2.45441, 19.9029, 5.57442, 10.0429, 21.0532, 22.7312, 15.617, 3.44288, 16.4662, 15.6391, 3.6494, 23.853, 20.0582, 10.0237, 7.04745, 23.381, 2.70781, 1.83979, 28.3113, 26.3917, 1.01486, 25.1263, 2.21638, 12.1846, 4.27879, 10.5064, 2.79847, 26.8676, 12.1442, 17.9723 ], 
          [ 7.73965, 18.7875, 22.8635, 6.16106, 28.269, 26.0065, 11.1931, 6.98746, 28.4951, 18.3648, 27.5149, 28.0354, 20.2909, 21.861, 8.02306, 7.11907, 6.56525, 3.72321, 29.775, 1.60028, 24.0862, 11.8849, 2.73647, 8.81865, 5.94278, 26.0396, 27.8947, 27.3192, 22.8287, 6.27958 ], 
          [ 8.92092, 15.6612, 14.4042, 10.8024, 24.7345, 4.9291, 8.99519, 14.6393, 3.17933, 12.6646, 7.87095, 15.9693, 17.7999, 13.3694, 24.1072, 22.0719, 5.35373, 7.33077, 18.0327, 8.35088, 18.1762, 10.9324, 3.72954, 26.9495, 19.3334, 13.3604, 16.355, 7.84794, 17.4549, 3.48755 ], 
          [ 10.9449, 6.14304, 26.1879, 17.796, 20.2408, 20.4421, 15.687, 23.4701, 15.1295, 18.7384, 4.59312, 14.3486, 9.76122, 10.9938, 19.4974, 14.7856, 5.90178, 27.545, 9.94427, 21.1612, 27.6905, 9.8385, 6.41175, 9.56517, 26.587, 1.90236, 15.6861, 3.32872, 15.8775, 2.43517 ], 
          [ 24.7942, 4.67077, 8.82526, 29.0304, 7.42024, 20.6746, 25.5765, 19.7996, 11.8874, 12.8985, 1.1215, 15.8903, 2.46672, 12.4972, 25.6759, 20.7862, 4.15207, 10.2764, 13.1895, 5.4457, 19.1468, 22.9137, 26.1024, 21.5, 10.3438, 4.78896, 13.2653, 8.3475, 19.362, 4.38054 ], 
          [ 16.5922, 25.0236, 1.12928, 18.839, 16.6571, 27.4345, 11.3613, 12.5705, 16.7029, 4.55648, 11.347, 17.8964, 12.6847, 13.7592, 28.7037, 19.8284, 5.28352, 16.5674, 18.1085, 25.3726, 20.7797, 14.1603, 23.8544, 7.92874, 10.8943, 15.6087, 19.7836, 20.084, 19.3209, 20.8385 ], 
          [ 3.88357, 20.6634, 3.79347, 17.8469, 28.9875, 27.8484, 6.45285, 13.2388, 3.90489, 3.77664, 18.2069, 29.2577, 21.9377, 7.7659, 25.0469, 16.9098, 17.0336, 1.86603, 23.117, 26.6966, 17.1038, 16.1166, 11.0633, 18.6987, 16.7523, 3.06017, 27.9581, 7.08996, 17.858, 3.7362 ], 
          [ 11.7243, 29.9003, 17.5122, 25.5588, 4.58759, 23.2173, 10.7419, 19.3433, 23.0283, 20.6453, 27.0355, 15.2106, 26.4195, 18.0353, 28.3022, 12.0997, 23.3967, 1.30191, 17.2581, 20.5561, 2.42517, 2.23733, 22.1149, 4.54198, 12.2812, 11.7966, 15.5009, 15.0094, 5.17274, 15.3371 ], 
          [ 7.26705, 9.1384, 16.2163, 14.7526, 12.6205, 14.8178, 1.84602, 29.7702, 14.7386, 22.0197, 28.3221, 27.6799, 18.1227, 6.92549, 23.482, 7.55657, 23.3395, 12.2757, 3.79403, 28.5236, 22.9768, 28.9672, 6.79959, 28.0352, 19.6085, 3.48009, 17.8744, 28.5359, 1.56813, 28.2918 ], 
          [ 13.2411, 10.9544, 21.1419, 1.49071, 16.2011, 22.7094, 18.7164, 21.9702, 19.8169, 10.0754, 23.5754, 8.53319, 23.6603, 19.8522, 15.5616, 18.3179, 8.00609, 3.32328, 27.8442, 10.8883, 22.1094, 27.3038, 19.8124, 1.37229, 19.2114, 15.4826, 18.0662, 7.69335, 13.4271, 12.5786 ], 
          [ 17.9954, 11.2925, 16.1384, 15.9197, 24.9984, 26.9776, 8.90801, 13.5395, 18.5536, 4.11921, 17.8206, 6.93079, 12.0006, 24.4677, 27.9098, 29.9361, 18.1854, 9.62312, 22.2814, 22.1871, 15.5056, 4.70777, 27.7314, 16.1645, 9.49782, 26.5256, 22.6276, 4.74908, 28.339, 23.3938 ], 
          [ 21.1528, 18.7976, 23.7358, 15.3858, 1.46028, 25.8554, 10.5789, 10.4585, 27.9427, 24.7841, 22.5132, 5.19066, 20.8962, 18.7143, 29.83, 21.9934, 22.4264, 5.76029, 16.7126, 26.3302, 17.5481, 16.883, 28.5231, 11.5035, 21.4395, 8.4235, 29.7398, 2.27105, 10.52, 26.2135 ], 
          [ 22.9691, 1.72939, 21.8361, 6.04647, 12.0133, 9.79601, 12.6451, 2.56639, 7.50955, 4.31596, 12.9279, 13.2327, 28.8443, 4.44155, 2.59323, 2.14242, 13.7121, 10.2406, 10.9288, 21.517, 7.70886, 20.7561, 25.4436, 2.02493, 5.08697, 23.8062, 8.72198, 23.1376, 5.97745, 2.60241 ], 
          [ 11.1983, 5.38393, 20.2944, 22.3218, 13.8857, 19.5989, 13.0786, 15.065, 22.2035, 26.5745, 15.18, 24.0629, 18.0602, 5.69216, 2.13703, 29.634, 8.32357, 19.6785, 12.3465, 14.4654, 16.3683, 22.2156, 10.6542, 18.1787, 8.04861, 17.8004, 15.4054, 21.1298, 29.0463, 15.2139 ], 
          [ 25.3353, 25.1473, 27.3942, 11.2262, 29.9121, 25.8344, 23.4817, 17.1803, 7.63233, 5.34493, 10.0319, 27.3051, 26.2624, 29.7166, 17.5154, 9.22789, 26.5074, 24.2575, 7.41173, 18.2378, 24.1178, 19.6688, 2.57083, 26.8163, 16.6491, 1.6769, 23.7946, 9.67016, 23.9148, 1.65647 ], 
          [ 11.4398, 25.7579, 6.32614, 1.93777, 2.77252, 9.69526, 23.8224, 29.5735, 19.7366, 16.318, 1.59023, 29.8699, 21.0795, 28.1234, 15.6672, 16.1125, 1.42342, 28.1623, 12.2905, 20.4788, 23.2073, 10.8666, 13.0185, 22.5839, 1.52707, 20.526, 12.0045, 28.718, 28.8783, 29.4578 ], 
          [ 29.0565, 29.6056, 28.145, 23.3682, 23.8756, 20.1036, 7.51281, 20.0377, 25.7526, 12.5316, 9.72526, 23.4951, 5.28775, 5.3899, 29.3098, 25.9453, 4.10055, 7.26067, 25.2374, 15.1392, 26.3115, 16.1096, 14.8943, 23.7279, 26.291, 18.0516, 28.0143, 15.7644, 3.93551, 28.9555 ], 
          [ 28.742, 2.79135, 7.04078, 17.3061, 28.2001, 11.3333, 20.1729, 7.91044, 25.9845, 12.4101, 3.11374, 16.0409, 1.08575, 14.9449, 5.99712, 21.5616, 20.3596, 19.2119, 2.16861, 2.164, 11.0479, 15.8838, 14.7927, 14.6468, 14.4348, 25.5162, 1.76193, 3.30508, 18.4231, 25.7051 ], 
          [ 19.817, 18.7316, 1.59341, 8.18216, 17.4016, 19.7766, 24.3532, 5.97437, 18.9425, 16.5311, 12.2713, 1.29692, 21.9434, 12.5918, 14.1228, 27.8409, 8.11719, 27.7553, 6.11868, 12.9438, 25.5405, 15.4105, 28.6285, 19.459, 27.5753, 7.43189, 3.66159, 4.21871, 25.7299, 2.80763 ], 
          [ 9.42814, 27.8703, 14.644, 5.6876, 19.365, 10.7275, 14.7031, 22.7455, 10.4671, 17.5188, 27.321, 29.1375, 19.4039, 25.2644, 26.4948, 8.36535, 17.5296, 10.4888, 8.65976, 6.3005, 13.8074, 5.67328, 24.7771, 26.2181, 1.35596, 5.04816, 26.5779, 10.9261, 29.6586, 1.43431 ], 
          [ 20.1522, 26.0496, 22.3478, 25.8011, 13.7107, 10.4319, 4.53867, 13.0933, 21.2793, 14.1669, 9.53637, 1.84678, 3.18568, 26.6342, 5.89181, 3.90958, 18.6059, 12.6446, 25.1008, 20.9179, 14.5624, 8.99634, 21.4547, 1.82283, 14.0442, 2.36417, 6.44534, 16.2031, 24.8292, 20.9882 ], 
          [ 20.9607, 3.5432, 25.3794, 4.60488, 11.2624, 1.51028, 19.5099, 27.1968, 6.09346, 24.2042, 25.0806, 16.7641, 18.8201, 3.3737, 6.82026, 7.53738, 2.73243, 9.3263, 19.9412, 3.78657, 8.751, 10.2636, 17.8988, 24.4859, 5.29276, 20.6793, 1.9169, 4.36588, 28.0447, 20.9702 ], 
          [ 19.0002, 5.98408, 1.04353, 3.47801, 8.22704, 29.2225, 1.83269, 2.39205, 19.0362, 29.8099, 22.9333, 9.12899, 15.2104, 19.3879, 13.783, 1.98342, 24.6381, 1.2487, 27.4329, 28.597, 17.7422, 18.3683, 18.6283, 13.9418, 25.9764, 18.8483, 23.5396, 6.90378, 10.6374, 16.1547 ], 
          [ 23.9159, 20.8882, 15.582, 5.50179, 1.68422, 6.95968, 17.6316, 25.3651, 2.4331, 16.7189, 24.1705, 26.3295, 3.06385, 5.97781, 15.4381, 20.9252, 8.58252, 29.0683, 14.5704, 17.9497, 1.48113, 27.1295, 3.82412, 12.5843, 14.1997, 13.493, 16.5868, 4.73458, 17.5573, 22.9861 ], 
          [ 2.67765, 12.6401, 9.07597, 7.08623, 26.0268, 23.7202, 29.9174, 29.9841, 5.97544, 6.53975, 16.7151, 1.85339, 18.0091, 10.4674, 29.0745, 25.3176, 26.8066, 26.6821, 9.45171, 27.8702, 18.3696, 13.0258, 8.91406, 26.3785, 4.73056, 8.61144, 2.84182, 15.7118, 26.9335, 23.1258 ], 
          [ 23.1037, 5.53152, 15.5701, 29.956, 25.8797, 4.39336, 18.468, 14.9452, 12.6159, 8.07963, 10.3518, 22.8175, 29.8427, 9.20673, 12.3214, 13.6153, 29.3713, 10.8065, 22.9268, 13.5229, 16.2504, 11.1963, 24.283, 29.3055, 28.5165, 16.0751, 1.70972, 13.9026, 20.841, 9.13787 ], 
          [ 23.4178, 23.4599, 18.3648, 14.4836, 17.2684, 7.49729, 17.6119, 17.8098, 14.8193, 3.00378, 1.17575, 7.0243, 21.8901, 5.16053, 2.87251, 9.53662, 1.58208, 19.8604, 9.70673, 27.4715, 14.7569, 15.7734, 29.6076, 4.40358, 7.05378, 27.5751, 10.9869, 28.1546, 3.48061, 3.23513 ], 
          [ 13.3358, 8.68621, 23.3616, 22.4255, 26.314, 3.50472, 25.0434, 20.1929, 15.0142, 23.7903, 16.5994, 2.41466, 10.1325, 28.612, 27.7578, 15.4489, 15.9794, 23.2579, 27.5434, 19.6669, 25.7563, 8.30887, 10.1185, 8.80899, 24.7281, 14.18, 13.8036, 5.25126, 19.9881, 15.9375 ]
        ], 
        [
          [ 5.68053, 24.446, 20.9707, 15.5688, 7.59629, 7.74862, 21.4813, 1.37141, 22.96, 10.1481, 13.3792, 3.45684, 23.4493, 22.6884, 27.1551, 18.9804, 27.5611, 5.09238, 12.7267, 17.9424, 4.49366, 22.0752, 22.0933, 2.31924, 25.3534, 23.9265, 13.4258, 21.4968, 28.0809, 3.46337 ], 
          [ 14.1414, 20.3012, 18.4887, 6.98892, 25.5162, 20.8703, 16.5381, 7.14496, 3.48616, 1.37062, 21.8499, 2.87285, 16.2752, 14.1653, 8.66243, 23.8578, 11.4892, 22.402, 10.6675, 24.1453, 27.4115, 6.96667, 14.1135, 6.68251, 10.8794, 25.1289, 21.1353, 27.4793, 29.0234, 3.00244 ], 
          [ 9.2076, 13.0224, 3.19639, 26.3058, 1.20519, 3.56873, 8.9204, 25.7148, 24.655, 10.3159, 25.8291, 21.1753, 23.3188, 11.9478, 27.6687, 7.66738, 18.8502, 9.97901, 26.9854, 26.9745, 17.6043, 24.8055, 4.04348, 4.36592, 13.5266, 26.3127, 27.6105, 20.8747, 7.8174, 14.0742 ], 
          [ 9.54999, 11.7361, 22.9033, 22.6128, 16.5408, 17.1085, 8.29506, 20.3725, 21.7119, 24.6109, 27.0076, 10.3451, 12.762, 14.8152, 26.027, 22.1863, 2.28683, 9.06787, 11.4779, 27.7002, 25.9988, 13.6611, 2.42736, 22.3498, 25.936, 8.43509, 13.8562, 4.47587, 12.1609, 1.57459 ], 
          [ 6.95131, 1.15938, 13.8545, 22.3782, 21.9671, 25.9533, 26.8808, 27.0063, 5.78841, 3.24374, 4.85687, 29.4155, 6.61556, 7.24599, 13.1374, 11.8187, 5.98345, 3.02066, 7.25025, 27.5481, 15.6146, 2.79879, 26.9649, 2.77317, 16.8941, 14.575, 29.9531, 29.8517, 7.24872, 19.0487 ], 
          [ 11.0639, 5.55988, 26.3216, 29.6657, 28.3968, 2.56146, 15.5151, 15.0357, 21.1624, 11.5576, 18.0581, 2.48096, 21.7901, 11.3255, 18.1213, 23.2324, 23.4526, 18.0009, 6.7527, 17.753, 4.20128, 22.2113, 2.00926, 28.6747, 20.7897, 9.73282, 5.06018, 18.7873, 17.9421, 4.73383 ], 
          [ 26.0967, 25.5887, 28.8124, 12.8574, 26.7608, 24.919, 18.5775, 4.37782, 25.7678, 24.5503, 10.8584, 3.26753, 11.7377, 20.2257, 1.45368, 25.2017, 1.3278, 3.70765, 1.89707, 21.7654, 2.2523, 11.2133, 19.8999, 16.4017, 3.3977, 7.96436, 5.98569, 5.41, 10.1687, 9.3607 ], 
          [ 23.0681, 28.626, 16.5995, 5.64874, 9.30763, 18.6986, 6.53315, 4.48159, 18.9971, 20.0879, 23.6873, 18.8322, 24.058, 28.1168, 19.7906, 2.91963, 13.6031, 11.0619, 4.66022, 22.7475, 7.79974, 11.8936, 2.64693, 22.3731, 16.3742, 19.9641, 27.0191, 6.2082, 29.3773, 19.7565 ], 
          [ 15.3053, 3.56245, 5.93015, 21.496, 2.15369, 24.2419, 7.81351, 3.53463, 6.7426, 4.44911, 8.42658, 7.15126, 27.0408, 11.6105, 29.6602, 28.0787, 12.5923, 2.62318, 7.64088, 16.7508, 4.85521, 16.07, 23.7216, 12.7441, 20.6037, 23.1348, 9.35985, 22.0796, 16.5883, 11.9186 ], 
          [ 5.6488, 28.7227, 6.47959, 15.6631, 9.08164, 21.9552, 3.62361, 23.5548, 6.14796, 3.35757, 8.87082, 29.2085, 10.1887, 11.8426, 26.6096, 27.6675, 12.8463, 9.71868, 29.7095, 13.8287, 29.0543, 11.0353, 7.62085, 22.5123, 19.5974, 9.35089, 8.36013, 14.1247, 13.1672, 28.2737 ], 
          [ 21.6929, 1.25528, 24.9424, 29.2218, 19.0137, 15.5476, 7.12201, 24.3868, 3.83916, 28.5554, 18.5087, 23.3493, 10.1432, 21.44, 13.5829, 27.1249, 8.44983, 24.2825, 17.4232, 3.29459, 17.5297, 4.52159, 20.4201, 24.4479, 11.2755, 5.7313, 21.7606, 27.4857, 14.6326, 14.5953 ], 
          [ 16.0093, 27.1397, 8.78767, 3.14142, 28.9464, 28.2116, 24.6473, 25.2854, 3.69039, 3.0378, 21.8277, 26.1635, 8.74936, 23.5042, 15.0856, 24.7801, 8.98628, 22.7234, 15.5257, 18.0084, 25.0685, 24.0919, 21.8761, 26.3011, 3.57471, 8.90047, 11.1424, 29.254, 7.98, 14.7544 ], 
          [ 16.4255, 17.4741, 28.3782, 28.922, 24.92, 16.7776, 27.9446, 14.2417, 13.3572, 1.62032, 15.0844, 15.1688, 21.7919, 19.8223, 10.9132, 1.05148, 12.4767, 4.82103, 16.2362, 26.5037, 26.5806, 5.39366, 18.0013, 10.9613, 13.3919, 25.1467, 7.00726, 9.74025, 9.34309, 26.833 ], 
          [ 17.1126, 6.00764, 1.81445, 27.852, 2.58385, 2.91996, 22.947, 5.67324, 24.2282, 16.7812, 21.9085, 3.51898, 19.1986, 21.2904, 11.5664, 7.54087, 18.1241, 27.5807, 2.13731, 8.26523, 7.79285, 16.9221, 28.9376, 9.14831, 23.8785, 3.23171, 29.9669, 3.82047, 25.2218, 28.5215 ], 
          [ 7.59522, 20.0507, 5.32339, 25.6413, 12.9201, 28.7419, 17.89, 15.824, 24.959, 25.2212, 13.6328, 21.6221, 10.76, 4.68836, 21.3974, 15.5298, 18.6447, 2.09771, 21.7535, 24.8423, 9.51269, 17.3837, 18.8676, 15.5141, 11.0199, 11.1098, 18.8566, 18.6472, 27.8148, 29.9689 ], 
          [ 17.863, 22.9617, 21.8699, 7.09372, 21.4351, 13.5764, 29.025, 10.8606, 2.01372, 26.7867, 11.7822, 2.23901, 27.8513, 13.5118, 3.55172, 15.0471, 24.8632, 25.1073, 2.37875, 18.2441, 14.1883, 25.5195, 28.9674, 16.3874, 26.708, 20.8291, 8.97006, 8.81609, 15.3889, 10.7991 ], 
          [ 17.2524, 10.348, 23.8615, 29.6805, 29.2473, 1.54226, 23.7063, 13.2632, 20.207, 14.1496, 22.0664, 26.9916, 18.5118, 12.6681, 20.3298, 11.3839, 29.5471, 15.1825, 17.3337, 27.7277, 5.78923, 6.73692, 11.9488, 20.7143, 22.1705, 25.0398, 1.33034, 18.9081, 6.23852, 22.3445 ], 
          [ 8.55267, 27.6404, 13.6003, 29.6157, 15.2457, 21.28, 8.26369, 9.06441, 17.487, 18.3604, 16.3054, 1.4446, 18.0092, 21.9657, 25.7971, 14.0016, 11.4313, 4.48494, 4.0397, 15.3269, 22.0215, 9.87005, 23.8505, 17.4899, 10.5937, 23.8268, 3.98237, 23.2943, 18.8063, 7.09245 ], 
          [ 11.9552, 4.45842, 23.2811, 6.08513, 13.204, 22.6066, 11.9422, 4.76146, 14.7747, 6.14657, 24.4815, 23.2547, 19.52, 15.729, 17.4895, 20.7472, 7.46516, 21.8374, 13.8435, 3.50552, 7.41798, 13.6143, 11.7862, 5.97499, 10.5255, 22.7523, 4.36618, 23.2443, 4.88952, 3.37508 ], 
          [ 18.4556, 7.048, 23.3297, 7.03662, 4.48663, 24.3087, 15.4193, 13.3796, 26.6115, 5.14236, 24.1895, 12.3855, 2.85277, 2.531, 7.99145, 11.3994, 21.1142, 10.9747, 16.2235, 5.13584, 27.6218, 15.2544, 7.88703, 27.6458, 4.46034, 29.8159, 1.46098, 15.2758, 1.02254, 22.3163 ], 
          [ 27.4998, 11.9491, 3.54293, 17.1586, 21.7574, 18.8281, 24.3351, 17.2374, 7.84556, 27.3575, 24.3764, 4.723, 29.1727, 15.8048, 29.6171, 16.681, 3.30334, 3.56158, 7.99055, 29.3232, 17.5744, 23.4899, 29.0586, 29.5274, 9.91044, 27.1489, 18.866, 19.6033, 21.9857, 5.13551 ], 
          [ 6.9701, 1.44315, 28.3905, 21.2242, 8.93862, 15.8108, 12.6061, 17.0857, 8.71036, 10.9438, 26.175, 23.6055, 11.9136, 13.9028, 28.1302, 29.3305, 14.2805, 17.8864, 29.62, 26.7735, 3.42995, 29.3008, 25.0703, 5.92113, 28.7046, 6.83775, 20.2618, 4.57193, 23.9828, 26.1653 ], 
          [ 11.4305, 29.8103, 17.6776, 3.20025, 11.9022, 23.2025, 5.24496, 17.7944, 25.2571, 9.43649, 7.32054, 5.49616, 4.18458, 11.9776, 6.1492, 2.79971, 27.6804, 17.8193, 22.5265, 4.35533, 18.2984, 3.44723, 22.6219, 20.1401, 9.79498, 19.6203, 25.3271, 7.59483, 8.92862, 4.32487 ], 
          [ 12.5736, 14.4619, 22.3483, 19.9458, 12.565, 7.19893, 8.2237, 3.02035, 3.44903, 22.431, 1.22529, 9.14948, 4.52064, 10.5286, 14.877, 14.9424, 19.4438, 12.5185, 11.8589, 5.32831, 12.9394, 27.4385, 7.2567, 11.8565, 7.21341, 26.7961, 14.6224, 16.9834, 12.436, 22.0804 ], 
          [ 5.3874, 14.2953, 14.5003, 28.3131, 13.3608, 20.4421, 8.24922, 16.9774, 27.9919, 13.474, 29.2, 7.43532, 23.9972, 1.33657, 9.98643, 11.4142, 23.0287, 22.273, 19.9501, 18.8222, 12.26, 26.324, 24.9884, 26.0292, 21.0132, 9.63219, 6.3042, 13.5, 6.34128, 2.58888 ], 
          [ 29.6731, 1.13428, 12.6116, 12.3245, 12.6997, 17.4609, 15.6417, 24.9822, 1.06684, 21.0067, 6.29246, 22.7286, 28.3034, 28.1763, 22.4876, 3.02571, 27.3313, 21.6786, 21.6636, 6.06988, 14.7663, 26.2636, 21.2175, 7.96289, 21.9605, 8.94268, 18.9662, 10.1546, 10.063, 26.6131 ], 
          [ 10.0677, 23.1559, 26.7009, 8.77298, 1.64882, 4.63483, 10.7391, 1.48924, 4.63732, 17.2426, 24.8714, 18.8242, 12.7469, 12.1638, 10.5277, 29.6765, 26.4538, 6.94794, 17.5782, 9.61601, 21.4015, 26.9894, 3.09575, 12.609, 29.6874, 17.5175, 27.2647, 18.6459, 22.1704, 13.4155 ], 
          [ 24.7438, 4.83734, 14.486, 25.5817, 12.9554, 4.11408, 28.1211, 25.0908, 23.4358, 19.8931, 7.48099, 10.1453, 21.2657, 22.0007, 19.7213, 27.9488, 15.6581, 9.28738, 23.228, 8.87133, 2.35979, 19.6502, 13.663, 29.1791, 17.2575, 6.16539, 11.1089, 9.91681, 24.4087, 13.5217 ], 
          [ 18.521, 16.5287, 28.9966, 23.4103, 26.4297, 8.5016, 3.46558, 12.7316, 19.97, 28.456, 27.0101, 27.3698, 24.6444, 25.4075, 17.5161, 11.2959, 2.9138, 29.9783, 26.1253, 16.5489, 16.017, 1.62817, 5.16246, 18.5986, 9.48856, 28.859, 27.0382, 15.1102, 5.44379, 12.8588 ], 
          [ 18.0532, 16.0338, 6.63034, 28.7025, 5.66679, 17.8686, 6.27075, 5.00614, 24.8694, 23.6741, 28.8272, 26.5432, 2.77336, 16.378, 27.1081, 17.0586, 12.0489, 4.60522, 7.20222, 14.9755, 8.89428, 17.3073, 11.2962, 27.9044, 29.2235, 6.987, 5.25976, 15.3754, 20.3339, 12.5682 ], 
          [ 2.42702, 24.485, 17.956, 22.8894, 16.2294, 4.70855, 22.5277, 13.2972, 14.4044, 2.28437, 11.2867, 19.945, 10.1441, 26.0908, 23.5812, 5.72361, 3.33581, 20.5067, 28.6887, 14.3786, 18.4746, 3.1164, 20.537, 10.4843, 4.67754, 14.0021, 18.4395, 17.7148, 4.66378, 24.2053 ], 
          [ 16.5623, 26.1203, 18.891, 26.5912, 9.06756, 17.6845, 6.37513, 14.5402, 9.81307, 23.4442, 6.19596, 6.07395, 4.55296, 18.3948, 27.9841, 17.2881, 3.20146, 3.80133, 5.91923, 16.6062, 13.704, 6.73643, 29.8076, 9.62448, 25.4411, 9.36375, 2.47524, 28.3681, 14.7971, 7.30305 ], 
          [ 20.0282, 16.1005, 21.9877, 15.973, 27.4649, 22.1007, 18.8769, 19.9826, 28.57, 5.18197, 18.668, 16.5883, 25.379, 28.7875, 22.154, 1.71242, 27.912, 19.4148, 20.9882, 3.25847, 10.9043, 9.57379, 6.44741, 27.7301, 2.08984, 26.178, 19.4857, 7.3443, 13.8538, 25.0465 ], 
          [ 9.67766, 23.4198, 29.0576, 23.8733, 14.2134, 20.2264, 17.6669, 25.8865, 10.0483, 7.85643, 3.74157, 7.44301, 3.04142, 25.1443, 4.60963, 22.1555, 16.4096, 16.5801, 17.1984, 9.58198, 6.47906, 3.82706, 14.0135, 10.9233, 16.1996, 10.4699, 10.3626, 26.4843, 4.1409, 10.237 ], 
          [ 13.0143, 27.2362, 23.3967, 21.7256, 17.9502, 29.7803, 6.04756, 11.8754, 13.7249, 2.96591, 28.2155, 23.5417, 14.2425, 19.6317, 29.7981, 28.2067, 12.4613, 29.3633, 15.0059, 19.905, 22.4328, 20.0112, 25.3913, 24.4399, 2.3729, 11.4849, 16.9312, 7.30615, 27.5681, 21.8466 ], 
          [ 21.9823, 28.9875, 24.5981, 12.6402, 20.841, 18.0017, 16.1823, 21.9821, 24.3436, 4.78868, 13.4801, 19.4789, 12.6188, 17.0735, 7.01834, 5.85518, 10.991, 4.61702, 22.1757, 17.6913, 16.1015, 19.5836, 1.6966, 12.0501, 21.9419, 23.3459, 12.7605, 28.3724, 9.6005, 18.6228 ], 
          [ 14.3449, 26.4618, 27.3043, 5.56588, 9.22897, 24.1877, 2.31742, 4.83393, 4.27882, 22.9073, 27.2459, 28.7273, 9.75437, 29.3857, 23.993, 16.0012, 29.2744, 19.5083, 7.61191, 22.5545, 16.6079, 23.6685, 2.3276, 2.5611, 20.291, 22.8126, 23.3555, 18.159, 10.4049, 11.6311 ], 
          [ 22.4367, 12.4449, 16.0781, 16.5222, 12.5086, 18.4564, 10.9802, 25.6321, 12.7072, 21.5707, 29.0834, 14.4458, 10.5756, 1.93777, 13.9342, 25.3537, 6.8958, 13.7428, 23.299, 23.0881, 6.55375, 4.34762, 18.7805, 6.75349, 24.1037, 11.0491, 8.0496, 11.7023, 27.4796, 23.9816 ], 
          [ 23.6189, 2.34962, 25.6569, 18.6553, 29.9438, 10.5983, 9.84828, 3.11535, 12.506, 26.7694, 1.13711, 12.1221, 26.3321, 16.822, 29.41, 2.32144, 19.3833, 11.5361, 11.2634, 22.4827, 23.4429, 29.9235, 4.31354, 3.01716, 25.0714, 14.8638, 9.3969, 2.48149, 12.7997, 28.806 ], 
          [ 17.3366, 4.72347, 26.3709, 19.1503, 21.4495, 8.4502, 8.81849, 9.34087, 21.5661, 19.7607, 20.1872, 8.13185, 4.12321, 12.3499, 3.97763, 19.5314, 22.2656, 8.9451, 25.5259, 17.5294, 16.4977, 13.427, 29.7029, 8.2673, 1.25473, 14.0035, 5.66596, 20.3872, 19.3998, 18.4604 ], 
          [ 13.8644, 24.3616, 29.2493, 8.00007, 26.8258, 16.8123, 11.3493, 8.86111, 14.7918, 18.184, 23.3138, 14.7988, 29.3247, 4.61767, 19.7196, 29.3535, 21.4719, 18.4805, 8.9684, 5.44291, 11.5581, 4.25516, 19.1744, 16.1021, 17.5257, 5.62802, 16.0492, 5.31313, 17.3883, 23.7815 ], 
          [ 28.4674, 7.95938, 10.817, 29.9872, 27.7214, 5.18296, 15.9209, 9.44892, 6.77666, 2.59094, 18.7661, 6.26535, 2.77223, 9.63789, 22.5485, 20.5884, 26.0831, 9.93355, 23.8028, 7.3224, 29.2352, 26.5424, 12.8849, 8.7938, 12.4826, 17.2091, 22.4963, 27.3459, 22.3102, 5.77778 ], 
          [ 22.9164, 16.8668, 8.94071, 1.20985, 15.0877, 25.5129, 29.7552, 3.45933, 7.84629, 27.7526, 23.9958, 7.05604, 25.6255, 28.4713, 8.60192, 28.645, 25.2257, 27.2699, 22.0109, 1.13693, 3.86498, 25.1696, 12.6083, 24.0162, 13.5967, 21.2245, 6.44598, 5.46282, 15.2664, 18.2931 ], 
          [ 21.9175, 5.1542, 12.6015, 14.3244, 28.6959, 18.5072, 9.31259, 14.3109, 19.7928, 5.26447, 13.5402, 27.9741, 10.0957, 1.03541, 11.8358, 24.9552, 15.4764, 26.1914, 17.9792, 15.4856, 29.9097, 23.1446, 28.8141, 12.5366, 27.9421, 20.7295, 11.3869, 10.2904, 10.6475, 13.3085 ], 
          [ 22.1874, 27.9139, 29.2353, 14.9055, 12.7009, 28.5691, 27.5654, 11.2135, 26.0851, 5.92174, 8.78844, 2.75011, 26.8661, 9.02153, 4.69696, 29.3561, 27.2189, 17.6793, 15.8346, 16.1804, 1.09062, 18.903, 22.6868, 23.4282, 25.8618, 16.2889, 24.5581, 21.2495, 8.57692, 17.7763 ], 
          [ 29.0117, 11.3892, 1.0637, 21.6456, 21.1712, 11.6877, 2.06531, 1.0637, 15.7146, 22.2466, 12.6145, 27.7521, 16.574, 20.5057, 20.8683, 2.86393, 24.158, 23.5639, 12.71, 25.4001, 4.84748, 10.4651, 12.723, 4.56354, 27.4354, 7.10377, 26.8231, 2.87904, 20.4456, 27.7268 ], 
          [ 18.3517, 21.9731, 11.1131, 27.7293, 23.7712, 9.36025, 20.2964, 15.6838, 8.5794, 6.98575, 5.86297, 13.1333, 22.4302, 6.12154, 23.8827, 11.3993, 4.07773, 9.38415, 26.3245, 8.96296, 13.9125, 6.68333, 17.1694, 5.35791, 10.7621, 28.0266, 10.7273, 27.3886, 25.1958, 9.72261 ], 
          [ 14.6401, 15.7777, 4.82377, 17.9247, 8.34011, 16.4444, 13.9878, 3.59474, 15.3185, 23.2224, 27.0682, 13.2054, 22.1323, 9.50199, 9.40256, 9.43917, 26.5507, 8.965, 24.301, 20.1288, 18.721, 12.7697, 28.5944, 15.0242, 15.3569, 22.3954, 10.3613, 21.3833, 27.8119, 24.795 ], 
          [ 3.70979, 18.0443, 24.1179, 18.9767, 5.04628, 22.8643, 25.9912, 10.3469, 17.9378, 4.33687, 10.5027, 5.61596, 19.4664, 21.7206, 22.7816, 25.3574, 23.6003, 7.69762, 6.5777, 12.7889, 18.3926, 20.4839, 23.701, 7.19844, 26.0372, 4.36299, 16.0127, 29.8638, 17.4018, 11.0063 ], 
          [ 22.1777, 28.2168, 5.83587, 19.0627, 1.65469, 9.21683, 24.7536, 1.76773, 13.2646, 8.29894, 12.6456, 12.3922, 2.14028, 9.54296, 2.76259, 13.0033, 1.89276, 27.7385, 9.79349, 4.68556, 15.3962, 25.7356, 5.46092, 28.8877, 24.8303, 1.79185, 12.8503, 28.8129, 9.9748, 8.80997 ], 
          [ 11.0716, 9.10995, 4.90142, 9.14098, 21.9579, 15.7389, 18.7163, 3.84603, 11.1913, 8.01566, 5.88967, 3.01077, 28.618, 16.5853, 12.4706, 16.4325, 14.425, 11.4225, 7.94262, 8.49553, 11.5591, 18.3286, 14.2129, 6.40456, 1.46513, 22.4818, 5.96222, 12.106, 14.2174, 19.5373 ], 
          [ 24.3983, 27.3116, 5.62767, 27.0383, 7.25881, 25.6306, 21.588, 25.0598, 21.7376, 10.8862, 25.4633, 3.24105, 18.6681, 6.08529, 4.38382, 19.2372, 10.5139, 25.9276, 18.5798, 2.52895, 1.22613, 20.1458, 29.3504, 18.1403, 4.67823, 9.98848, 7.7536, 14.5435, 3.00921, 17.418 ], 
          [ 12.2452, 28.088, 6.28824, 27.5315, 9.34069, 10.1948, 16.4882, 24.6966, 5.50803, 11.7094, 11.7758, 24.6781, 14.3931, 24.3133, 9.24687, 4.75825, 16.387, 29.2078, 27.562, 29.6934, 8.06407, 2.22723, 10.0003, 16.3625, 21.3367, 26.5417, 7.56114, 11.3622, 13.5936, 19.8831 ], 
          [ 27.4036, 2.81951, 23.0754, 17.7021, 28.8081, 25.7039, 21.3066, 20.5768, 14.5543, 7.59314, 15.9061, 6.14914, 12.1479, 3.22296, 21.4202, 6.92559, 24.6097, 3.94671, 25.437, 17.9704, 29.3884, 15.1956, 14.0662, 8.70563, 27.4632, 11.4113, 3.79112, 18.7241, 14.5193, 11.7448 ], 
          [ 21.0303, 2.56758, 3.70221, 13.8991, 5.9474, 14.5403, 29.1919, 21.9101, 3.54654, 11.4553, 21.0589, 23.1229, 1.49752, 27.631, 24.6424, 24.9968, 10.3464, 27.4725, 11.667, 15.7711, 7.81783, 10.1693, 24.8091, 14.9031, 18.9049, 4.18227, 6.6463, 11.1385, 13.6106, 10.8889 ], 
          [ 16.6605, 3.09357, 26.329, 21.3309, 27.996, 22.0715, 29.2688, 19.4433, 19.9568, 28.2427, 27.3417, 23.606, 19.6483, 15.7997, 21.8725, 20.3392, 24.7454, 3.79172, 25.1727, 21.8872, 2.38058, 13.961, 29.3548, 15.512, 24.1249, 26.4851, 23.9057, 10.0698, 4.77032, 22.3979 ], 
          [ 25.0529, 5.64292, 9.88014, 13.748, 17.5389, 22.3098, 26.78, 6.86665, 28.8102, 18.2578, 21.4506, 12.359, 20.0985, 18.3168, 2.067, 25.9284, 3.59503, 11.7073, 14.7369, 6.55862, 15.3905, 8.26126, 16.836, 27.2871, 10.7172, 27.3274, 25.9746, 13.4866, 12.1214, 26.6364 ], 
          [ 14.8072, 16.3434, 24.4527, 5.70471, 23.1945, 25.0049, 28.8976, 18.0106, 13.9285, 21.5865, 2.9249, 26.5767, 25.965, 2.6052, 24.6273, 18.832, 15.8816, 19.2507, 21.2567, 27.7625, 29.8699, 6.3092, 15.7381, 2.50392, 16.7475, 28.2773, 7.73996, 28.4743, 10.3378, 28.9165 ], 
          [ 19.3405, 18.972, 20.0435, 19.4813, 12.6079, 11.9516, 24.5183, 5.04448, 10.8204, 18.6775, 24.4561, 26.737, 2.46314, 17.1772, 16.9982, 7.69926, 28.5857, 14.4996, 10.1204, 3.34118, 16.9257, 13.0206, 8.08369, 19.9826, 15.1014, 26.3769, 14.1157, 18.5561, 10.043, 11.6634 ], 
          [ 1.66116, 28.4662, 27.1158, 29.5724, 14.7809, 29.9442, 25.1967, 15.911, 23.3091, 22.4498, 8.17034, 11.3173, 2.71517, 25.9068, 23.4771, 15.925, 21.5997, 4.16603, 20.2476, 13.4848, 23.8415, 4.37641, 15.1457, 22.5772, 23.3191, 22.4157, 18.6302, 22.1756, 4.61552, 2.35316 ], 
          [ 12.8895, 24.4295, 3.29753, 15.0436, 29.9705, 1.62885, 5.31629, 25.9152, 20.5888, 25.4747, 20.1591, 6.88121, 27.9913, 7.79654, 13.4805, 3.81809, 15.215, 9.01265, 11.4304, 20.5146, 26.0876, 13.6898, 4.84965, 16.962, 20.6113, 1.24269, 27.8865, 11.1674, 26.7447, 29.5241 ], 
          [ 7.49674, 22.1227, 9.56634, 9.15412, 3.71409, 25.7575, 21.967, 4.66405, 1.36511, 13.1923, 21.2723, 28.8766, 21.3937, 19.6763, 10.5813, 15.0678, 18.9126, 24.8187, 17.0105, 4.18346, 27.0719, 7.50216, 21.4338, 13.7968, 15.565, 19.8327, 14.3475, 6.60434, 10.271, 13.8784 ], 
          [ 1.21525, 12.736, 6.79509, 8.51241, 7.86266, 4.73693, 21.2757, 25.2424, 16.8839, 12.4435, 17.2619, 28.4059, 1.86805, 23.9214, 12.5093, 24.592, 3.00151, 27.2829, 11.2365, 22.337, 2.06891, 12.6345, 8.86944, 29.5159, 29.8238, 24.0715, 7.7624, 17.093, 5.14812, 21.975 ], 
          [ 2.65174, 28.4683, 26.9514, 20.8289, 12.1114, 1.98858, 10.5176, 29.5754, 8.87755, 20.7753, 1.87765, 15.6935, 2.18413, 17.8678, 20.273, 18.3929, 18.3096, 26.9122, 28.6141, 14.3553, 23.7782, 27.4498, 11.6886, 27.6995, 17.6161, 13.5258, 7.70265, 15.2304, 6.06799, 10.8967 ], 
          [ 25.9485, 20.3166, 14.7023, 5.34925, 13.9859, 11.2597, 1.04102, 22.7849, 17.651, 18.8493, 29.5711, 15.6063, 9.91365, 5.86403, 21.0835, 13.8488, 3.98217, 24.5261, 27.5152, 11.5644, 26.4699, 4.65147, 18.9779, 6.96312, 1.21194, 16.0173, 6.60327, 7.82354, 22.5989, 18.5967 ], 
          [ 28.2952, 6.56249, 29.2059, 26.7713, 26.7595, 12.4672, 10.8509, 6.05497, 9.01802, 20.5732, 27.4794, 15.3716, 17.7547, 19.2142, 12.6798, 28.1285, 21.7599, 14.931, 11.8685, 1.63537, 21.7834, 22.6054, 29.7633, 12.3802, 27.5977, 19.4371, 28.5201, 20.1528, 17.9655, 9.59319 ], 
          [ 16.3493, 22.1504, 7.2896, 19.7467, 18.7332, 7.69802, 2.90492, 22.0983, 4.86491, 9.65015, 26.2999, 13.7221, 15.9362, 17.3655, 1.15232, 26.2672, 24.9278, 23.052, 1.03155, 26.4862, 22.4732, 5.80331, 9.86375, 18.1696, 25.3203, 5.68285, 9.79722, 24.1261, 13.8693, 11.1308 ], 
          [ 29.0083, 16.5357, 11.3541, 17.7132, 9.15115, 27.4403, 9.21668, 27.7081, 17.4575, 15.7951, 10.8016, 26.2098, 14.0044, 4.18895, 13.1394, 1.59289, 12.2141, 24.5926, 9.80292, 10.3525, 9.79401, 22.8509, 1.65824, 5.46935, 9.67238, 13.2329, 4.45285, 19.5222, 15.7805, 8.15883 ], 
          [ 28.0719, 23.5464, 29.626, 21.7189, 5.85903, 21.4254, 6.82427, 10.3508, 21.0043, 24.9227, 15.6793, 19.4827, 10.5116, 18.5044, 17.249, 5.04856, 10.7356, 5.25212, 29.7698, 11.282, 7.93794, 10.7335, 9.81448, 23.3935, 17.915, 19.5824, 26.4919, 22.6473, 23.0986, 1.44455 ], 
          [ 3.56271, 21.352, 3.15964, 23.4565, 24.6806, 8.69168, 27.9832, 22.0999, 25.5983, 26.8431, 13.2685, 16.7929, 10.2867, 27.9015, 23.6822, 20.6671, 12.7227, 10.6585, 22.7114, 7.95636, 15.229, 12.6393, 10.4805, 6.70398, 20.2749, 2.52905, 17.2847, 28.9277, 1.16408, 21.8002 ]
        ]
      ];
r = [
        [73038.3,67559.1,81978.1,54859.2,78876.6,73638.3,73168.2,62388.9,77428.8,78900.8,64894.1,57817.1,58628.5,54375.8,61719.8,71706,51928.7,58428.9,60328.6,56652.2,73300,75735.8,56346.5,55367,68527.3,65699.1,61362.4,65835.6,62402.6,66276.1 ], 
        [54322.3,62458.8,56410.1,66716.8,76426.4,78471.1,81002.6,68499.1,75371.2,75298.4,65327,79739.1,56387.7,59504.5,64318.6,75148.8,72147.7,66443,66908.2,61644.5,62574.4,53658.5,58518.8,51302.1,54088.8,74848.2,70183.6,64873,58558.8,70465.7 ]
     ];
d = [
        [62300,29109.7,35228.4,51229,12745.7,48030.1,83816.8,6039.23,72542.4,20845.8,83875.7,11304.2,80875.7,26774.1,19016.3,77498.8,89471.4,43635,15408.1,13866.7,81701,19333,82595.9,45835.1,44960.9,82922.2,38656.3,67294.8,80445.1,40070.5,75790.7,6935.26,26888.7,5826.7,24213.6,51929.4,24714.3,17486.1,13033.2,63436.4,29578.9,36744.6,11552.7,15362.1,42420.9,87651.5,11357.2,66224.8,11144.1,79066.3,7959.59,77696.8,5781.28,13017.7,6802.89,14507.3,57097.4,51751.9,54874.6,75629.7,10222.8,72770.2,18809.2,58370.3,43694.7,30019.8,5382.07,10522,82620.1,32518.1 ], 
        [79576.1,30172.7,19023.6,16873.7,33306.9,86233.5,5995.96,3793.81,55608.4,57325.1,67764,22405.3,32531.1,74716.8,7685.92,17091.1,61045.9,87499.9,51379,8728.65,60259.8,45969.2,88438.5,26061.7,89791.2,26459.4,5515.73,82521.7,83218.2,9894.82,41305.2,68088.6,83723.6,50512.6,63213.6,51773,56839.6,78905.5,55613.7,72794.4,13766.3,50521.1,28325,73806.5,44046.7,49887.9,50403.6,42272.5,27998.9,13912.4,67206,75753.1,58054.8,19238.4,48383.1,2533.51,52408.2,29202.8,4396.7,59392.7,34861.7,66859.9,34340.9,4016.57,49080,61382.6,51397.4,79526.8,2503.49,2985.41 ]
     ];
