/***************************************
* STOCHASTIC OPTIMITZATION
* OPL S2FVPP Data Generator
* by Jordi Mateo Fornes
* Model = S2FVPP; Stochastic (2S) MIP 0-1;
* Representation = Compact Representation;
****************************************/
I = 100;
P = 30;
C = 70;
G = 2;
p = [ 0.01, 0.01 ];
pc = 0.02;
ORCHARDS = { 1, 2, 3, 4, 5, 6, 7, 8, 9, 10, 11, 12, 13, 14, 15, 16, 17, 18, 19, 20, 21, 22, 23, 24, 25, 26, 27, 28, 29, 30 };
CUSTOMERS = { c1, c2, c3, c4, c5, c6, c7, c8, c9, c10, c11, c12, c13, c14, c15, c16, c17, c18, c19, c20, c21, c22, c23, c24, c25, c26, c27, c28, c29, c30, c31, c32, c33, c34, c35, c36, c37, c38, c39, c40, c41, c42, c43, c44, c45, c46, c47, c48, c49, c50, c51, c52, c53, c54, c55, c56, c57, c58, c59, c60, c61, c62, c63, c64, c65, c66, c67, c68, c69, c70 };
CGV = [ 12.3627, 25.4853, 10.2329, 20.683, 21.6957, 11.0756, 12.6637, 23.7192, 29.747, 24.3349, 1.6333, 4.32544, 17.4201, 25.5003, 10.542, 10.3069, 6.75382, 6.70016, 11.987, 21.4619, 7.0354, 11.8772, 18.5623, 13.2509, 13.4674, 27.7698, 8.32329, 29.4574, 27.4332, 21.3173 ]; 
s = [ 2.84972, 2.63639, 2.93451, 0.881518, 0.485698, 0.306994, 0.525129, 0.687612, 1.28742, 1.62071, 1.89602, 2.57658, 2.98629, 1.68668, 1.96442, 1.15665, 2.91276, 1.99352, 2.48752, 0.680003, 0.552075, 2.98777, 0.270194, 1.38969, 0.820449, 1.419, 0.795921, 2.74378, 2.73897, 28.9432 ]; 
CSV = [
        [
          [ 7.40988, 12.2564, 22.8051, 1.00828, 14.5202, 8.57953, 26.9442, 4.86834, 29.9404, 6.85016, 7.27172, 18.6517, 16.9977, 16.9519, 11.6717, 12.792, 24.4304, 3.28821, 10.595, 7.09796, 17.025, 26.5958, 15.8648, 8.62503, 15.9261, 29.8358, 19.8687, 3.24143, 15.9832, 20.0421 ], 
          [ 13.6754, 11.4618, 7.47282, 3.92052, 16.6775, 13.4962, 6.86179, 14.8798, 22.5049, 2.6261, 12.4012, 28.5835, 5.63949, 26.093, 21.9355, 11.3021, 22.8407, 4.40004, 20.184, 9.34134, 21.2889, 12.838, 8.10579, 7.54689, 5.73784, 8.70343, 23.0427, 28.7917, 9.89874, 17.7174 ], 
          [ 21.0581, 20.7682, 16.2207, 10.9704, 29.2007, 22.1717, 23.6302, 7.19519, 14.8204, 4.19118, 4.40244, 22.5816, 25.926, 14.2224, 23.0908, 8.02002, 3.97255, 1.07324, 3.72838, 11.6131, 20.7883, 16.6461, 12.9207, 5.92368, 11.0651, 4.98832, 4.25241, 6.38504, 16.226, 11.7999 ], 
          [ 22.0104, 14.9943, 1.9916, 29.4922, 18.9715, 19.994, 28.1786, 23.8129, 22.6266, 13.6085, 13.6732, 3.89716, 16.2269, 4.54883, 15.8044, 5.51, 6.06934, 22.9557, 10.6184, 20.7812, 10.687, 2.74307, 16.139, 1.03817, 3.90936, 17.0563, 29.2677, 7.7492, 24.6949, 24.9779 ], 
          [ 26.7025, 20.4303, 26.7045, 19.2444, 6.75733, 1.39598, 17.1439, 21.1919, 1.54518, 4.47046, 16.9919, 22.4566, 4.57325, 27.5108, 28.0949, 11.8263, 6.30858, 9.67785, 4.56646, 20.0062, 9.27549, 2.778, 12.4926, 15.9558, 18.8446, 28.8862, 2.8606, 20.2637, 17.446, 22.3913 ], 
          [ 1.6731, 17.1794, 5.39003, 17.0533, 6.86678, 14.4827, 1.12307, 29.8163, 28.4864, 23.2622, 1.12126, 18.5435, 12.8211, 24.39, 23.0688, 22.1331, 3.74937, 26.0983, 5.89828, 29.7803, 19.2449, 20.8613, 12.8419, 27.5246, 13.17, 17.0515, 3.41373, 2.94187, 14.7059, 5.37473 ], 
          [ 24.678, 16.5249, 19.9883, 7.47477, 20.6391, 5.9031, 9.55618, 5.93412, 28.4016, 15.3442, 20.2004, 22.2944, 23.3347, 18.5876, 29.463, 27.0955, 3.07694, 20.2166, 13.3196, 28.8789, 17.4684, 27.8659, 3.39001, 5.11546, 23.1829, 8.81422, 13.9378, 15.0294, 25.5192, 9.69638 ], 
          [ 1.28036, 9.88911, 9.23081, 14.3918, 5.50603, 3.85012, 1.68829, 23.1764, 3.46336, 16.3385, 27.2213, 16.8919, 20.8518, 16.8914, 23.4223, 4.08189, 16.0912, 23.0211, 13.9758, 22.8282, 5.61886, 12.39, 28.594, 6.65812, 13.5542, 20.9126, 8.84054, 7.68943, 14.8556, 21.8069 ], 
          [ 24.7733, 18.479, 29.7257, 3.24636, 11.0566, 6.70361, 10.745, 15.0212, 1.92503, 22.4935, 4.42355, 14.3644, 26.5411, 17.2428, 6.82, 21.5237, 25.1768, 20.3862, 14.5222, 12.6243, 23.7308, 29.0202, 21.1831, 16.7188, 3.23418, 5.51543, 26.1715, 29.045, 13.8731, 18.4871 ], 
          [ 18.4206, 25.2134, 16.6558, 9.29765, 10.6391, 10.3711, 14.3131, 20.3932, 5.37072, 29.3124, 16.5845, 25.2636, 27.5465, 3.28144, 3.85602, 10.7145, 23.2249, 24.219, 18.4188, 28.7545, 2.77095, 20.6825, 1.0965, 10.2169, 18.2577, 23.644, 19.2392, 11.3445, 18.2165, 4.11323 ], 
          [ 7.0871, 9.95267, 27.691, 8.65412, 16.1379, 9.34419, 24.1804, 14.1484, 4.97648, 1.36315, 12.73, 14.7363, 27.7693, 27.6735, 15.8844, 13.2638, 4.33763, 17.4131, 18.3257, 15.2929, 18.3614, 18.3401, 3.9898, 22.3012, 22.5506, 2.55576, 26.4819, 5.13509, 6.38012, 14.3698 ], 
          [ 13.269, 4.16929, 22.7366, 12.5948, 9.05052, 23.353, 29.2217, 16.9589, 12.1289, 7.41673, 24.7795, 29.9856, 20.2198, 17.1185, 17.2355, 22.4094, 21.9746, 7.36317, 9.58641, 25.7759, 4.3214, 27.0283, 10.9397, 3.08017, 8.14295, 14.7908, 28.7979, 20.3176, 1.1764, 22.7694 ], 
          [ 5.43426, 11.1134, 6.72883, 8.99344, 20.0301, 18.7254, 15.3013, 26.3173, 14.5754, 21.6738, 25.9481, 23.0777, 8.41548, 26.7737, 5.16182, 5.53419, 2.05639, 29.5815, 11.5919, 12.5488, 14.9799, 10.458, 5.06024, 26.4964, 23.2539, 26.3067, 4.83445, 2.3633, 1.34011, 29.943 ], 
          [ 26.3541, 21.3184, 5.62318, 10.2415, 17.1925, 24.2698, 19.2904, 3.63009, 14.6406, 11.4037, 18.3561, 21.5174, 29.1761, 29.1971, 14.8591, 23.613, 24.6113, 7.66362, 6.71685, 24.5085, 28.3772, 12.7275, 1.63146, 29.7879, 13.5429, 26.2462, 28.9006, 12.178, 14.2171, 28.2131 ], 
          [ 22.3987, 16.4981, 21.989, 7.24084, 10.2759, 25.7215, 4.27447, 27.2329, 21.8901, 29.0505, 25.7901, 21.1528, 6.14453, 10.5605, 20.7525, 18.5946, 5.52206, 21.307, 28.1057, 28.8772, 25.0755, 2.42342, 17.0916, 25.6424, 5.62568, 7.83586, 2.24266, 20.2276, 2.92471, 15.649 ], 
          [ 2.52931, 25.4502, 12.3688, 27.1573, 11.5389, 12.3314, 29.8384, 7.107, 13.4241, 5.05238, 24.1281, 23.1892, 27.6325, 2.06074, 19.6524, 29.8347, 10.8354, 18.414, 9.92551, 15.7221, 19.5045, 2.90175, 18.1116, 25.4393, 15.3043, 12.0445, 7.25889, 9.64562, 8.71751, 6.54232 ], 
          [ 18.8589, 2.53784, 24.5559, 27.7185, 29.2105, 4.71551, 5.82768, 24.6799, 29.2383, 18.3904, 26.4295, 27.7877, 24.9288, 15.1242, 7.35223, 18.5544, 10.1478, 11.0693, 24.8565, 20.6199, 27.7355, 21.4817, 9.2377, 2.93331, 1.04758, 4.22497, 13.0689, 17.7663, 8.67192, 1.43109 ], 
          [ 4.65191, 10.8502, 4.81341, 23.6663, 26.3121, 9.35079, 1.43754, 10.5125, 13.1175, 7.93899, 24.5141, 13.1839, 5.17926, 28.5439, 27.3058, 21.181, 6.67317, 11.6516, 7.15135, 15.7975, 19.0695, 15.1003, 9.79966, 8.60918, 9.44239, 14.4217, 11.0299, 28.7789, 6.54154, 13.1178 ], 
          [ 2.74573, 14.3766, 28.7004, 25.8858, 27.9651, 7.93164, 21.8732, 19.8227, 27.3874, 14.0214, 1.9676, 2.42697, 17.9044, 22.6205, 29.2206, 18.0594, 19.9574, 29.6765, 17.3886, 11.2357, 17.7598, 16.982, 16.3321, 14.7648, 9.23785, 18.5529, 14.619, 19.6669, 15.1997, 15.0799 ], 
          [ 27.7403, 17.4785, 2.88776, 19.4535, 13.5564, 15.6074, 2.91216, 5.6271, 13.953, 20.5629, 20.0782, 10.1778, 10.1786, 23.6687, 18.1277, 10.8165, 1.75418, 15.6347, 23.1136, 16.6354, 17.9708, 7.26224, 5.89527, 7.18252, 7.65691, 28.957, 19.8612, 28.3023, 14.3867, 20.8657 ], 
          [ 13.3124, 10.03, 15.439, 27.1789, 28.4965, 6.91572, 15.8989, 13.2014, 18.0597, 16.7636, 23.5515, 8.16931, 15.113, 12.1208, 5.53998, 3.87784, 1.77386, 25.3218, 6.40244, 28.5784, 27.8465, 16.0836, 25.4174, 15.3719, 18.9306, 18.6257, 15.8348, 20.8043, 26.2225, 8.59479 ], 
          [ 2.95793, 11.9205, 10.3702, 12.9825, 29.0789, 23.3089, 7.14775, 23.5718, 17.8243, 12.8219, 10.3723, 28.6308, 23.1883, 26.2566, 23.1789, 17.8836, 1.77903, 3.85426, 3.37151, 4.29942, 26.5426, 23.7627, 2.03571, 23.9668, 5.74026, 15.4445, 9.6877, 27.0542, 20.2769, 6.22631 ], 
          [ 7.58213, 16.9282, 6.53277, 10.054, 11.3125, 19.5383, 28.2372, 13.7202, 10.4645, 20.721, 26.8093, 1.43702, 4.71813, 15.7866, 15.8625, 15.2764, 29.4161, 5.40951, 24.1222, 9.83492, 9.575, 10.4806, 20.7015, 13.8393, 6.06052, 24.7551, 5.75221, 22.3236, 13.1151, 29.1447 ], 
          [ 21.9766, 20.9267, 22.7608, 14.8158, 18.1089, 7.65065, 8.15841, 8.81715, 3.07683, 15.1183, 17.2484, 9.84242, 11.3225, 3.36953, 22.2451, 22.0488, 25.3044, 21.6394, 7.31145, 27.8933, 8.20071, 29.2578, 7.83776, 29.0551, 12.7541, 8.36564, 27.4686, 15.6909, 24.1888, 11.6275 ], 
          [ 15.6929, 16.5421, 22.41, 2.98553, 10.3041, 13.7985, 24.138, 20.2947, 22.8826, 8.02894, 17.3245, 2.37021, 14.8602, 11.0234, 18.3126, 4.64738, 7.15547, 5.97163, 7.04485, 18.9548, 18.1806, 16.2462, 7.12449, 16.1308, 11.261, 2.11976, 29.0666, 26.8701, 25.2291, 21.2762 ], 
          [ 12.402, 16.3348, 19.3362, 12.7203, 13.1949, 2.15142, 12.3491, 27.5586, 4.33845, 8.99891, 11.0008, 17.7383, 21.3988, 24.1861, 23.1617, 6.73245, 7.03402, 23.1748, 28.4244, 21.4595, 23.7707, 16.8294, 27.7828, 19.7062, 25.7555, 5.46067, 14.8112, 8.14204, 15.1938, 11.8894 ], 
          [ 8.85506, 10.4184, 3.50233, 18.7151, 22.2822, 24.0782, 26.2681, 22.5644, 11.7168, 1.35997, 14.3822, 27.1526, 20.7865, 18.2939, 9.20975, 28.9628, 4.38863, 11.9637, 15.6737, 11.5817, 24.0945, 9.42644, 9.24421, 13.8224, 3.51476, 22.248, 4.24437, 13.5173, 7.04396, 20.1588 ], 
          [ 28.4368, 6.00474, 3.15121, 13.1629, 16.1961, 16.5198, 3.96406, 3.53423, 8.97934, 26.0292, 5.83558, 6.72512, 15.5847, 22.9884, 18.9085, 22.7427, 12.8308, 12.246, 27.8827, 26.1044, 4.1331, 1.79086, 25.8972, 26.8272, 14.218, 23.2453, 13.6217, 11.8671, 4.87558, 6.25828 ], 
          [ 5.28329, 13.5818, 7.62109, 20.9023, 13.2968, 15.7186, 1.46212, 15.0517, 14.4425, 6.18702, 1.20295, 13.8025, 12.661, 24.3331, 26.4308, 22.9862, 18.0658, 16.7474, 9.01919, 19.9254, 26.7401, 19.375, 22.1834, 8.21924, 11.1668, 23.1928, 26.681, 4.53045, 3.63899, 2.14222 ], 
          [ 19.5395, 6.73762, 13.5033, 21.4126, 5.4166, 8.56984, 12.2853, 6.97461, 24.3723, 20.3293, 22.9543, 1.2047, 7.49453, 1.92502, 28.8227, 24.6174, 12.0662, 14.3286, 17.503, 19.6571, 4.3808, 23.377, 9.76064, 6.44486, 13.7543, 10.0724, 6.6873, 27.2446, 20.0648, 22.4386 ], 
          [ 27.174, 13.1301, 13.0523, 9.95571, 1.98356, 17.6876, 21.9878, 26.7248, 11.8429, 8.19818, 29.2803, 22.9709, 9.90249, 2.85645, 22.3398, 21.2175, 10.2208, 26.4995, 3.55736, 12.9749, 18.6308, 20.4207, 12.0548, 19.6032, 9.11671, 21.5475, 2.34267, 3.54054, 14.5895, 8.74123 ], 
          [ 9.80079, 1.06341, 13.3948, 2.80746, 5.05098, 22.2538, 16.9553, 17.9628, 1.60542, 20.8353, 19.7872, 13.5444, 15.7288, 8.93945, 27.9156, 23.7347, 14.133, 15.9885, 10.1228, 8.56096, 28.5375, 14.5209, 17.1291, 9.88468, 11.723, 3.24251, 16.8885, 28.0247, 22.2567, 27.6058 ], 
          [ 25.7788, 14.7197, 17.1166, 2.28046, 14.1059, 10.7163, 13.3338, 9.6462, 3.05729, 25.5456, 19.3451, 25.2958, 24.6309, 25.4943, 5.90177, 10.4324, 29.6836, 29.5463, 19.1171, 4.89577, 18.8324, 13.9532, 28.3909, 8.86898, 4.7538, 24.5888, 19.3578, 27.2531, 20.4351, 10.4673 ], 
          [ 29.2522, 4.54776, 11.4773, 7.28328, 17.9965, 7.8896, 29.7896, 5.14479, 7.36272, 18.7121, 15.4118, 9.42048, 1.33741, 25.4976, 2.73565, 23.0631, 25.2185, 7.51925, 5.84285, 13.0808, 19.8591, 17.7885, 5.66348, 19.734, 2.64597, 26.6668, 20.4367, 16.5674, 10.3487, 5.28069 ], 
          [ 7.72951, 7.82216, 23.9242, 20.3955, 19.5459, 22.41, 23.8275, 26.943, 2.11967, 4.32559, 4.59392, 17.7212, 6.20173, 6.67617, 20.6338, 22.8066, 29.4878, 10.9262, 25.7071, 11.8446, 15.8749, 13.8162, 15.9073, 23.924, 9.91591, 18.5732, 9.55442, 19.7706, 20.7653, 8.40612 ], 
          [ 10.0603, 7.54443, 20.1915, 14.399, 21.023, 6.18431, 7.4911, 7.05691, 13.6481, 11.987, 29.6645, 22.3778, 17.4564, 11.3927, 18.491, 4.22748, 19.4109, 27.5558, 11.4992, 23.4619, 10.9612, 15.7414, 18.4071, 8.8425, 19.4041, 12.1852, 16.4016, 14.4449, 24.7702, 20.0197 ], 
          [ 29.7431, 8.57465, 22.9309, 17.7723, 3.63272, 13.9114, 2.28097, 24.8588, 12.3756, 16.1686, 22.3935, 9.08713, 20.2576, 23.9429, 29.8714, 23.2443, 14.2677, 14.4339, 7.25903, 23.0834, 25.42, 29.0856, 10.3815, 11.6087, 12.2749, 5.21858, 22.8189, 26.6932, 28.867, 11.0575 ], 
          [ 12.5791, 4.06728, 3.70825, 10.8702, 18.8652, 17.9743, 11.7898, 13.7866, 18.7857, 19.1129, 18.3249, 29.3713, 10.4182, 13.4964, 19.6284, 13.3216, 18.371, 28.4549, 13.4618, 18.0507, 26.164, 7.94324, 1.82204, 4.02498, 14.7569, 20.1123, 15.0416, 5.76882, 18.3429, 2.41171 ], 
          [ 15.6875, 17.7055, 18.1189, 25.9193, 20.0603, 3.21254, 7.13724, 1.06088, 3.72711, 5.12145, 4.91645, 5.79234, 27.2474, 1.84302, 8.29102, 1.28825, 24.2854, 5.3638, 26.5357, 6.21577, 8.28166, 22.8216, 1.65039, 11.6674, 26.0768, 29.6004, 16.5113, 4.22792, 1.86504, 24.9923 ], 
          [ 26.2136, 4.53937, 6.83718, 16.1057, 21.8855, 17.1279, 18.7159, 17.7134, 21.1567, 17.0724, 22.7984, 21.934, 7.00014, 13.8089, 6.63506, 20.4473, 17.9779, 7.28037, 5.30947, 22.1599, 3.82514, 22.601, 19.0482, 9.40621, 6.12901, 8.50756, 12.1888, 9.27225, 27.4747, 17.6804 ], 
          [ 25.4677, 25.2248, 7.07316, 23.3525, 18.3926, 7.62949, 7.578, 11.2689, 27.5162, 27.2653, 10.7278, 7.63473, 19.2871, 24.4931, 25.4362, 1.90408, 16.8313, 9.13676, 13.0092, 9.14086, 21.3999, 8.04946, 2.34127, 24.6445, 5.29587, 18.5843, 23.2501, 18.8197, 21.932, 22.3351 ], 
          [ 29.0744, 5.6404, 9.45911, 20.0444, 9.05062, 22.0468, 11.0151, 4.38414, 21.9599, 6.84847, 7.08355, 26.3886, 2.67623, 6.79507, 3.16108, 9.47744, 25.1203, 26.0011, 25.3969, 11.7158, 14.1501, 10.0424, 5.65841, 3.13001, 27.166, 24.5505, 3.52416, 28.2025, 21.0988, 18.379 ], 
          [ 12.8425, 25.6836, 1.10041, 27.8514, 5.69491, 14.8811, 12.9425, 23.3424, 26.405, 28.433, 10.1838, 13.3628, 1.75526, 27.6109, 13.6196, 26.8762, 6.50195, 1.19382, 8.25822, 1.78212, 7.3782, 21.869, 25.648, 4.21474, 8.02547, 19.4991, 14.052, 18.3488, 16.029, 18.8978 ], 
          [ 3.59988, 16.7439, 11.2091, 12.6585, 6.73325, 27.6353, 25.9011, 7.37432, 27.7517, 3.74917, 7.20387, 19.2104, 8.50853, 21.2838, 5.30471, 26.5505, 6.01931, 3.16867, 5.59516, 24.4199, 19.1092, 6.40288, 29.6873, 17.8404, 25.4501, 12.3651, 27.1172, 4.3817, 27.3683, 11.5094 ], 
          [ 14.7138, 3.23802, 12.0898, 27.5104, 20.1633, 20.6078, 15.2338, 20.85, 22.0954, 3.48563, 14.1203, 18.2639, 14.5663, 9.03468, 1.43941, 22.1727, 24.627, 3.89913, 1.62228, 6.99042, 17.0745, 12.5917, 9.25587, 12.2338, 4.57935, 10.9009, 7.22256, 26.2125, 8.25515, 8.53266 ], 
          [ 15.8656, 4.92263, 22.4144, 22.0364, 4.86942, 2.61678, 6.48119, 2.87164, 18.9441, 11.767, 12.0047, 2.43694, 25.1729, 3.45665, 22.9021, 11.4239, 12.3208, 25.1974, 11.0401, 1.46585, 25.8098, 28.4214, 13.888, 13.3358, 9.01911, 4.38577, 20.8789, 12.8063, 17.4162, 20.4681 ], 
          [ 21.5, 22.2258, 26.3158, 20.88, 7.06483, 5.23207, 9.39877, 8.61892, 29.4925, 29.0557, 15.1513, 23.7562, 24.4856, 6.93359, 18.0825, 6.55822, 17.7733, 4.38279, 20.1001, 26.0797, 6.11175, 25.3149, 11.5625, 3.94552, 11.7788, 23.4249, 7.83228, 26.7314, 6.97379, 22.6326 ], 
          [ 11.3207, 11.7231, 9.14727, 9.33687, 20.0527, 7.8967, 19.5886, 5.98041, 13.379, 27.8783, 14.885, 23.7035, 23.775, 15.4565, 21.6559, 28.3003, 4.47628, 7.39955, 19.2627, 13.4561, 22.9396, 29.211, 20.4261, 27.2293, 12.4665, 12.6221, 22.2532, 23.0791, 2.47379, 28.9231 ], 
          [ 9.53364, 8.34176, 26.6004, 29.6879, 1.91029, 2.09476, 12.4129, 6.27279, 16.1304, 25.2345, 26.2715, 25.0418, 29.8156, 17.2217, 15.0672, 27.4249, 7.35887, 10.2934, 11.8544, 27.8206, 17.323, 10.1778, 7.77926, 29.2146, 21.6217, 6.42532, 29.1855, 4.06512, 23.606, 20.9537 ], 
          [ 20.42, 8.64064, 6.63515, 29.8845, 28.4831, 27.6821, 22.7446, 21.4928, 18.6706, 24.2186, 2.56505, 19.2653, 19.4798, 19.17, 13.2829, 26.3463, 27.3304, 29.1311, 1.81734, 16.8504, 26.3438, 18.5645, 16.5837, 18.052, 9.50134, 16.8172, 2.10546, 2.93859, 13.5776, 10.2913 ], 
          [ 21.6783, 29.2807, 18.9653, 9.18776, 19.8754, 25.0137, 9.9048, 21.3198, 15.0914, 9.34831, 24.589, 10.7536, 23.2966, 29.0008, 17.6703, 26.525, 24.1412, 5.007, 19.8562, 27.3295, 4.4893, 3.53865, 16.8224, 3.78223, 24.0668, 24.1348, 14.2017, 11.672, 25.6938, 29.9885 ], 
          [ 3.46867, 21.224, 25.6347, 7.29713, 18.7373, 27.84, 29.8502, 10.3038, 24.2133, 23.7567, 9.85086, 5.35981, 29.1643, 19.4642, 11.7158, 5.14023, 13.7366, 1.28118, 26.9325, 1.01032, 12.7293, 24.2028, 8.40058, 22.4161, 10.0143, 8.20782, 14.8339, 20.2645, 25.3588, 7.21354 ], 
          [ 29.0169, 16.2602, 3.01207, 3.3529, 19.6751, 14.933, 1.29526, 1.37683, 7.20406, 10.2841, 19.9528, 3.93695, 11.4339, 28.2862, 15.9928, 20.1139, 5.62654, 18.3078, 25.9393, 3.82379, 1.12391, 4.96449, 1.2016, 9.92697, 4.24222, 16.786, 6.05864, 9.37099, 14.077, 1.42757 ], 
          [ 28.102, 7.16887, 10.2246, 17.6794, 17.9901, 6.57302, 15.944, 11.8378, 18.4225, 10.7702, 3.69012, 21.9273, 20.1942, 23.5407, 19.4035, 17.6902, 24.6043, 29.1761, 25.1212, 14.5779, 16.5621, 12.9962, 2.12139, 18.8396, 15.8193, 1.06364, 21.485, 21.1648, 26.1347, 3.46497 ], 
          [ 15.5097, 21.907, 19.9982, 29.1869, 15.6351, 11.8715, 12.3757, 20.1484, 20.327, 4.95373, 27.3812, 21.361, 24.14, 8.76899, 22.7054, 14.603, 26.2906, 18.2227, 20.7507, 11.9274, 18.4836, 25.2715, 16.9796, 23.9268, 29.9209, 13.7305, 23.8466, 26.0333, 28.1294, 24.023 ], 
          [ 11.4865, 21.3085, 10.4218, 1.24251, 1.11069, 9.15001, 28.9998, 6.93329, 15.808, 3.68666, 29.9167, 4.77555, 5.44986, 2.1399, 6.75044, 10.5566, 27.7083, 7.26578, 11.9741, 25.6232, 1.22489, 15.3822, 18.6718, 6.11534, 28.7022, 28.4662, 18.2974, 24.3755, 6.96568, 29.8565 ], 
          [ 19.86, 27.3026, 2.22893, 23.7133, 29.4232, 3.45815, 26.0402, 5.75056, 25.2089, 20.0207, 19.3569, 20.9948, 15.8948, 28.6562, 10.0874, 24.538, 9.50094, 6.37548, 17.6203, 24.4756, 16.4856, 10.4241, 21.7814, 5.54479, 3.26102, 9.93925, 6.36073, 22.4877, 11.4605, 7.724 ], 
          [ 10.563, 7.65866, 3.33935, 21.9445, 13.7738, 19.137, 13.6278, 19.4439, 27.6299, 18.9346, 28.0659, 1.5959, 17.5831, 29.8948, 18.4396, 27.1774, 8.05896, 25.8457, 18.7976, 22.5311, 26.7393, 29.8402, 3.88709, 27.3219, 22.7736, 1.87141, 23.4513, 11.3033, 3.3068, 1.63923 ], 
          [ 14.0365, 18.6082, 26.8244, 2.82468, 3.12462, 5.07802, 26.3276, 7.89666, 13.8345, 1.6997, 2.16991, 1.29321, 14.5109, 15.5094, 3.72912, 10.1386, 25.2992, 18.259, 18.2937, 2.93926, 4.52018, 18.3543, 27.1051, 5.0437, 29.1662, 2.12446, 23.2253, 1.10037, 19.8448, 24.0877 ], 
          [ 9.82769, 14.0581, 23.6793, 15.2556, 6.30677, 21.6655, 10.0855, 18.6228, 4.0196, 13.6969, 2.42475, 3.52698, 12.9889, 23.8748, 25.8516, 6.19081, 19.6148, 4.68684, 17.4936, 27.7672, 19.5084, 15.8353, 17.1606, 28.462, 12.4629, 19.8874, 29.9261, 2.28983, 14.6991, 17.3467 ], 
          [ 4.84461, 9.62468, 14.7913, 29.241, 19.2633, 13.6362, 7.7325, 18.3565, 5.71507, 12.8572, 19.2449, 8.88861, 16.1799, 9.49598, 2.67049, 3.24462, 12.1892, 29.1121, 17.6962, 23.4151, 1.68604, 15.0729, 14.6193, 13.2535, 6.36454, 24.4718, 23.2238, 1.51014, 24.6262, 16.078 ], 
          [ 21.0543, 16.2241, 9.99686, 6.12529, 12.146, 26.6298, 29.538, 11.1596, 10.488, 7.53515, 2.56019, 8.00557, 17.0001, 2.28679, 20.1896, 8.78136, 20.837, 25.9862, 12.4422, 8.99667, 19.7731, 1.47838, 22.6597, 29.9018, 29.897, 23.8679, 9.12197, 5.23898, 22.0017, 23.5095 ], 
          [ 28.5773, 29.0177, 4.36972, 19.6229, 27.6722, 11.227, 16.7716, 8.2312, 27.474, 9.87281, 12.2456, 16.9928, 19.1562, 3.37073, 25.4973, 11.533, 16.3011, 6.82801, 13.1722, 20.2473, 2.70936, 15.7459, 1.65347, 27.6883, 13.3693, 5.993, 25.285, 8.02813, 29.1904, 6.45559 ], 
          [ 6.1088, 9.54443, 14.8253, 26.7133, 9.51452, 8.6864, 25.5163, 28.2319, 15.3608, 21.5665, 25.35, 14.5303, 20.7549, 12.7425, 21.0243, 24.3411, 2.89082, 18.7247, 8.12875, 13.0409, 21.2412, 29.232, 27.5243, 20.6266, 29.9404, 12.2822, 26.9533, 3.94814, 13.509, 21.7889 ], 
          [ 10.2459, 27.2534, 17.2067, 13.1997, 1.86665, 16.9524, 10.2443, 3.04292, 10.3634, 22.2984, 12.4373, 23.1654, 23.4678, 21.0913, 17.4625, 24.6346, 10.5635, 11.3121, 6.74261, 7.86548, 29.4582, 14.8724, 4.25356, 22.9461, 27.095, 18.6026, 10.5039, 17.0661, 10.6667, 14.3328 ], 
          [ 11.9644, 22.7002, 21.3166, 11.5737, 2.64956, 29.8174, 29.6638, 14.6501, 11.9444, 12.034, 27.9377, 22.8081, 26.9171, 17.5397, 18.0931, 14.9738, 8.786, 3.75429, 5.84795, 15.1113, 1.27528, 4.07398, 21.0301, 6.95896, 2.08871, 29.3549, 23.5831, 3.39088, 5.90717, 16.8991 ], 
          [ 16.1627, 16.1187, 23.6082, 7.12304, 29.9639, 7.27989, 7.95528, 3.43418, 1.40352, 21.0677, 12.7372, 24.2171, 1.57873, 15.2912, 14.2879, 3.31852, 11.3729, 1.76607, 4.8876, 12.5722, 4.63625, 4.91356, 29.6638, 29.6618, 16.6325, 16.4301, 27.1397, 15.4997, 5.55327, 19.7723 ], 
          [ 26.2187, 8.54562, 26.5482, 19.0298, 14.3688, 22.0732, 19.0972, 7.79889, 20.2324, 15.888, 15.0183, 4.80935, 18.3137, 21.8434, 17.9702, 27.6719, 20.0135, 13.5846, 17.2999, 18.7084, 5.90285, 16.0694, 17.1569, 8.35109, 9.31527, 4.62176, 15.558, 2.06071, 22.9281, 16.5374 ], 
          [ 13.4718, 18.1174, 23.5977, 4.94966, 26.05, 2.35345, 12.1758, 5.05496, 25.264, 24.5487, 1.89167, 24.1626, 8.53767, 23.163, 21.3876, 4.4795, 17.4778, 26.6194, 21.4282, 10.1086, 5.71796, 15.7332, 10.504, 29.2548, 6.74145, 13.3556, 8.50081, 29.9748, 6.75212, 2.18849 ], 
          [ 15.3411, 11.2797, 17.8442, 2.66246, 10.7498, 2.38635, 25.8609, 23.7968, 4.11823, 27.4711, 7.59095, 17.9909, 24.7811, 7.01491, 20.8588, 16.9058, 22.7964, 11.902, 27.2963, 27.3361, 20.7696, 22.7461, 4.39863, 3.41412, 24.4445, 27.8757, 9.76304, 12.6117, 27.0723, 18.6487 ]
        ], 
        [
          [ 1.73612, 11.2965, 23.9503, 27.875, 12.2899, 10.4071, 22.6475, 10.4431, 5.51058, 18.5096, 26.8671, 25.5389, 26.1709, 10.0649, 17.5675, 25.641, 2.91577, 12.2947, 2.18564, 12.515, 21.2144, 21.1488, 6.82819, 5.61663, 18.557, 1.30596, 6.15301, 10.3874, 26.5568, 12.9956 ], 
          [ 17.1198, 21.5401, 14.1999, 10.1594, 18.7191, 16.2372, 18.7981, 15.1128, 5.03298, 17.2951, 14.3113, 23.0027, 28.831, 10.1256, 24.2932, 5.09217, 24.4297, 13.9577, 10.7002, 8.84744, 25.377, 13.9386, 28.0368, 6.37258, 19.9195, 21.544, 13.6786, 13.2821, 29.0808, 10.8723 ], 
          [ 23.5794, 5.84923, 11.0055, 20.9769, 16.8064, 27.318, 17.989, 16.931, 24.18, 27.2847, 12.6485, 13.3379, 29.6721, 3.97743, 22.0985, 13.1112, 14.3877, 28.9728, 4.69746, 15.2864, 29.7195, 10.5198, 8.39763, 16.0638, 13.6909, 9.71557, 12.7869, 12.3975, 7.29247, 22.1492 ], 
          [ 23.6393, 24.5261, 29.4647, 14.383, 7.06326, 22.0949, 15.1912, 21.8943, 14.8903, 12.9578, 27.6058, 21.0725, 28.119, 28.1318, 13.0265, 29.7638, 17.7926, 27.2969, 15.196, 2.41134, 15.7117, 22.3142, 11.6202, 8.37564, 14.0966, 11.8358, 1.84541, 11.4597, 9.52139, 4.2375 ], 
          [ 28.765, 2.91324, 15.8951, 22.9431, 12.4431, 20.0029, 27.4416, 13.8242, 23.0064, 18.8932, 11.0069, 20.528, 7.25616, 13.1978, 26.4536, 5.4129, 1.66628, 29.9624, 24.5601, 16.1083, 27.9999, 17.4934, 13.2017, 6.41572, 20.1946, 19.9432, 22.7967, 9.07193, 22.298, 27.5792 ], 
          [ 17.6486, 8.2836, 17.7865, 6.25977, 27.3029, 25.3037, 26.6962, 22.0511, 20.325, 29.3502, 9.31891, 13.0275, 20.8227, 26.5758, 15.3071, 15.0121, 16.2394, 8.23234, 14.9343, 4.76795, 3.90008, 12.1587, 28.3459, 4.03935, 4.89981, 5.0013, 11.105, 26.1401, 25.3261, 17.8949 ], 
          [ 5.99958, 4.91078, 7.74384, 22.8284, 10.9132, 13.1965, 19.1564, 6.75003, 14.6276, 10.6681, 19.4221, 7.28216, 9.79492, 12.3294, 6.96201, 23.1189, 6.75602, 2.21142, 14.2746, 26.1251, 25.1723, 1.0649, 5.72411, 15.1773, 13.7873, 11.491, 23.5118, 11.7468, 6.30415, 9.77153 ], 
          [ 12.5493, 2.68924, 3.93204, 17.207, 27.357, 10.8513, 9.23032, 12.4419, 27.9923, 3.32593, 14.774, 19.3507, 26.1573, 25.8245, 17.0633, 22.1165, 13.036, 18.6193, 8.26516, 23.4349, 7.92973, 15.2676, 14.9893, 24.37, 15.9142, 9.54723, 8.0827, 28.197, 17.6511, 16.2485 ], 
          [ 3.16921, 17.8041, 18.8673, 18.5311, 22.501, 3.46496, 9.25124, 11.1707, 23.242, 3.09067, 26.4211, 28.6403, 22.0516, 29.5212, 22.2476, 29.4186, 29.0964, 8.22261, 16.5824, 4.34389, 13.762, 29.5903, 18.9139, 26.1197, 5.50366, 20.9736, 16.0709, 26.2913, 12.8475, 21.4519 ], 
          [ 29.7402, 10.2235, 10.0022, 23.5631, 7.76085, 25.5202, 16.9617, 20.5594, 27.1813, 19.6717, 10.2231, 29.5475, 1.1391, 26.3106, 27.6135, 16.0255, 28.1272, 10.5564, 14.2459, 11.2595, 4.99881, 24.1734, 19.5053, 27.665, 11.6279, 17.8904, 27.1574, 11.744, 15.3192, 9.29176 ], 
          [ 7.72535, 17.5174, 13.4586, 16.1905, 15.201, 11.0549, 10.7383, 6.89068, 10.4124, 6.47507, 21.8048, 26.6005, 21.1707, 2.04879, 13.9173, 17.435, 13.1535, 29.5368, 19.3811, 9.4226, 20.7903, 21.0691, 7.299, 19.2359, 23.6911, 13.7369, 3.24271, 14.4574, 28.8819, 17.9351 ], 
          [ 12.8321, 22.516, 9.74039, 2.52863, 10.2748, 17.5254, 6.92681, 5.17572, 3.57354, 8.63106, 16.6918, 3.37691, 20.1842, 13.4355, 18.0751, 6.74404, 4.06557, 10.1215, 22.2063, 4.48743, 1.95151, 29.35, 10.9281, 5.74195, 17.6484, 29.6008, 18.9509, 20.7322, 8.23842, 12.036 ], 
          [ 11.1759, 7.6846, 19.7206, 23.9404, 5.68564, 1.90073, 22.7434, 12.8631, 24.325, 17.5599, 4.42855, 21.0521, 6.95038, 23.6489, 20.5864, 18.7935, 17.5468, 8.02357, 22.8859, 11.9594, 12.7576, 4.46838, 8.80596, 14.1438, 2.19521, 26.6712, 10.825, 5.78303, 1.58407, 20.9523 ], 
          [ 17.976, 13.7061, 11.243, 2.93606, 9.96703, 20.3939, 17.0037, 23.2603, 3.70701, 18.2862, 6.00883, 26.0446, 25.6778, 12.0227, 14.9694, 26.0123, 15.6753, 18.6142, 10.4321, 8.53757, 21.1182, 29.8076, 9.50838, 28.416, 17.7111, 5.8929, 3.35342, 6.58798, 23.8686, 16.1847 ], 
          [ 4.28891, 21.2603, 15.9513, 6.60279, 23.6667, 12.8592, 15.2921, 22.3206, 14.2059, 8.52653, 11.3923, 16.8533, 28.4741, 11.0652, 2.16989, 9.26529, 4.97551, 2.39657, 11.141, 14.2077, 14.6503, 16.2063, 5.21168, 1.78032, 17.8237, 15.0912, 21.2274, 1.66206, 8.01775, 11.9239 ], 
          [ 20.971, 23.2999, 9.45321, 23.3337, 27.5269, 22.5073, 16.4721, 24.5147, 15.5302, 5.78974, 5.08356, 19.9482, 20.919, 15.5983, 10.4691, 1.38657, 13.9308, 7.06832, 28.5704, 25.2278, 25.4635, 27.5829, 6.08877, 18.158, 2.11094, 13.7633, 24.582, 10.8907, 25.6763, 27.8061 ], 
          [ 27.3931, 9.24779, 11.3594, 13.7901, 14.2064, 14.7645, 17.5599, 27.2654, 28.0772, 24.5719, 27.171, 15.0673, 7.16641, 20.2995, 19.586, 24.6686, 17.4947, 4.91852, 25.276, 13.9214, 17.4154, 10.9732, 6.02584, 1.90817, 16.7564, 7.55014, 23.057, 4.23135, 20.82, 23.4059 ], 
          [ 18.7926, 18.3226, 19.4943, 28.8133, 20.8755, 12.1832, 13.3747, 28.8221, 8.64011, 5.47178, 25.0705, 20.4821, 28.171, 27.5146, 28.643, 25.4791, 12.976, 12.4811, 4.12856, 26.6226, 11.7024, 6.6676, 13.859, 20.5002, 24.7984, 23.1936, 2.21736, 15.6761, 13.1982, 8.19201 ], 
          [ 10.6072, 24.8032, 14.328, 22.8865, 3.62225, 26.6889, 5.43641, 28.117, 6.65236, 22.3801, 17.0844, 16.9028, 16.9484, 22.0343, 14.3512, 24.8002, 1.74255, 8.7169, 18.6125, 12.3458, 5.43322, 19.8222, 3.89534, 8.67798, 27.0493, 12.868, 6.36245, 8.82813, 13.7407, 2.52622 ], 
          [ 26.4312, 6.52429, 22.4973, 7.46546, 26.6465, 18.2856, 21.1824, 25.2166, 18.3093, 19.1004, 5.46088, 22.0903, 16.4959, 1.32232, 24.7704, 26.1649, 29.9081, 24.0288, 4.53479, 4.87151, 7.04349, 29.8995, 23.341, 16.5332, 9.84451, 3.38825, 20.6954, 1.79132, 6.20955, 16.7498 ], 
          [ 25.9703, 6.89645, 26.0362, 10.0828, 6.3469, 8.85164, 1.44578, 24.9907, 18.8282, 13.5001, 28.8044, 25.6485, 4.09812, 1.1092, 21.9706, 12.0674, 5.5174, 6.19019, 11.2113, 25.2878, 16.494, 24.6838, 16.3206, 10.692, 9.89523, 13.6488, 3.05483, 4.00512, 27.3848, 25.4741 ], 
          [ 16.1245, 19.4324, 13.5594, 18.6387, 24.9653, 10.7759, 10.4056, 29.7893, 12.3138, 26.795, 19.8342, 29.822, 27.7196, 21.6501, 12.2029, 14.5155, 19.3194, 15.0098, 21.6062, 25.3658, 10.0147, 18.6894, 17.6742, 17.6641, 6.63264, 11.8619, 29.1145, 18.5363, 17.6517, 15.0778 ], 
          [ 24.7742, 29.4744, 11.9692, 14.0514, 25.9848, 6.32055, 6.05019, 15.9587, 5.38915, 14.3719, 23.3646, 25.9457, 15.7715, 17.6961, 17.7525, 15.1267, 11.0844, 3.68947, 7.2454, 6.38135, 16.3166, 27.1329, 8.39787, 21.6293, 13.3164, 5.71316, 15.3522, 14.8524, 20.6624, 6.05239 ], 
          [ 13.1681, 6.35381, 3.66162, 19.5624, 26.8559, 8.85047, 20.2493, 10.0444, 24.7002, 8.1397, 18.016, 15.6135, 27.381, 24.6031, 4.28635, 19.0458, 5.80931, 28.1104, 15.7243, 1.67694, 6.28827, 21.7665, 8.63499, 26.445, 4.48461, 5.9481, 11.5092, 24.9409, 11.7878, 12.2411 ], 
          [ 18.8409, 9.80861, 20.9279, 18.5244, 12.0272, 1.49073, 17.9746, 15.4703, 8.25231, 8.55861, 27.3437, 1.99637, 28.009, 17.7271, 28.6366, 1.49715, 17.5368, 17.6463, 24.6851, 28.1283, 20.2203, 14.3929, 28.2511, 15.9578, 26.1443, 4.11179, 23.374, 15.2457, 28.667, 28.9764 ], 
          [ 4.72464, 24.1511, 28.5979, 8.21323, 12.9457, 5.06103, 2.91995, 23.0731, 14.5371, 20.615, 23.909, 11.8685, 4.52827, 26.2682, 3.11777, 19.2471, 13.4143, 28.3997, 22.5002, 14.8411, 3.34605, 25.5701, 21.6335, 18.4668, 22.6479, 8.62993, 27.0897, 29.9679, 25.5677, 20.8433 ], 
          [ 25.424, 3.9268, 22.6559, 10.9611, 24.2532, 20.0561, 25.2496, 21.6728, 25.1173, 24.5927, 7.937, 15.284, 16.231, 16.7342, 4.33631, 12.3329, 21.2605, 7.12576, 5.02093, 21.4679, 12.316, 9.91001, 11.3006, 7.58924, 8.08251, 13.1825, 26.5091, 1.50186, 22.8772, 2.21264 ], 
          [ 11.8425, 7.19999, 9.09901, 4.48666, 26.8279, 6.9386, 8.69541, 12.5481, 21.0546, 7.36142, 5.51375, 24.3405, 8.5111, 10.3663, 17.7059, 6.10118, 16.3849, 2.25548, 14.2928, 15.9743, 22.6081, 15.8314, 25.059, 5.21308, 22.0273, 21.3709, 12.437, 10.661, 25.5926, 22.7329 ], 
          [ 16.4347, 26.4393, 15.915, 28.5618, 24.5308, 10.2094, 24.6284, 24.7612, 10.4378, 9.76566, 9.89226, 12.1896, 28.8149, 16.096, 1.86532, 9.01018, 28.7969, 25.3725, 14.0485, 1.65715, 20.3668, 21.7039, 5.53456, 21.7501, 16.2616, 11.4715, 18.5485, 26.9774, 2.39448, 27.6216 ], 
          [ 18.6733, 11.6774, 25.7868, 22.2924, 27.4389, 6.90957, 9.06243, 19.9929, 10.393, 29.62, 5.73562, 11.0558, 11.4538, 21.9368, 16.0448, 25.2554, 10.1501, 29.196, 7.54389, 3.14018, 12.6483, 2.49541, 12.159, 7.46602, 28.913, 11.186, 17.8489, 20.4953, 8.48488, 27.624 ], 
          [ 18.198, 18.4549, 18.6763, 6.15231, 14.2096, 17.1337, 19.6048, 13.6646, 7.50833, 24.3042, 20.9505, 10.2565, 24.3613, 18.0195, 23.6427, 4.22655, 24.571, 12.0281, 9.49885, 20.5582, 28.1919, 7.95144, 18.8756, 14.2475, 7.88151, 1.64884, 17.7614, 10.2675, 28.6606, 9.50477 ], 
          [ 20.1509, 17.7753, 15.4625, 17.4839, 5.77665, 29.3083, 10.048, 11.4123, 12.8208, 3.5115, 13.4198, 2.1017, 25.8723, 18.7344, 11.8773, 28.4178, 10.7029, 12.9661, 21.7701, 11.3174, 18.5315, 28.7997, 7.25142, 15.8748, 19.9195, 24.8496, 6.89754, 1.12107, 2.42047, 6.38036 ], 
          [ 20.2076, 25.2999, 2.40874, 2.64843, 11.8603, 10.0394, 10.6654, 25.3728, 5.8862, 8.36488, 24.6549, 11.526, 12.6881, 22.5658, 8.99637, 4.392, 22.756, 17.1, 17.518, 29.2291, 21.6247, 2.39251, 28.7114, 7.2729, 18.3414, 10.9088, 23.3724, 20.4289, 29.4666, 3.73988 ], 
          [ 10.9334, 3.37648, 16.0518, 25.4667, 27.8457, 5.34859, 16.5681, 8.46139, 21.0573, 2.01578, 29.3392, 26.4658, 18.0244, 16.5244, 11.1804, 24.0078, 23.4339, 21.7631, 14.9816, 11.7556, 26.2084, 27.0601, 25.7606, 5.37933, 24.2298, 5.66791, 6.77043, 26.4889, 13.5498, 24.0044 ], 
          [ 21.9082, 18.9967, 10.1597, 14.9102, 4.84394, 4.14948, 15.6058, 23.7265, 1.00933, 2.50574, 18.194, 10.4208, 24.5094, 11.2898, 19.1609, 5.31018, 28.0832, 25.4737, 21.4148, 16.5037, 6.03374, 6.29668, 29.0974, 16.7633, 4.96546, 23.2018, 7.8625, 19.7249, 2.24623, 13.013 ], 
          [ 10.0319, 27.9156, 17.9044, 2.18224, 3.06341, 29.1372, 16.9534, 12.3351, 18.5807, 6.90305, 14.1929, 21.5388, 29.0537, 3.79573, 13.927, 6.38956, 21.4275, 18.2098, 26.6963, 24.3028, 13.0652, 26.3879, 6.74521, 16.8873, 1.77346, 27.5685, 10.8213, 1.72158, 8.96579, 27.5728 ], 
          [ 29.5955, 28.2553, 20.5784, 14.7333, 1.60373, 22.3, 9.63355, 22.1424, 6.74192, 27.1829, 22.9151, 5.14993, 3.54751, 7.12618, 12.2676, 11.5468, 22.8223, 8.5354, 2.48715, 11.6646, 12.441, 14.992, 18.8575, 27.9345, 28.5425, 22.4133, 15.1848, 16.9109, 18.4577, 12.7693 ], 
          [ 25.9434, 12.7334, 2.95313, 9.15092, 16.6894, 9.4249, 9.41721, 10.9272, 8.23595, 22.4737, 29.6229, 27.0189, 19.7709, 8.66233, 21.9491, 11.6119, 28.5518, 10.279, 28.1423, 5.68562, 1.91613, 3.7947, 18.3676, 27.5797, 20.6924, 4.63113, 28.0485, 11.2693, 27.5582, 18.488 ], 
          [ 14.2084, 27.0335, 22.539, 2.07789, 11.9873, 18.4295, 14.5031, 14.0175, 24.913, 17.595, 17.8377, 18.6516, 24.4463, 19.8696, 29.35, 3.47491, 18.198, 25.0063, 21.0817, 11.4253, 13.6163, 15.478, 27.0599, 26.7556, 6.41173, 12.4327, 9.18168, 1.17604, 20.3697, 7.28503 ], 
          [ 23.6766, 3.86687, 28.8124, 17.0856, 13.3822, 6.40196, 25.9936, 21.387, 29.6617, 14.028, 18.9882, 22.1803, 10.4902, 28.8914, 28.7965, 5.64875, 20.8521, 16.5751, 11.7307, 27.8704, 6.19751, 15.2837, 3.13319, 6.44077, 3.63002, 7.75793, 26.1467, 8.24299, 14.3646, 7.77853 ], 
          [ 12.3264, 2.63619, 21.8705, 16.3798, 4.88141, 18.2835, 24.0029, 1.76819, 14.2221, 25.539, 15.3866, 7.4119, 26.8478, 29.982, 2.80418, 15.5479, 17.3432, 24.8329, 26.3442, 21.7743, 11.1501, 14.6374, 5.82043, 11.8136, 25.4998, 5.06051, 28.3227, 3.66242, 20.8639, 25.2401 ], 
          [ 2.51644, 14.6507, 16.6503, 17.7436, 11.0467, 6.65982, 23.4426, 8.83367, 8.878, 5.95541, 20.9936, 27.7903, 6.56272, 24.6077, 27.2246, 9.2371, 15.467, 27.0488, 5.92427, 19.7915, 11.5727, 27.9712, 14.4153, 10.3799, 19.5678, 6.94791, 1.03522, 18.056, 15.5089, 15.9091 ], 
          [ 17.852, 22.2703, 13.5253, 14.8688, 19.2089, 25.8395, 15.2169, 21.3478, 12.2407, 21.309, 11.8528, 4.8356, 7.38983, 26.1714, 7.28218, 2.00427, 1.13504, 11.9028, 10.2714, 29.5607, 14.273, 8.93334, 24.2887, 21.3976, 12.1208, 26.6931, 8.69089, 14.4669, 21.1646, 25.8643 ], 
          [ 18.2321, 6.88106, 23.3066, 14.0458, 27.5771, 14.4012, 9.62168, 16.6985, 16.8388, 15.4046, 28.6023, 3.87761, 6.46278, 29.0037, 5.33876, 8.36076, 10.5854, 2.42059, 25.4471, 16.9131, 1.47201, 17.2618, 17.5626, 28.7687, 1.60338, 15.4507, 27.2377, 13.4581, 17.7177, 27.3377 ], 
          [ 14.4634, 10.1826, 2.50145, 9.34687, 4.38281, 10.1477, 12.6939, 27.6222, 22.9501, 5.01515, 28.2581, 15.1604, 1.92872, 9.17014, 4.37584, 13.8871, 29.0018, 29.9403, 22.2862, 10.7053, 28.7217, 18.3472, 17.921, 22.9434, 28.2224, 19.9946, 2.62985, 10.6822, 10.4448, 9.76466 ], 
          [ 28.2152, 14.5053, 7.76527, 17.2784, 8.45652, 1.93164, 23.2578, 12.4873, 11.9974, 27.4599, 7.08887, 27.8876, 15.5743, 3.68156, 26.4702, 19.9264, 12.514, 25.6043, 27.5588, 14.6158, 22.4376, 25.7536, 2.2669, 17.3831, 8.88202, 5.46317, 17.0465, 26.5478, 28.9611, 15.7957 ], 
          [ 3.35706, 27.0272, 23.4141, 25.9399, 16.3132, 21.6429, 17.7492, 26.4455, 12.6022, 19.063, 27.3756, 26.1692, 5.8907, 15.5721, 17.876, 18.053, 1.74959, 4.19557, 14.2312, 21.4683, 7.53014, 19.2943, 4.37333, 19.4424, 21.7904, 11.2322, 2.22749, 22.3986, 29.0512, 3.77666 ], 
          [ 12.5326, 3.68711, 19.6018, 7.54446, 5.23524, 9.11725, 12.0681, 23.4189, 22.7132, 28.8241, 25.9521, 7.11566, 23.4784, 23.1016, 9.6112, 24.5883, 25.1233, 8.84997, 10.0607, 27.8732, 6.81739, 29.1763, 22.4979, 10.7398, 18.8718, 18.2397, 11.6104, 26.6429, 12.9026, 29.3063 ], 
          [ 13.7577, 7.50503, 29.9488, 25.8977, 23.2942, 15.2701, 17.9957, 5.42424, 16.7002, 26.602, 8.04798, 29.0595, 27.8889, 18.0699, 26.9824, 10.1463, 20.3483, 20.6148, 11.9026, 8.65017, 23.14, 28.1692, 18.146, 28.2288, 16.4933, 17.4759, 27.3155, 2.38487, 22.1078, 24.2019 ], 
          [ 14.8007, 29.2636, 23.6068, 22.6181, 6.34474, 14.9624, 19.1651, 3.23786, 24.3517, 15.8014, 10.5515, 19.4547, 19.8421, 14.9053, 8.50598, 15.809, 18.5112, 21.9261, 1.62833, 10.4468, 7.56631, 24.3167, 18.4054, 5.16637, 12.0656, 21.3903, 5.46766, 17.1234, 1.41024, 7.56521 ], 
          [ 1.28498, 26.4274, 27.7706, 25.402, 25.9657, 11.7435, 6.35973, 24.0708, 3.89468, 12.4494, 2.84618, 27.9999, 4.30688, 29.6408, 8.83946, 10.0545, 24.3632, 15.0917, 15.6234, 4.65792, 29.7517, 25.9914, 24.3889, 14.4836, 1.76872, 19.9911, 29.9798, 26.2244, 2.84941, 13.5377 ], 
          [ 7.74894, 5.5945, 21.7161, 29.1708, 17.9778, 11.6256, 2.54219, 21.1021, 11.6966, 2.05395, 24.1558, 12.4061, 5.78856, 1.44314, 21.0335, 7.02777, 27.4808, 11.7831, 13.2045, 3.57846, 10.1144, 15.8435, 3.82808, 12.7678, 13.1396, 13.8914, 22.5152, 17.691, 6.33928, 9.02545 ], 
          [ 3.03168, 12.4512, 4.17201, 28.4919, 25.4599, 27.0377, 7.88976, 21.8412, 9.39774, 8.10106, 17.3542, 17.5623, 27.0631, 2.84626, 16.5099, 21.2505, 23.0777, 27.0141, 6.33863, 7.56624, 20.0948, 14.5828, 21.2604, 1.23183, 8.99753, 1.98075, 12.0946, 7.30168, 16.9038, 4.65264 ], 
          [ 20.9909, 16.6583, 2.42239, 16.7651, 4.61306, 19.6943, 24.8574, 2.15177, 6.46468, 4.48285, 12.7096, 13.9207, 14.521, 14.512, 17.8453, 11.6097, 5.06832, 1.99386, 7.23499, 3.78892, 11.8698, 17.303, 3.18016, 24.1598, 11.9438, 8.3577, 14.4031, 17.0682, 9.05175, 11.0139 ], 
          [ 13.4783, 13.103, 19.0769, 6.94158, 19.4566, 19.1768, 25.0512, 7.51581, 3.8345, 25.7088, 3.5717, 21.2691, 3.20791, 22.3957, 13.6582, 20.0449, 27.6541, 18.9331, 8.31412, 6.2517, 26.8568, 4.29998, 13.8328, 16.7037, 9.27888, 15.3892, 23.2474, 2.135, 16.4587, 4.57969 ], 
          [ 24.533, 1.48784, 26.6684, 14.9776, 3.32238, 26.1861, 7.76236, 13.3646, 11.3561, 22.0754, 5.91064, 15.541, 12.6969, 19.3557, 8.64207, 25.9696, 22.8682, 7.91907, 22.5848, 19.1193, 21.7425, 18.7895, 19.944, 11.808, 10.8214, 4.98647, 28.2435, 28.6686, 14.8803, 23.553 ], 
          [ 24.0012, 25.5562, 6.38536, 29.2839, 3.73828, 3.78012, 6.38747, 21.3243, 28.1742, 2.08766, 5.74808, 15.6918, 10.5024, 29.0412, 21.5883, 17.7955, 13.5439, 24.3864, 10.4348, 1.24698, 26.7513, 26.3033, 19.4144, 23.1188, 10.6522, 21.3949, 23.1108, 21.922, 23.699, 2.53868 ], 
          [ 23.9823, 3.78178, 21.3859, 15.3278, 16.5955, 24.7912, 21.186, 10.6295, 1.16878, 15.4047, 13.5536, 25.2882, 22.4807, 26.7099, 1.76575, 28.9125, 9.91111, 29.636, 24.8054, 1.2276, 21.1375, 2.5369, 24.1025, 13.239, 21.0857, 10.7362, 20.3477, 16.9031, 22.6393, 16.9375 ], 
          [ 9.92897, 1.62025, 27.7283, 1.09151, 8.49764, 25.0157, 3.73039, 19.5278, 1.28211, 13.5889, 11.2869, 21.8121, 22.494, 7.39124, 3.04182, 6.0871, 9.85172, 15.8418, 6.69968, 7.79461, 20.4605, 17.4011, 5.20904, 9.39299, 25.7897, 15.5082, 12.3951, 2.49631, 24.6966, 2.00637 ], 
          [ 13.7552, 23.411, 28.3924, 13.3079, 19.0745, 20.2813, 11.6409, 26.9509, 21.2576, 20.7881, 20.6955, 3.03052, 14.9986, 6.53606, 10.4112, 14.7474, 6.51947, 2.33298, 9.27999, 24.4979, 2.15861, 13.1021, 29.3062, 23.555, 19.0968, 23.6557, 22.3715, 24.4748, 4.55221, 24.727 ], 
          [ 11.8278, 11.2855, 8.01047, 7.16571, 28.3998, 26.9781, 7.43151, 16.1828, 6.62249, 3.27521, 16.3655, 23.0018, 17.3557, 29.7303, 12.3731, 29.5799, 8.62156, 14.6136, 11.0284, 14.6905, 11.3429, 23.1866, 20.9539, 11.2071, 11.2145, 7.34852, 1.28562, 25.7049, 13.8386, 1.37179 ], 
          [ 27.2693, 21.7609, 20.4727, 10.5804, 24.0625, 11.3633, 9.63647, 25.8848, 7.41088, 19.9454, 27.2434, 27.1678, 23.2356, 17.2593, 3.61671, 14.2675, 25.3151, 25.8459, 21.7941, 29.4435, 3.75035, 22.7417, 20.7032, 6.51899, 11.3733, 21.9933, 19.9534, 15.3948, 8.91039, 21.1578 ], 
          [ 11.0334, 5.31884, 27.3841, 2.97241, 27.1872, 28.7533, 9.678, 16.7443, 19.6559, 6.75752, 13.8958, 1.39276, 15.5866, 13.7368, 17.9077, 26.2426, 22.9332, 6.13624, 8.33799, 20.5341, 5.84471, 3.49626, 8.83425, 22.8351, 29.2736, 28.7127, 16.6766, 19.7893, 14.9367, 15.7473 ], 
          [ 18.0051, 25.6384, 27.6856, 3.50278, 17.1179, 14.2741, 16.5307, 11.0056, 11.3366, 5.18099, 12.0069, 6.15249, 11.9754, 7.3123, 12.6156, 25.71, 5.25176, 20.9401, 5.96501, 7.65122, 26.7565, 7.49098, 28.6054, 24.2765, 12.9581, 28.8915, 5.7104, 25.3497, 20.8076, 8.88741 ], 
          [ 2.22964, 7.86761, 27.4042, 16.343, 20.3956, 11.8197, 8.87446, 3.13689, 8.20439, 2.35427, 16.5862, 7.33672, 9.4365, 23.4707, 2.9994, 12.2189, 2.29284, 13.8096, 11.9126, 16.7251, 29.3533, 23.8422, 20.0046, 17.0785, 11.0708, 26.72, 1.42874, 6.86449, 7.51851, 18.6804 ], 
          [ 27.1761, 2.61593, 12.2401, 26.9746, 20.0619, 5.11972, 6.34118, 6.28365, 16.9088, 8.67428, 21.7532, 25.087, 27.1604, 24.8429, 5.19695, 16.7762, 28.252, 4.8767, 25.5861, 11.7731, 4.50995, 7.4706, 5.04825, 21.7645, 25.5529, 27.9487, 22.2704, 9.31159, 24.7125, 17.4238 ], 
          [ 17.8051, 5.91108, 24.6519, 28.6717, 29.8118, 5.63801, 23.6198, 5.07088, 27.5141, 26.1289, 28.4772, 27.4998, 20.7829, 18.7911, 1.47826, 25.0999, 27.2972, 13.1461, 16.314, 10.9009, 10.0139, 1.13714, 5.81281, 29.8158, 28.5885, 4.71346, 18.9518, 21.1465, 17.9491, 27.0308 ], 
          [ 24.8465, 12.8125, 20.3012, 24.0868, 24.8894, 26.1361, 8.6912, 16.1163, 6.92919, 3.55735, 3.90965, 22.9186, 20.6024, 19.4207, 14.5338, 25.8921, 27.6896, 8.28655, 17.4722, 16.7388, 25.6762, 6.23476, 6.63333, 17.4578, 9.95143, 19.6671, 21.3241, 6.98108, 7.91956, 3.11844 ], 
          [ 6.66719, 15.2593, 10.1868, 6.01351, 11.6371, 12.439, 20.5967, 2.94881, 27.0213, 26.8087, 16.0164, 6.88559, 9.26366, 15.52, 13.4202, 28.2553, 26.2364, 16.6664, 1.62847, 15.3936, 1.88356, 7.72777, 3.62342, 13.6249, 28.1984, 24.7561, 10.2162, 25.8392, 28.1155, 7.75705 ], 
          [ 11.1398, 23.3772, 28.8773, 4.34422, 13.5972, 19.6527, 20.3279, 8.15395, 13.804, 4.14304, 8.38441, 17.4325, 15.6744, 27.9256, 18.2694, 18.4975, 9.35697, 19.3849, 4.5994, 12.3804, 9.65159, 22.7367, 2.0619, 10.5391, 28.6003, 14.9452, 1.33816, 24.396, 6.62574, 13.0659 ]
        ]
      ];
r = [
        [75272.7,80215.3,78411.7,71658.9,75545.4,70833.8,80765.6,77756.7,52982.8,56932.1,65559.6,74438.2,76341.2,62692.4,72767.5,80649.7,72804.4,57806,79134.5,65959.3,54748.2,63767.8,56102.8,60933.7,70312.3,52810,60046.4,80754.2,67266.5,59170.2 ], 
        [58301.7,72452.8,51749.9,63482.6,67482.7,73853.8,75082.3,51220.2,66225.5,79167.6,59214.8,65044.4,55420.4,65920.5,80482.3,64388.3,64001.7,73462.5,75564.5,72071.6,68741.3,81803.3,68771.8,77489.2,62328.3,79219.4,64382.4,79301.5,69591.3,60592.1 ]
     ];
d = [
        [71516.7,85574.2,10481.8,24926.5,2010.12,17940.6,33483.6,2791.56,31808.4,15313.6,23758.6,58439.3,81187,62689.1,72790.3,67102.5,41174.3,80806.4,78935.7,26117.6,8996.65,48072.6,83754.6,40229.8,38096.8,28690.3,11241.2,53015.1,77033.6,52328.1,89338.1,1803.34,28810.3,3529.19,59206.7,88574.1,5838.99,11383,26198.9,79325,47681.9,49989.6,36057.1,13795.4,47219.2,31036.3,59321.8,18515.4,8206.15,87765.5,76365.1,29943.8,49651.5,30590.2,15814.8,62040.2,60986.4,14938.8,53782.3,70720.3,54673.3,25029.3,5265.15,71971.1,20412.7,43970.1,71570,68476.4,89607.1,14194.3 ], 
        [15880.3,12395.2,86897.7,21745.5,44430.5,62372.1,39457.4,13057.9,27165.3,82545.8,73954.6,89536.7,53840.9,16387.2,58688,79773.2,49549.7,86864.1,35350.4,26638.9,77277.6,16725.6,13875.5,61980,71107.7,6727.25,5713.3,23486.7,57725.1,28619.5,15647.3,5427.06,85948,13378.5,16878,61467.9,61755.1,81757.6,56108.8,25854.8,39375.9,10529,5621.86,53852,13823.2,57137.7,5010.84,43073.6,12346,24709.4,75780,17537.1,9739.63,33502.9,44165.9,78465.2,29750.8,49607.2,86050.5,50999.5,86172,32600.6,51951.9,1874.55,65009.8,9815.89,24134.3,75836.7,32630.8,20167.4 ]
     ];
