/***************************************
* STOCHASTIC OPTIMITZATION
* OPL S2FVPP Data Generator
* by Jordi Mateo Fornes
* Model = S2FVPP; Stochastic (2S) MIP 0-1;
* Representation = Compact Representation;
****************************************/
I = 100;
P = 30;
C = 70;
G = 2;
p = [ 0.01, 0.01 ];
pc = 0.02;
ORCHARDS = { 1, 2, 3, 4, 5, 6, 7, 8, 9, 10, 11, 12, 13, 14, 15, 16, 17, 18, 19, 20, 21, 22, 23, 24, 25, 26, 27, 28, 29, 30 };
CUSTOMERS = { c1, c2, c3, c4, c5, c6, c7, c8, c9, c10, c11, c12, c13, c14, c15, c16, c17, c18, c19, c20, c21, c22, c23, c24, c25, c26, c27, c28, c29, c30, c31, c32, c33, c34, c35, c36, c37, c38, c39, c40, c41, c42, c43, c44, c45, c46, c47, c48, c49, c50, c51, c52, c53, c54, c55, c56, c57, c58, c59, c60, c61, c62, c63, c64, c65, c66, c67, c68, c69, c70 };
CGV = [ 12.3627, 25.4853, 10.2329, 20.683, 21.6957, 11.0756, 12.6637, 23.7192, 29.747, 24.3349, 1.6333, 4.32544, 17.4201, 25.5003, 10.542, 10.3069, 6.75382, 6.70016, 11.987, 21.4619, 7.0354, 11.8772, 18.5623, 13.2509, 13.4674, 27.7698, 8.32329, 29.4574, 27.4332, 21.3173 ]; 
s = [ 2.84972, 2.63639, 2.93451, 0.881518, 0.485698, 0.306994, 0.525129, 0.687612, 1.28742, 1.62071, 1.89602, 2.57658, 2.98629, 1.68668, 1.96442, 1.15665, 2.91276, 1.99352, 2.48752, 0.680003, 0.552075, 2.98777, 0.270194, 1.38969, 0.820449, 1.419, 0.795921, 2.74378, 2.73897, 28.9432 ]; 
CSV = [
        [
          [ 1.26558, 23.2276, 23.9234, 6.29409, 19.8587, 2.44906, 14.4686, 26.7241, 11.1902, 21.6385, 4.40335, 19.5533, 8.12886, 14.4507, 12.8754, 9.30545, 21.1109, 7.9768, 26.0316, 1.41589, 20.2978, 27.5804, 24.0703, 28.2841, 24.5013, 5.1149, 15.7665, 20.4764, 9.95093, 11.1313 ], 
          [ 21.2625, 12.0177, 1.12604, 5.35439, 29.1076, 16.4754, 28.525, 18.6734, 16.7611, 25.3929, 3.63094, 5.20317, 23.7025, 12.0093, 26.1508, 20.6389, 4.09676, 23.8252, 20.8452, 29.0868, 3.08168, 21.4902, 24.8572, 16.9129, 20.5975, 9.71857, 5.40218, 17.5506, 6.14776, 4.78074 ], 
          [ 8.68875, 1.24253, 29.8132, 3.85466, 16.5192, 15.7866, 21.9196, 23.0649, 24.8761, 15.8505, 27.5719, 6.05312, 18.0229, 2.05859, 2.9763, 12.7228, 24.1317, 15.1427, 16.4724, 2.09727, 12.7333, 13.0025, 9.47052, 3.16996, 20.1542, 19.5178, 2.22788, 29.1064, 21.5319, 10.5696 ], 
          [ 20.1743, 10.4398, 26.8417, 17.4458, 20.1351, 24.3066, 16.1779, 19.1275, 28.4354, 11.5182, 2.21627, 24.96, 26.2779, 23.3693, 7.82887, 18.832, 10.0322, 26.2086, 24.6699, 29.559, 16.8009, 26.511, 2.61545, 23.9965, 20.5287, 8.16566, 2.11154, 19.068, 11.9223, 26.118 ], 
          [ 5.78447, 1.43731, 1.32376, 20.3001, 2.15364, 7.37145, 4.44189, 28.9591, 1.87933, 14.481, 1.06556, 2.04337, 14.5155, 9.06942, 25.3287, 1.63604, 2.85431, 9.57897, 4.38032, 16.0151, 7.24289, 1.09252, 22.4196, 18.3002, 16.4074, 11.5392, 2.09803, 9.48986, 9.37879, 25.5113 ], 
          [ 10.7907, 23.4011, 6.44972, 22.4341, 23.414, 3.04324, 25.2555, 4.61644, 8.95434, 10.2927, 9.42817, 19.5, 2.91014, 20.1718, 27.4788, 19.8879, 7.7238, 14.3194, 6.09939, 3.89745, 15.105, 10.0663, 5.40811, 19.9954, 26.2746, 6.06096, 8.72595, 22.5955, 29.8365, 6.68918 ], 
          [ 9.86943, 26.8455, 3.4259, 8.93659, 15.9135, 10.1445, 26.737, 23.6471, 13.0928, 11.7003, 10.0515, 25.3126, 4.55838, 3.14777, 19.202, 13.3726, 21.0289, 23.384, 29.952, 15.9959, 9.79549, 3.35356, 20.9076, 2.03212, 16.6288, 12.8331, 22.622, 17.7307, 3.50209, 18.3802 ], 
          [ 10.3905, 12.0809, 4.55886, 10.1822, 9.90809, 21.042, 18.5805, 10.4318, 3.2096, 13.7554, 17.8857, 21.817, 27.1777, 28.1618, 1.22004, 18.8466, 27.4236, 14.8818, 25.2097, 3.64983, 2.61859, 13.0576, 14.775, 4.56565, 11.1109, 18.0183, 11.3852, 3.06273, 4.16083, 10.4781 ], 
          [ 20.2405, 1.78069, 7.63565, 11.3102, 14.2062, 19.6403, 27.7245, 18.7999, 24.1331, 14.3718, 22.3231, 20.0644, 20.1242, 5.94738, 6.3369, 29.2632, 19.5243, 6.84304, 10.7861, 8.29424, 1.39413, 23.5788, 25.378, 19.2489, 17.2847, 13.301, 20.2077, 11.9748, 15.3864, 13.5314 ], 
          [ 1.42763, 15.2666, 1.13714, 26.9568, 7.37627, 4.35395, 22.8839, 10.8974, 11.0046, 3.43626, 14.9562, 8.817, 29.2364, 23.586, 21.8266, 26.7051, 24.3022, 3.58232, 24.6201, 4.70572, 24.0904, 9.85962, 13.745, 12.4665, 8.71674, 4.81723, 6.31535, 29.0046, 2.88013, 8.26425 ], 
          [ 25.5361, 18.6983, 17.4315, 2.29216, 16.8254, 6.11232, 21.3429, 17.4041, 13.3241, 2.05225, 12.2771, 18.7251, 9.41449, 26.6788, 18.4718, 21.9078, 23.3852, 22.0924, 20.0154, 12.3896, 28.1002, 21.9324, 9.61703, 8.34915, 1.76261, 27.0822, 5.46441, 17.95, 7.35796, 14.9292 ], 
          [ 24.1936, 1.80482, 22.8172, 21.678, 10.3518, 12.1348, 27.7498, 1.44173, 13.8631, 1.81504, 4.63559, 3.48972, 22.4557, 17.7662, 29.0665, 9.19317, 25.4803, 15.7093, 28.0447, 29.8803, 12.9185, 21.0198, 16.7865, 3.18064, 5.04639, 4.19331, 9.79621, 13.3836, 4.93983, 18.9059 ], 
          [ 3.20875, 21.2679, 11.072, 3.00243, 15.0279, 13.1344, 11.3873, 25.746, 27.8675, 26.9709, 10.2255, 28.957, 24.4777, 24.3541, 18.7641, 2.21064, 23.1469, 9.75191, 20.7604, 16.7745, 8.3205, 28.4348, 7.6451, 28.3602, 21.8877, 10.5935, 15.8373, 1.59893, 17.3586, 1.9227 ], 
          [ 1.42023, 16.0176, 20.5038, 14.4541, 18.1395, 17.7026, 1.56652, 12.1087, 25.2687, 2.3813, 26.561, 19.6864, 19.1789, 24.2418, 15.9878, 10.5332, 20.7326, 2.38933, 22.689, 5.51988, 7.95197, 14.264, 6.51706, 27.3986, 7.61092, 29.2975, 16.3183, 11.4485, 13.7756, 1.92874 ], 
          [ 3.21376, 12.5612, 4.57522, 11.8884, 19.3728, 5.07456, 7.69557, 7.66835, 14.9747, 21.8633, 9.47902, 20.2101, 22.193, 20.6818, 15.7267, 27.1644, 3.21208, 21.9018, 11.5386, 25.1892, 13.3063, 19.2629, 27.4374, 21.8666, 1.43139, 20.7687, 5.49217, 11.4188, 24.8529, 12.4201 ], 
          [ 10.0448, 2.2266, 21.3502, 3.98102, 28.6908, 7.25996, 1.43032, 21.5816, 19.8642, 25.9323, 7.86075, 22.7271, 19.7632, 20.6844, 9.50553, 14.3275, 25.0134, 10.9759, 1.02225, 5.01028, 25.2626, 10.2281, 12.6428, 21.9261, 4.58113, 27.9641, 16.4836, 19.0732, 12.1114, 20.7694 ], 
          [ 11.939, 20.6143, 21.8755, 26.6046, 16.9737, 28.0272, 29.4007, 20.1463, 26.6338, 27.4083, 6.1542, 20.8305, 3.01839, 28.1267, 15.0265, 3.06123, 18.8511, 17.6542, 19.5448, 12.2427, 1.81118, 21.2109, 24.5226, 8.94394, 8.9549, 23.8216, 4.96088, 14.388, 4.68578, 6.79198 ], 
          [ 21.779, 14.0267, 7.09068, 22.1031, 21.3852, 6.38, 12.3858, 19.3079, 5.40966, 13.8206, 20.7875, 1.32092, 14.4958, 1.68097, 20.5201, 29.0509, 4.04221, 9.44412, 17.4212, 1.89515, 21.1263, 1.07233, 22.2419, 20.4515, 28.4942, 19.0653, 15.9018, 29.0534, 20.6795, 25.4823 ], 
          [ 1.92563, 23.3285, 12.8397, 27.8758, 28.3961, 12.3193, 18.6429, 24.6819, 9.85656, 24.7737, 8.76911, 25.9241, 3.72696, 10.8727, 22.7434, 6.65082, 14.7424, 8.31729, 17.0965, 12.2357, 24.3269, 25.314, 13.9159, 3.44189, 6.71627, 24.9834, 9.20764, 18.948, 3.90855, 24.6087 ], 
          [ 11.8091, 7.87123, 25.7269, 14.7318, 8.07059, 5.8699, 26.0837, 14.81, 12.3576, 9.71857, 22.2327, 2.56715, 19.7867, 25.4622, 22.8756, 8.40278, 27.3808, 17.4445, 6.58392, 28.5337, 7.34686, 20.5732, 18.8415, 4.85871, 4.96087, 9.81773, 9.78776, 18.9281, 21.1983, 13.5898 ], 
          [ 7.9765, 8.77086, 15.7462, 9.28384, 13.5714, 13.8063, 18.711, 24.5388, 22.5337, 9.11889, 9.08207, 29.5394, 17.3529, 7.47826, 9.10182, 22.2138, 22.7687, 17.1478, 28.8586, 23.5454, 11.7134, 5.0758, 24.7747, 7.87176, 19.2158, 5.37656, 12.665, 18.1158, 11.133, 27.9305 ], 
          [ 12.6424, 22.9682, 20.3536, 29.4872, 4.63458, 18.3056, 28.6046, 7.58147, 12.254, 5.51197, 5.76059, 8.84326, 24.707, 1.35304, 9.01564, 15.807, 7.54308, 7.94114, 9.62019, 23.9964, 5.08975, 18.2783, 10.691, 7.62839, 17.0533, 15.4576, 10.2556, 29.5968, 25.5756, 26.5518 ], 
          [ 9.8503, 8.6061, 19.2419, 13.7741, 14.1851, 24.7932, 26.1932, 19.1735, 8.90127, 24.9055, 20.7045, 28.7172, 15.9117, 22.5457, 5.57653, 26.3969, 24.5659, 12.5222, 17.8145, 1.35889, 20.4712, 16.8259, 10.0071, 17.0489, 23.5579, 28.8456, 17.3332, 19.1166, 11.6437, 6.86414 ], 
          [ 25.6278, 27.1459, 29.6071, 22.4493, 2.44668, 23.444, 11.5844, 7.36042, 21.7556, 16.7611, 9.71095, 23.2683, 28.9366, 4.67977, 6.73659, 13.2675, 4.5183, 29.8992, 8.37354, 11.1313, 8.41802, 7.73347, 9.93069, 17.3789, 16.9552, 3.99066, 29.931, 27.5425, 26.117, 4.79763 ], 
          [ 16.5721, 19.256, 28.0463, 12.4269, 10.1616, 15.7471, 8.93163, 16.2599, 16.7462, 8.06942, 8.96151, 24.2584, 1.21297, 14.3381, 11.8215, 20.9138, 25.8243, 19.1315, 4.71894, 4.7018, 15.2644, 15.7805, 25.589, 8.30543, 8.11019, 21.437, 8.44065, 17.6605, 11.348, 7.91303 ], 
          [ 2.00038, 9.31554, 12.898, 26.8118, 18.9362, 16.5398, 26.7236, 4.22644, 11.39, 26.6796, 12.693, 3.12728, 12.7991, 7.64879, 8.78837, 22.9425, 18.0942, 2.74711, 19.0278, 13.3939, 24.4152, 21.3218, 11.7682, 24.5135, 7.74233, 12.5501, 15.3891, 25.6513, 10.2154, 16.9285 ], 
          [ 26.807, 10.8597, 27.4552, 8.44969, 20.3082, 17.7021, 8.19837, 3.11532, 16.2906, 4.55393, 22.2845, 29.1728, 13.6023, 24.4845, 17.5075, 25.7312, 2.99918, 27.0362, 29.4182, 11.2931, 24.9148, 23.6979, 14.388, 29.7351, 1.78846, 14.3083, 5.66636, 25.0793, 13.2306, 18.678 ], 
          [ 2.20753, 8.61274, 6.34988, 22.9638, 17.861, 7.53313, 27.2134, 21.2973, 5.40394, 2.06131, 2.67448, 17.7994, 17.6589, 18.2385, 5.64223, 27.3179, 29.2576, 2.36203, 19.9785, 1.3639, 13.7094, 28.5214, 24.5227, 21.0011, 26.9532, 25.6872, 1.6602, 22.5154, 10.7097, 6.9759 ], 
          [ 26.3082, 8.76816, 25.6422, 14.6789, 18.8417, 12.7829, 25.0992, 15.5781, 28.6893, 22.7413, 23.9324, 17.3728, 6.56545, 13.4617, 16.6155, 12.6397, 17.6311, 23.4352, 19.5969, 25.663, 29.3472, 10.3944, 11.3581, 4.73391, 19.2477, 17.8879, 11.0589, 22.304, 5.52811, 7.84213 ], 
          [ 29.4458, 16.5494, 1.7614, 11.2323, 2.21124, 27.7611, 26.7401, 25.6489, 13.971, 10.4799, 11.5178, 15.5394, 10.1148, 1.85094, 27.585, 4.13091, 21.9762, 29.4373, 7.12842, 14.4855, 18.0337, 17.5412, 2.97006, 24.3859, 21.6868, 17.3455, 29.3079, 23.7839, 14.3012, 24.7204 ], 
          [ 20.5831, 4.19575, 1.07213, 3.66493, 4.73653, 29.1713, 4.34179, 11.1242, 8.98412, 22.485, 18.3737, 18.0855, 21.7136, 9.24233, 5.18569, 18.9801, 7.15076, 12.5839, 24.463, 11.3578, 28.5175, 24.2838, 22.6548, 2.11371, 3.32227, 9.79005, 4.33005, 10.1337, 3.36764, 10.1113 ], 
          [ 24.1862, 25.8062, 22.5294, 1.93, 12.3661, 9.8675, 12.6361, 22.8808, 3.4582, 21.2324, 18.5898, 24.2693, 4.56598, 17.7035, 27.0601, 23.3322, 17.9951, 10.3279, 2.51347, 18.795, 29.5233, 2.22463, 24.0574, 27.9613, 14.3016, 27.2062, 9.24121, 27.0827, 26.8801, 27.0248 ], 
          [ 8.4895, 5.04386, 25.1331, 6.65213, 16.4616, 12.7572, 12.9836, 6.7999, 17.7773, 19.9562, 21.3198, 20.0345, 3.62553, 29.8429, 11.0085, 13.4262, 23.7405, 10.8499, 9.31091, 7.23922, 28.6863, 13.0233, 21.3575, 2.63673, 25.9059, 17.4148, 16.1199, 11.3144, 7.94725, 16.815 ], 
          [ 20.119, 21.4486, 5.71439, 10.4962, 22.1694, 23.6511, 24.1559, 2.05457, 15.5473, 27.5183, 1.32133, 18.2807, 12.1606, 3.59825, 15.5724, 27.9248, 8.48151, 11.3543, 9.52258, 7.51506, 11.1393, 4.14867, 14.8839, 25.8817, 26.7999, 16.143, 25.2324, 7.41826, 24.6873, 25.1771 ], 
          [ 21.1785, 18.1295, 25.8485, 2.314, 25.4156, 4.4166, 3.23823, 12.7023, 21.0199, 6.17287, 12.3729, 4.61385, 17.6801, 18.1839, 3.24467, 16.9808, 21.6354, 16.3246, 2.74197, 4.77783, 15.8004, 28.0979, 2.90941, 11.0035, 10.2301, 29.4467, 17.0744, 10.2847, 17.1093, 19.7549 ], 
          [ 19.7165, 28.1274, 25.8685, 10.6832, 9.48669, 5.43749, 4.65326, 7.1518, 15.0368, 13.9549, 23.7467, 5.66752, 4.70363, 9.36378, 24.5664, 7.63477, 26.6387, 11.4769, 6.12362, 13.2225, 7.04572, 15.2416, 28.2438, 6.90611, 6.70663, 26.1317, 15.9542, 18.2266, 10.6651, 11.0949 ], 
          [ 15.2502, 20.4706, 8.03876, 5.80389, 26.1186, 6.38189, 17.5907, 1.7596, 7.28119, 25.0135, 24.3738, 28.3697, 8.61691, 3.60347, 14.5178, 29.161, 20.886, 28.2543, 8.46531, 18.9385, 22.4354, 12.2225, 7.36755, 3.96538, 9.35011, 21.9642, 6.24214, 7.97884, 18.0374, 5.70922 ], 
          [ 29.4392, 6.4685, 22.8439, 17.8139, 27.2759, 19.3548, 13.4339, 24.6889, 7.44164, 23.1774, 5.88082, 1.10171, 24.6374, 27.6963, 10.2485, 17.7974, 20.6084, 19.1078, 8.29235, 21.9743, 23.0431, 17.0815, 17.4985, 17.1272, 4.83041, 17.439, 11.1898, 22.7504, 16.0471, 25.2154 ], 
          [ 12.098, 29.3001, 7.9699, 16.5628, 12.3128, 21.9582, 16.9394, 26.4316, 20.4331, 13.7942, 14.127, 28.5516, 23.644, 4.51965, 13.7392, 25.5306, 3.34864, 28.0966, 4.53588, 18.1377, 21.1185, 21.404, 23.9133, 12.4714, 7.69627, 22.5009, 16.9553, 9.90626, 18.8044, 21.1112 ], 
          [ 26.1755, 15.1548, 11.5785, 13.638, 4.47806, 12.1118, 5.27005, 28.1279, 23.913, 28.761, 22.2471, 18.8825, 11.436, 12.1885, 22.7451, 16.2109, 6.26564, 13.8652, 17.7064, 18.2202, 20.2834, 17.07, 22.4818, 15.2443, 20.8172, 20.8365, 2.08133, 18.3645, 26.7518, 17.3582 ], 
          [ 24.4625, 13.0411, 27.0344, 9.28153, 2.86335, 27.5204, 10.6666, 27.6725, 24.4518, 20.5151, 2.13087, 14.0498, 19.3758, 5.14219, 15.8064, 2.35914, 2.25225, 19.0093, 29.3068, 12.2313, 8.95454, 23.3469, 1.32647, 23.1125, 9.34018, 21.1755, 4.76759, 21.818, 29.5153, 5.21484 ], 
          [ 18.7629, 3.2874, 7.25787, 15.3862, 7.31544, 20.8051, 27.8669, 28.842, 28.8114, 3.35958, 24.8329, 23.2508, 27.9281, 26.1482, 13.3714, 14.4511, 17.0032, 12.648, 7.37659, 20.5361, 28.771, 17.6781, 10.1731, 20.4033, 8.85373, 18.7777, 21.3121, 26.7044, 8.21051, 27.1352 ], 
          [ 8.32251, 18.8485, 27.4478, 10.7935, 8.75172, 28.714, 14.8587, 21.5462, 7.4862, 18.6802, 19.3472, 29.2389, 20.8574, 8.6914, 28.9437, 2.98972, 24.635, 9.88428, 12.0801, 17.8753, 8.84312, 25.9733, 1.20453, 2.65381, 21.7941, 3.33013, 25.4363, 5.67704, 13.6047, 2.93678 ], 
          [ 11.7683, 11.6075, 21.253, 28.3366, 14.3948, 29.9689, 25.9203, 19.349, 18.4007, 4.57852, 15.2537, 10.7314, 25.4141, 21.9844, 4.84783, 16.0144, 17.711, 27.25, 22.8729, 10.997, 17.9858, 7.69824, 17.9693, 14.434, 14.2823, 13.6694, 11.6178, 13.7478, 29.4425, 7.68665 ], 
          [ 8.47617, 5.42105, 22.4292, 23.8856, 4.92265, 6.1681, 22.1856, 14.6508, 7.81012, 19.6967, 29.1501, 6.73501, 10.3571, 19.6157, 25.3526, 17.8788, 10.0858, 19.9094, 2.24373, 7.73412, 27.9736, 23.8171, 7.45936, 15.0374, 13.6452, 27.5489, 17.9638, 18.8631, 13.8551, 5.50557 ], 
          [ 10.5319, 22.8887, 8.86911, 29.3633, 10.7885, 29.7087, 13.4906, 27.0136, 26.7566, 6.35078, 8.61784, 27.0252, 14.0988, 23.0645, 18.2245, 7.36238, 13.0267, 18.7211, 14.6131, 17.2266, 8.69912, 17.7634, 16.5393, 9.88365, 17.2622, 27.8927, 29.855, 21.3775, 4.79654, 15.8483 ], 
          [ 19.5437, 11.2929, 19.8473, 18.7292, 6.36056, 1.09862, 12.5571, 4.56853, 7.59242, 6.8385, 4.87428, 7.85479, 5.90116, 10.2677, 25.942, 16.9053, 8.08285, 22.4004, 12.2566, 24.6831, 9.78308, 26.3614, 2.45864, 16.6821, 26.189, 20.9982, 8.53123, 16.7681, 6.14838, 1.60436 ], 
          [ 14.4826, 11.0718, 14.1621, 28.8188, 11.6639, 18.3397, 1.8377, 28.2535, 23.9236, 25.1132, 12.4627, 18.8114, 3.90226, 17.4763, 11.4778, 10.3371, 26.1828, 22.8858, 16.3445, 28.3453, 22.3472, 29.8593, 27.378, 7.50354, 8.21124, 9.41991, 11.1951, 2.01316, 1.72332, 1.21183 ], 
          [ 6.88764, 13.2322, 4.6365, 6.85597, 7.09744, 15.8716, 4.62057, 12.5979, 19.6594, 14.6415, 29.7862, 21.3123, 27.9827, 21.7683, 10.0515, 2.07211, 7.05159, 15.1272, 9.49632, 22.9339, 7.62541, 26.7912, 3.60491, 20.3927, 12.5922, 3.69721, 2.79716, 17.0203, 1.85953, 24.6089 ], 
          [ 24.9994, 20.4722, 1.46037, 9.83508, 21.9796, 5.96815, 29.7184, 25.4126, 6.80284, 4.40165, 13.152, 21.697, 23.0801, 11.5134, 25.5492, 13.1683, 9.24416, 25.3877, 9.65496, 4.72044, 23.5972, 13.0375, 9.84466, 18.9624, 17.6993, 26.5262, 2.44927, 29.0949, 8.43555, 3.04233 ], 
          [ 28.0017, 27.1695, 1.75004, 3.61623, 17.3869, 21.9425, 26.9623, 13.2625, 5.70735, 22.1932, 3.47681, 4.15843, 2.52231, 4.11036, 27.1639, 22.7437, 16.599, 18.197, 2.7739, 29.0959, 12.6374, 5.99138, 16.4944, 9.98089, 17.048, 11.2479, 14.7292, 11.8324, 11.2201, 8.37148 ], 
          [ 16.0719, 28.6335, 3.52679, 13.9585, 3.01721, 3.81585, 24.9044, 16.9426, 5.5649, 9.59744, 16.1367, 1.68863, 22.6033, 18.4177, 14.3898, 14.2359, 15.4764, 22.5928, 4.09111, 19.13, 25.2595, 18.5062, 7.96204, 28.319, 28.2627, 20.0089, 3.63689, 5.93435, 6.10108, 23.1586 ], 
          [ 15.8724, 27.1368, 27.0003, 19.0365, 17.9045, 10.384, 4.8196, 8.90981, 5.91074, 22.1461, 16.3361, 26.4566, 16.7392, 12.3694, 15.7175, 4.37145, 20.3699, 12.211, 9.7301, 10.003, 18.0664, 13.2244, 21.9101, 19.41, 29.0882, 18.1534, 7.70997, 4.64399, 12.9269, 4.36904 ], 
          [ 13.2759, 20.8644, 3.54589, 21.0416, 27.7553, 16.6753, 6.17283, 7.91869, 6.74096, 21.4689, 14.1855, 27.8225, 26.0757, 20.7376, 14.5291, 17.4574, 6.69078, 10.3206, 4.26141, 12.0616, 18.7675, 22.7186, 1.28241, 6.90884, 17.2589, 29.7326, 4.34021, 3.79952, 15.5637, 11.6637 ], 
          [ 8.06231, 17.399, 13.5007, 10.395, 29.1289, 27.7668, 7.50997, 22.5882, 26.9625, 5.6915, 22.9658, 15.2852, 19.6292, 9.7598, 1.18815, 25.7403, 4.97187, 15.0895, 24.8692, 3.75105, 5.55066, 24.7089, 13.699, 6.25097, 18.1421, 7.72679, 17.4614, 26.9651, 28.9285, 15.4307 ], 
          [ 6.12016, 27.4504, 7.68583, 13.4386, 15.9856, 26.2897, 19.2898, 25.718, 3.75835, 21.964, 13.9692, 6.10062, 6.53459, 28.321, 24.6337, 16.2125, 21.1887, 13.7848, 1.21823, 3.39634, 10.917, 26.0039, 9.34149, 13.3859, 4.6585, 28.5511, 12.0801, 21.8568, 4.94916, 15.4531 ], 
          [ 16.0743, 19.9302, 2.07185, 20.0301, 9.24656, 17.2686, 22.3657, 5.21236, 26.7014, 24.8926, 11.7446, 21.5908, 22.0157, 10.4971, 4.71992, 27.1302, 11.9854, 15.0943, 27.1598, 12.8662, 4.79986, 29.6596, 5.31862, 23.1284, 21.5935, 21.9216, 1.32006, 26.1203, 13.4635, 20.5359 ], 
          [ 27.7349, 10.0094, 15.2962, 1.36382, 6.62535, 11.3166, 13.1134, 27.193, 19.7913, 21.8036, 7.56104, 21.7237, 15.6736, 27.5421, 28.6612, 14.5119, 2.19581, 20.522, 4.42398, 26.2267, 28.0855, 6.31994, 11.9172, 27.1156, 6.96948, 28.9785, 18.2411, 22.5854, 4.31771, 8.36349 ], 
          [ 17.7413, 8.66737, 15.5802, 17.3642, 11.9256, 5.99611, 9.12097, 12.7531, 13.3606, 27.3081, 24.1737, 4.84859, 29.5462, 28.6975, 3.48855, 5.73859, 20.517, 11.6747, 10.9355, 22.6126, 27.6243, 23.2293, 5.10849, 14.9243, 6.5701, 16.9886, 19.0659, 20.3246, 25.9326, 29.0059 ], 
          [ 17.569, 12.2661, 12.1987, 4.49276, 17.565, 17.4239, 28.8053, 7.97686, 25.3658, 10.3676, 23.3911, 25.5958, 25.2473, 8.43476, 21.887, 19.6917, 10.7156, 11.9153, 29.6506, 20.9321, 1.68888, 21.2954, 2.03873, 8.20179, 16.3207, 24.0499, 18.8876, 27.3188, 26.2139, 3.51358 ], 
          [ 14.7023, 16.8937, 11.8623, 16.4572, 24.4299, 9.98538, 12.8467, 27.2952, 17.1796, 24.1783, 18.5547, 12.2201, 26.4069, 14.6103, 29.6988, 3.19226, 7.40389, 25.6352, 1.95611, 6.88595, 14.8883, 14.5918, 12.0161, 3.22031, 25.934, 22.8329, 10.2544, 1.13922, 25.7147, 3.43652 ], 
          [ 23.2578, 12.9608, 27.3505, 1.99792, 29.0906, 10.4625, 19.2063, 17.967, 3.14173, 13.8306, 11.2047, 17.8767, 17.2635, 7.40008, 15.3768, 9.80658, 9.76836, 13.4304, 23.4571, 9.93058, 23.679, 15.219, 13.2966, 18.9552, 12.396, 24.5581, 4.83717, 10.5071, 12.2343, 13.8954 ], 
          [ 29.8635, 26.1321, 23.8268, 9.99867, 28.1416, 27.523, 29.4786, 15.1946, 7.47126, 23.1012, 11.0415, 20.7911, 20.5409, 28.9298, 2.11823, 11.1944, 9.47312, 10.9572, 26.3067, 17.3914, 13.191, 13.7891, 8.31726, 9.56341, 16.9816, 22.8116, 19.4312, 25.8278, 24.9244, 27.8755 ], 
          [ 13.1366, 28.8345, 5.5063, 1.58969, 14.3906, 9.14193, 26.8355, 21.575, 8.84987, 28.1874, 19.2576, 28.2969, 29.4813, 14.3077, 13.7958, 25.4015, 13.3894, 16.1295, 19.3183, 1.00791, 20.6115, 3.81554, 20.6396, 8.3111, 21.3717, 4.49185, 5.06281, 27.6123, 29.9359, 20.0975 ], 
          [ 5.84537, 3.35797, 9.06799, 22.2251, 27.452, 8.13243, 6.22826, 20.6576, 18.2845, 12.3367, 2.45809, 1.65647, 5.92702, 13.78, 15.3499, 4.18975, 21.944, 17.715, 22.1929, 22.2402, 22.661, 3.51273, 7.63667, 2.39001, 2.25313, 13.9254, 23.5046, 15.9477, 24.2588, 26.3496 ], 
          [ 17.1247, 27.5383, 8.84331, 3.03329, 24.4469, 8.46436, 13.3252, 29.6797, 21.0432, 23.2234, 10.4589, 19.6181, 4.31291, 18.6352, 17.6664, 22.6375, 10.713, 18.141, 27.1137, 3.0945, 1.4509, 16.5698, 7.61547, 7.51923, 6.0043, 26.6735, 2.21873, 20.2619, 15.6466, 6.5462 ], 
          [ 5.982, 26.7807, 23.7648, 1.63456, 7.54681, 15.8018, 5.48805, 18.2212, 9.90263, 27.7027, 16.216, 18.8373, 7.45907, 9.86552, 21.6626, 26.2162, 11.0366, 18.4206, 3.71563, 20.8074, 28.8039, 10.0124, 21.1941, 21.4254, 14.2412, 8.57978, 1.86695, 5.22313, 7.75271, 18.7911 ], 
          [ 5.91788, 26.5077, 14.8106, 17.7629, 13.0327, 23.608, 5.00292, 15.3, 7.39933, 10.366, 27.7216, 28.8645, 10.5058, 25.3853, 24.2285, 7.48122, 20.3873, 29.9756, 21.7807, 8.9043, 3.90989, 14.5511, 24.3223, 15.2555, 3.73764, 28.9523, 20.0989, 8.95893, 18.3808, 8.52402 ], 
          [ 7.12129, 5.12003, 27.6632, 24.7695, 26.2758, 5.91674, 29.8561, 15.3394, 29.9033, 18.105, 19.389, 20.1004, 5.97005, 9.04755, 21.8131, 4.68538, 23.37, 14.3727, 14.9613, 15.0458, 19.7576, 6.15204, 12.9729, 20.1034, 20.2383, 11.843, 14.9448, 22.8347, 2.96311, 28.3821 ], 
          [ 11.3488, 16.401, 2.7358, 23.1521, 2.18117, 24.32, 9.87885, 21.1594, 20.0563, 26.4163, 22.8318, 20.3447, 10.5961, 13.8834, 9.1522, 13.773, 7.72168, 17.2651, 6.9287, 28.3904, 24.7983, 14.5229, 27.7344, 7.32921, 20.0754, 29.5642, 23.6176, 2.23795, 15.759, 25.9807 ]
        ], 
        [
          [ 1.65829, 29.9336, 5.91692, 14.5352, 24.3447, 14.6793, 9.46473, 19.0054, 24.0332, 1.88654, 29.6406, 14.0718, 24.9607, 1.97664, 3.69392, 25.5543, 2.22825, 6.51216, 24.091, 29.9183, 18.8331, 9.54593, 10.062, 11.0329, 7.46114, 15.789, 11.8103, 1.0158, 29.0314, 13.4563 ], 
          [ 14.0034, 28.8165, 27.3451, 22.813, 20.2569, 29.7953, 15.5633, 16.1267, 29.4926, 1.60703, 25.7007, 5.72093, 28.4548, 16.3763, 15.3855, 9.75782, 26.2641, 10.605, 5.43645, 9.26536, 24.7734, 1.39548, 13.3951, 29.0273, 1.24645, 17.1677, 8.56157, 2.22681, 7.99426, 25.8562 ], 
          [ 28.5648, 19.3179, 29.3925, 11.6482, 7.45538, 18.7846, 25.0313, 25.153, 28.3048, 29.0274, 19.3453, 3.90329, 29.3826, 6.11241, 16.4389, 27.8957, 1.20021, 11.1061, 2.49957, 2.18162, 22.6875, 26.142, 27.639, 9.44812, 24.1653, 1.49299, 5.72515, 13.0798, 3.05877, 16.4843 ], 
          [ 21.172, 8.62034, 8.4993, 8.16198, 25.1904, 14.1799, 22.5567, 28.2031, 27.628, 18.0432, 9.15813, 19.8509, 3.87917, 4.06726, 3.08865, 20.9757, 9.47202, 25.7539, 22.3643, 23.5449, 8.16065, 17.6464, 25.0018, 14.5149, 16.3625, 22.7574, 14.6009, 18.1753, 19.3674, 19.3183 ], 
          [ 1.77899, 12.2599, 19.8341, 4.78803, 13.7744, 5.62539, 23.8179, 28.6594, 28.3945, 24.7134, 1.09751, 4.04808, 20.8742, 25.5501, 23.1205, 16.4339, 17.9322, 5.08826, 2.06351, 18.0298, 20.2397, 12.0899, 2.95914, 19.8237, 16.0487, 26.523, 16.085, 5.59806, 21.0221, 18.5808 ], 
          [ 24.5083, 19.8979, 29.3535, 18.8466, 12.7748, 26.7341, 4.46942, 22.5765, 5.67439, 8.24678, 26.7547, 24.6031, 7.67191, 19.9749, 2.52144, 27.8137, 20.7948, 27.7066, 11.8193, 11.0405, 15.2594, 4.66773, 11.2369, 23.0839, 18.1086, 6.15183, 10.5615, 11.9429, 5.45417, 19.6894 ], 
          [ 20.9601, 12.0809, 29.8096, 8.12646, 3.73355, 28.3369, 22.3335, 17.5723, 11.3786, 8.63219, 29.9172, 14.5106, 24.9455, 25.9529, 13.803, 11.3904, 14.5504, 19.7597, 26.6336, 16.1331, 5.22929, 7.52427, 4.886, 14.837, 8.06111, 17.926, 3.58855, 10.7752, 10.2817, 28.989 ], 
          [ 15.416, 3.81569, 8.54916, 16.4515, 18.0772, 18.6639, 4.38296, 13.1695, 12.4963, 14.8719, 29.6517, 18.9091, 29.458, 5.39154, 4.35331, 5.45056, 11.515, 25.1594, 3.06445, 26.7222, 6.25198, 24.3796, 4.00331, 21.9976, 21.1659, 25.6185, 9.80211, 16.6702, 26.1727, 8.15038 ], 
          [ 7.08561, 1.13034, 24.955, 17.696, 10.5478, 16.2705, 4.05863, 24.4629, 19.3107, 8.89079, 27.5092, 12.8489, 13.7213, 29.0775, 19.5549, 22.9666, 8.44776, 15.7437, 4.40865, 21.9949, 9.10681, 14.4496, 4.35176, 29.1461, 1.37073, 24.8772, 29.8878, 4.29533, 13.5762, 2.74359 ], 
          [ 3.46006, 14.0817, 22.1616, 14.9881, 24.0399, 23.8448, 16.4587, 11.1411, 9.77718, 11.4949, 7.62055, 7.26729, 3.5777, 4.91217, 13.6496, 26.3621, 4.73344, 23.2488, 4.97641, 19.0763, 1.79387, 3.08271, 11.3453, 29.5802, 1.10965, 2.31832, 6.71878, 3.24256, 14.187, 14.649 ], 
          [ 9.30645, 14.2318, 16.5637, 8.13061, 1.29465, 8.02492, 21.8482, 3.61722, 29.2532, 27.2221, 14.1275, 1.7936, 8.2406, 16.754, 28.0909, 14.0575, 11.8741, 11.29, 6.28392, 11.7509, 3.26562, 23.2426, 12.1391, 17.6047, 20.2718, 2.15559, 19.2122, 10.6354, 19.9406, 27.6788 ], 
          [ 10.7322, 21.3688, 6.60967, 22.8609, 3.97735, 9.22953, 29.5231, 9.76024, 2.07024, 19.8964, 2.80352, 1.58172, 24.7724, 9.18632, 1.78556, 10.0315, 21.0255, 3.56723, 6.75478, 25.9843, 29.0817, 15.2963, 8.73999, 1.91302, 5.43609, 5.35887, 19.0561, 25.8943, 8.58202, 28.9428 ], 
          [ 15.5976, 27.4387, 28.7556, 24.9863, 4.44454, 29.7667, 6.84093, 23.2506, 25.5113, 19.7752, 26.8169, 29.5883, 13.8314, 23.4918, 21.8617, 2.94538, 13.1156, 7.85864, 15.6098, 8.3941, 17.8055, 12.9609, 25.4093, 12.8456, 1.61816, 24.8184, 26.08, 9.82682, 10.9232, 19.5016 ], 
          [ 3.64886, 20.0443, 14.8609, 10.32, 14.4719, 22.2788, 25.6768, 8.45049, 13.7536, 22.6469, 6.62982, 15.6871, 14.8422, 16.4553, 10.6786, 5.74209, 5.40189, 22.361, 5.06725, 25.1401, 6.76267, 18.1834, 2.76166, 28.6801, 19.239, 18.1797, 14.0385, 9.97537, 2.13192, 18.9111 ], 
          [ 1.57442, 21.9646, 4.01996, 11.8638, 29.3264, 5.517, 19.5986, 2.28864, 10.5044, 10.7826, 10.7355, 27.2688, 28.5388, 15.0208, 7.45746, 25.4538, 13.9373, 5.7325, 16.6479, 3.44857, 20.8839, 29.6071, 11.2177, 19.9169, 7.23154, 11.5969, 17.1809, 7.3842, 20.3523, 15.3463 ], 
          [ 25.4835, 14.2838, 11.4662, 19.398, 22.7535, 10.5366, 10.1033, 15.6373, 20.8477, 22.4283, 22.2067, 22.5329, 20.1484, 10.2739, 4.5941, 4.7435, 25.6686, 24.7105, 25.0751, 20.6488, 22.5823, 19.7261, 22.0414, 23.0571, 6.92115, 24.1845, 9.00889, 13.875, 13.7342, 18.274 ], 
          [ 18.8249, 3.77471, 26.1494, 25.5981, 24.5124, 26.4044, 7.68857, 19.3699, 9.9084, 6.33447, 5.68162, 7.02401, 19.2074, 27.181, 11.6531, 14.9096, 6.21601, 14.4922, 5.23162, 17.2798, 20.2533, 15.035, 26.2147, 12.671, 6.526, 5.79422, 17.0932, 2.11746, 27.6152, 27.4053 ], 
          [ 13.5651, 22.1538, 11.2084, 5.16844, 22.484, 12.3522, 21.2217, 27.1715, 1.07844, 1.96339, 18.8197, 13.3857, 29.5435, 23.5011, 11.8992, 29.933, 19.0549, 20.3797, 29.9326, 10.3676, 18.5641, 28.3438, 11.6461, 4.76224, 27.7721, 4.16119, 29.9705, 3.97289, 29.3641, 26.9801 ], 
          [ 8.5434, 19.1296, 2.32536, 20.8522, 20.4188, 17.9616, 22.6161, 24.6479, 28.7965, 3.59226, 19.2609, 23.2566, 4.3773, 5.15862, 11.8528, 11.7183, 21.6469, 7.28455, 14.435, 23.4019, 18.0057, 24.1257, 12.0139, 8.79221, 17.0552, 26.3667, 24.7942, 19.0066, 10.6263, 2.78564 ], 
          [ 23.0922, 20.5979, 20.5631, 24.7829, 27.606, 5.55026, 5.17658, 11.6116, 17.731, 14.6158, 5.71239, 12.3371, 7.73986, 7.86544, 1.3354, 20.7072, 7.19064, 22.1314, 5.62768, 18.2652, 18.6295, 8.52237, 27.3914, 4.69161, 11.7323, 9.70762, 22.9972, 16.0105, 24.1488, 26.5868 ], 
          [ 2.88652, 20.2935, 18.9909, 4.9727, 7.46634, 3.87023, 2.68337, 13.8274, 23.9088, 2.72504, 28.2784, 11.1898, 20.8662, 24.4736, 15.7973, 21.6366, 5.94588, 15.2422, 12.0561, 25.6105, 13.2105, 27.3224, 9.59571, 6.67188, 27.9268, 2.43319, 18.4262, 21.1001, 18.8835, 16.7972 ], 
          [ 16.2165, 21.1509, 15.0995, 19.8521, 1.57861, 21.2185, 13.1725, 24.2345, 29.723, 25.9268, 7.7033, 3.7644, 21.4243, 11.8899, 19.6479, 1.43276, 25.2738, 15.6442, 4.09322, 18.991, 9.40605, 26.0755, 22.8066, 10.7178, 5.92981, 7.20888, 13.2651, 28.42, 13.525, 28.2963 ], 
          [ 20.3775, 23.7178, 26.7233, 28.861, 15.7846, 27.3384, 14.2598, 28.1713, 1.71623, 9.5432, 10.9435, 6.49578, 4.39047, 20.7319, 7.28473, 23.836, 15.592, 26.628, 13.3421, 24.8946, 15.8302, 21.3187, 3.91076, 18.7946, 14.7989, 16.298, 7.47696, 10.8897, 13.9406, 16.0167 ], 
          [ 11.5786, 16.6806, 12.5443, 5.63639, 7.93566, 25.3416, 3.71782, 9.34987, 26.3256, 27.1124, 9.23217, 4.03673, 12.7239, 27.7539, 17.5523, 14.5086, 5.87, 14.3869, 1.59337, 3.72799, 19.5287, 23.5653, 20.3548, 1.55219, 28.0374, 15.6333, 10.4758, 16.0123, 23.8563, 7.11193 ], 
          [ 19.2863, 7.99312, 15.8811, 11.2437, 6.95441, 2.7783, 3.51468, 28.0338, 13.2138, 3.54204, 15.0115, 22.2271, 1.04068, 12.131, 4.79306, 8.54937, 2.40528, 11.6003, 8.19903, 4.52917, 11.66, 11.7153, 28.305, 13.4644, 22.4615, 29.6399, 17.0323, 19.7542, 11.1533, 4.30814 ], 
          [ 7.12246, 12.8726, 16.1741, 28.4911, 25.227, 25.5972, 13.7229, 2.73493, 2.14352, 8.93311, 9.81388, 12.4401, 26.8941, 12.2579, 1.9625, 26.2822, 5.37824, 16.0582, 16.624, 27.1453, 18.0994, 23.779, 14.9044, 4.67617, 27.6529, 21.6019, 5.9158, 9.59399, 5.43592, 17.9836 ], 
          [ 23.8875, 28.9384, 25.5575, 29.2985, 12.4781, 28.0616, 11.2421, 19.51, 27.8256, 23.2405, 12.5249, 23.9734, 4.7057, 8.85736, 7.54623, 27.5844, 5.51839, 13.3702, 24.5677, 3.93642, 7.86204, 1.76552, 3.5582, 9.53921, 10.3118, 14.0928, 10.6927, 6.60189, 8.83125, 24.4248 ], 
          [ 16.8986, 2.90513, 19.4051, 5.15546, 7.82081, 15.7251, 7.59404, 16.1381, 23.0034, 9.50815, 18.4562, 4.2453, 13.089, 2.06241, 21.3827, 5.39471, 28.194, 25.8676, 29.3627, 16.544, 28.4667, 27.382, 4.87408, 10.3765, 9.17915, 25.0033, 23.4979, 19.105, 28.2685, 18.7915 ], 
          [ 25.8031, 4.2968, 11.2523, 28.8724, 16.8493, 9.75734, 14.8054, 28.5424, 15.7583, 10.3517, 15.1393, 15.6334, 27.6429, 11.0931, 14.1058, 28.2488, 7.71364, 2.97128, 24.942, 25.0078, 25.1623, 22.8318, 29.6168, 7.46857, 15.7684, 10.1508, 13.7939, 14.3617, 5.3606, 26.3691 ], 
          [ 9.30356, 21.056, 20.9625, 2.48048, 27.8423, 1.79267, 18.6867, 17.3664, 5.53184, 8.44642, 27.0912, 15.4645, 24.8742, 14.1373, 2.23563, 16.8122, 21.5702, 5.61216, 17.3661, 12.9322, 8.34279, 14.712, 19.1663, 10.7736, 28.8636, 12.7223, 19.5928, 21.2384, 16.4934, 13.4282 ], 
          [ 6.37815, 15.9232, 5.38295, 9.63729, 19.3149, 2.30439, 12.8723, 7.56044, 22.5868, 5.93447, 27.657, 4.86714, 2.15784, 25.2901, 17.9908, 11.7162, 18.6916, 15.7055, 25.0572, 3.41828, 19.8085, 29.6436, 10.8746, 13.7938, 24.5717, 5.68666, 27.4026, 18.6332, 16.7105, 6.07089 ], 
          [ 25.5994, 10.3282, 23.8563, 16.5446, 16.1652, 24.4311, 15.48, 25.8186, 7.40211, 22.1222, 6.3827, 21.0639, 14.174, 18.1117, 19.4775, 25.2771, 1.96224, 26.4362, 18.8909, 13.1034, 20.1712, 29.4705, 20.1252, 6.7428, 29.0931, 14.7689, 6.6683, 4.75074, 13.7831, 9.74783 ], 
          [ 29.3562, 18.2627, 22.6073, 13.2853, 19.6732, 20.9904, 21.4759, 26.7268, 2.50803, 3.14241, 7.68063, 20.2174, 12.5138, 10.8919, 26.3385, 16.3135, 22.1284, 17.8086, 19.2617, 22.3664, 23.0539, 1.19179, 14.1006, 7.13619, 19.5407, 6.00917, 20.4677, 19.7361, 8.60856, 21.5833 ], 
          [ 17.3662, 14.8709, 14.7364, 22.7646, 22.1912, 17.6125, 28.99, 1.67796, 21.8631, 26.1606, 15.2315, 19.6263, 3.05457, 29.1631, 19.3263, 24.3416, 5.42034, 25.7778, 28.1095, 7.99378, 9.71115, 25.579, 21.1232, 4.31579, 5.56254, 14.37, 7.26561, 26.6146, 29.1046, 10.8442 ], 
          [ 22.6563, 12.529, 4.13518, 24.2627, 5.81734, 8.28966, 7.00231, 12.7119, 21.6505, 19.3997, 3.40051, 6.15491, 18.9079, 14.0662, 7.44019, 12.1979, 14.5797, 1.67701, 18.3662, 19.0286, 16.7755, 19.1083, 24.9318, 19.577, 2.0508, 2.12398, 18.4787, 21.4495, 20.9926, 23.1811 ], 
          [ 13.0919, 29.5588, 24.2666, 8.65244, 19.4115, 25.6802, 8.2871, 16.0955, 21.7698, 3.08659, 23.8453, 2.63125, 19.5308, 19.6571, 7.76806, 22.4786, 29.086, 13.8944, 9.68306, 22.1112, 14.3936, 20.891, 9.11161, 19.3909, 12.0626, 20.8683, 21.0951, 2.55624, 9.34877, 20.3058 ], 
          [ 28.4211, 8.30324, 3.619, 29.3598, 13.6026, 25.9625, 6.84059, 16.3305, 4.65786, 10.1453, 18.1015, 18.6969, 4.77373, 6.99154, 13.2426, 13.8711, 17.8433, 3.61431, 3.2782, 28.3713, 7.63204, 11.9089, 7.03477, 27.732, 18.8338, 8.29368, 25.7844, 20.2168, 24.4533, 10.8887 ], 
          [ 28.8834, 15.6158, 23.5872, 10.869, 23.2522, 8.93057, 9.22682, 20.5175, 3.08248, 20.6853, 20.4565, 22.5897, 12.9181, 23.8861, 11.0999, 14.7169, 7.38614, 5.10806, 4.21588, 7.89208, 8.05418, 8.33664, 3.83409, 16.8192, 14.2221, 21.5775, 13.9581, 27.4004, 4.06894, 29.5962 ], 
          [ 8.12686, 17.1181, 18.5006, 4.97957, 27.8754, 11.0065, 2.3319, 29.8916, 22.455, 15.7327, 14.8027, 21.6386, 27.2393, 12.9922, 28.9438, 14.0998, 11.9272, 4.67377, 22.776, 2.85298, 7.60307, 26.5864, 23.3906, 9.58688, 13.9641, 11.361, 14.4835, 26.5114, 11.4397, 2.10096 ], 
          [ 20.045, 28.4335, 24.2478, 6.45367, 22.1994, 6.40715, 24.3447, 25.6187, 13.9117, 23.5077, 25.5833, 7.36489, 12.7927, 17.8014, 27.7354, 29.9236, 15.0154, 15.2013, 16.4981, 1.53992, 13.6587, 19.813, 8.29893, 26.5586, 13.6202, 21.8348, 1.81353, 14.2666, 19.3635, 24.8535 ], 
          [ 2.39099, 8.09779, 16.1452, 1.18258, 18.3835, 14.3654, 10.4952, 29.5574, 6.14599, 2.56774, 19.5232, 1.41828, 22.6855, 3.32638, 12.2697, 27.9915, 1.47019, 8.74037, 16.4668, 8.5175, 2.6522, 26.9818, 17.756, 4.16364, 29.722, 6.58817, 4.78846, 11.2955, 7.15626, 9.36953 ], 
          [ 25.3754, 24.8759, 4.11716, 21.3452, 23.7133, 1.14347, 9.32652, 21.5815, 20.2986, 7.51652, 18.2688, 6.42012, 21.986, 17.1202, 17.3384, 8.74992, 26.6524, 27.4471, 28.3474, 21.2865, 5.18974, 9.10974, 21.1448, 22.538, 1.8259, 29.4555, 11.601, 7.17898, 14.3018, 4.14922 ], 
          [ 21.8722, 15.434, 17.9557, 3.93048, 2.88266, 9.06811, 1.45767, 20.3107, 27.9141, 1.69504, 7.73357, 16.4451, 16.883, 13.6421, 29.3056, 17.394, 5.18549, 11.7663, 10.042, 26.6307, 9.56398, 24.9069, 2.2313, 12.929, 18.0732, 2.77919, 14.9891, 23.8428, 28.3273, 4.18123 ], 
          [ 6.39059, 28.5667, 28.6249, 18.6017, 27.6159, 18.9366, 20.4201, 25.9646, 1.68232, 27.5298, 5.2572, 12.3345, 19.1372, 22.6161, 22.8997, 28.9257, 24.2951, 17.4727, 12.8076, 5.4591, 2.3565, 13.9616, 6.52034, 14.0496, 10.9781, 27.6508, 6.50793, 19.4558, 15.8642, 12.6432 ], 
          [ 11.2383, 7.97084, 10.3595, 23.7868, 5.69816, 29.3482, 6.92702, 27.3504, 19.5904, 7.50306, 3.19248, 17.3637, 10.101, 23.7601, 8.17696, 29.0936, 4.06569, 29.0067, 10.6416, 17.8316, 22.2402, 17.3904, 26.4239, 4.69982, 8.35212, 7.39923, 2.16345, 12.3792, 23.2852, 17.6754 ], 
          [ 20.1452, 4.46842, 15.8401, 1.15477, 18.9338, 25.752, 19.2604, 16.6657, 22.508, 15.8249, 4.66657, 25.4094, 15.6207, 10.9053, 20.0649, 11.2353, 23.988, 17.5069, 7.95502, 10.7538, 9.00354, 3.00862, 15.2023, 5.12487, 22.8989, 9.60985, 2.51156, 15.8226, 29.7205, 13.7291 ], 
          [ 22.073, 6.77333, 4.60773, 16.8953, 5.5515, 19.2675, 18.5689, 27.0819, 8.02694, 24.1693, 8.83675, 29.54, 26.6036, 15.1958, 27.8361, 21.846, 22.6532, 14.5532, 2.34439, 8.86324, 21.2388, 24.8786, 25.3222, 20.5227, 5.66182, 11.5383, 15.1894, 10.4854, 7.52234, 12.9646 ], 
          [ 2.88009, 11.7568, 25.2378, 28.1355, 7.04479, 4.86116, 22.2686, 1.53045, 24.1627, 2.18221, 25.4928, 16.6405, 28.0188, 24.7106, 27.7749, 6.85211, 12.9194, 25.354, 11.3982, 14.6371, 20.5679, 14.0676, 18.8442, 2.24451, 19.6783, 10.0957, 6.31143, 16.1372, 28.6624, 2.22351 ], 
          [ 1.23251, 8.14351, 9.97238, 19.9072, 8.76814, 27.774, 10.354, 17.0696, 28.6637, 14.6154, 24.9265, 7.06145, 21.4495, 2.21254, 6.34595, 18.8596, 20.4339, 13.8664, 15.561, 8.16546, 15.15, 26.2199, 19.0995, 1.82249, 25.0432, 16.1486, 19.4218, 24.5551, 15.3669, 27.5666 ], 
          [ 15.665, 6.00322, 25.7682, 23.2361, 11.6806, 28.5026, 17.2402, 24.1828, 26.3416, 5.98052, 23.3904, 11.7104, 24.9729, 27.468, 27.5651, 12.9405, 13.9971, 17.0132, 16.1419, 22.2669, 26.8044, 15.6303, 16.7166, 19.8317, 20.5924, 11.6579, 10.0808, 22.3976, 16.3593, 21.0286 ], 
          [ 10.7144, 18.4441, 28.1207, 21.3312, 5.84615, 18.0536, 5.75966, 12.3405, 15.231, 29.699, 23.3966, 12.3383, 8.63886, 4.04931, 12.3397, 11.2689, 20.8803, 3.52356, 21.6179, 22.0282, 26.6222, 2.23859, 14.9911, 24.4812, 15.9211, 25.346, 1.96588, 21.0451, 19.9527, 9.57668 ], 
          [ 16.862, 12.4558, 24.7417, 15.3315, 20.6207, 28.0945, 2.78611, 28.7913, 29.1674, 27.2618, 4.4022, 27.6788, 4.71589, 16.5215, 26.8929, 29.4748, 29.738, 6.21668, 29.7031, 4.80388, 23.4831, 21.9621, 14.8159, 4.22495, 28.3527, 5.85977, 15.3099, 6.97957, 23.1541, 6.10522 ], 
          [ 10.4552, 9.41428, 26.9835, 20.1521, 28.7719, 14.9873, 16.0263, 23.0487, 2.96676, 18.7327, 19.273, 17.1888, 18.3741, 7.2924, 24.5032, 1.52587, 1.32512, 27.9648, 1.98322, 11.0297, 1.70098, 14.6026, 27.9285, 29.172, 15.0414, 15.2448, 29.9218, 25.0127, 14.9605, 18.7781 ], 
          [ 19.7857, 28.1539, 1.60862, 2.56395, 8.14088, 12.9186, 1.62763, 10.1369, 13.8695, 2.62727, 12.0256, 11.2496, 11.8847, 7.86813, 7.75106, 26.4081, 21.3142, 15.9434, 16.883, 23.151, 4.85457, 6.54795, 17.1849, 17.5747, 18.498, 21.8688, 17.3401, 17.2722, 12.3344, 15.5048 ], 
          [ 2.17166, 5.18443, 7.67601, 19.4918, 25.8268, 5.49878, 20.8656, 17.4109, 16.7474, 22.378, 13.5041, 8.21676, 17.4071, 17.121, 17.5413, 3.67411, 6.61681, 14.917, 24.7657, 13.0539, 28.8249, 22.2805, 4.70641, 26.6881, 14.6117, 15.2516, 15.4914, 21.9456, 22.7564, 18.1844 ], 
          [ 28.2082, 25.1636, 27.6452, 12.4891, 14.1642, 15.4717, 19.3996, 25.2511, 6.70501, 7.32333, 22.2762, 27.4192, 15.1107, 11.3089, 19.6472, 11.0753, 15.9627, 1.44432, 29.0781, 2.62151, 13.9126, 9.17173, 17.5862, 18.6647, 19.1893, 8.67382, 22.494, 6.52403, 9.04579, 7.88417 ], 
          [ 21.2119, 2.2544, 28.8373, 23.3041, 6.98808, 25.5455, 19.9964, 19.879, 12.8397, 28.0972, 26.0214, 23.0838, 26.3891, 27.3368, 11.47, 24.92, 21.786, 4.46694, 19.6708, 11.594, 22.6089, 3.02758, 17.52, 14.8159, 15.1752, 29.2246, 11.9028, 2.27846, 1.83235, 21.111 ], 
          [ 5.55745, 7.8999, 24.4416, 23.8158, 9.1212, 26.9004, 10.5064, 14.8519, 15.8259, 6.85267, 29.7085, 26.5381, 3.41811, 12.8614, 17.7277, 26.3928, 12.5321, 25.7442, 17.617, 7.09566, 23.3389, 16.4354, 18.0214, 8.54998, 23.85, 13.6051, 26.7264, 22.4071, 28.0063, 1.95865 ], 
          [ 4.76696, 8.80886, 21.4894, 1.37851, 19.7531, 8.63969, 17.1974, 27.5221, 26.5767, 18.6534, 4.97638, 4.87649, 20.6955, 1.44843, 13.3466, 13.5622, 28.9326, 28.0396, 8.81133, 14.1406, 21.1515, 10.4571, 21.0191, 10.0867, 20.6711, 18.4436, 29.8801, 27.5182, 21.5599, 10.6626 ], 
          [ 22.3998, 27.6932, 9.00779, 25.7289, 4.1132, 20.2445, 29.5835, 7.87139, 20.031, 25.3112, 2.65323, 5.8114, 27.5232, 6.40786, 15.9468, 12.9313, 18.6682, 4.67295, 29.9909, 19.744, 5.30797, 23.2899, 14.4749, 10.1324, 15.8229, 22.8798, 19.6947, 15.4405, 19.0192, 15.462 ], 
          [ 6.60946, 8.87966, 5.05043, 8.00918, 29.1805, 2.49735, 3.11792, 7.66557, 12.6366, 14.6161, 25.0196, 16.7592, 7.33818, 18.6825, 11.3659, 2.82484, 16.0835, 8.21495, 15.5624, 13.7083, 2.14322, 7.38436, 11.0232, 20.8951, 5.5442, 18.1026, 12.6733, 26.3455, 17.9462, 12.4696 ], 
          [ 1.38197, 11.1641, 28.8414, 6.36337, 15.6561, 6.98164, 28.0598, 14.0891, 6.233, 21.7144, 16.8231, 22.57, 15.6772, 23.6123, 20.7236, 8.34251, 23.9466, 9.44239, 13.1417, 28.2996, 23.2494, 5.04579, 5.05647, 29.0571, 13.4986, 10.1458, 6.55189, 26.303, 18.7366, 18.3642 ], 
          [ 24.4673, 2.64786, 2.87174, 2.88838, 18.4389, 21.5416, 8.86699, 5.77828, 1.94331, 25.8467, 14.3932, 19.656, 10.2538, 13.6376, 17.9871, 19.163, 5.63474, 15.7441, 2.84685, 18.7156, 16.5321, 23.5327, 13.147, 8.41327, 8.28412, 5.93398, 10.3581, 28.0149, 23.8204, 5.84538 ], 
          [ 22.8038, 16.9515, 13.3642, 9.56145, 17.3556, 19.1691, 5.51784, 14.2379, 28.4549, 8.01516, 1.90415, 3.16959, 12.0503, 18.2817, 27.2528, 23.3867, 10.7033, 21.432, 25.9604, 2.14174, 9.50688, 10.9466, 6.20969, 23.2134, 10.6944, 12.106, 23.7508, 3.39008, 26.9844, 20.2381 ], 
          [ 13.0847, 6.49247, 3.04081, 28.0232, 22.5205, 28.8458, 11.914, 26.7276, 12.432, 1.98831, 8.63594, 20.7605, 18.8792, 12.9331, 22.8108, 1.97963, 29.9403, 23.2242, 14.1589, 27.8703, 26.6783, 13.5546, 1.41175, 5.24585, 12.04, 14.7804, 12.2824, 2.80398, 24.9178, 14.7357 ], 
          [ 2.5154, 10.5804, 20.7776, 26.408, 28.0724, 19.5091, 24.2225, 1.92218, 27.1504, 8.41849, 24.5135, 12.8623, 1.47124, 8.50713, 2.6343, 13.4606, 27.683, 1.31907, 27.0784, 17.7907, 15.0978, 6.08836, 2.73785, 18.6197, 15.0737, 2.88947, 29.8708, 16.2369, 14.6241, 10.6164 ], 
          [ 2.25374, 23.9717, 2.17435, 6.13265, 17.9665, 4.34609, 27.782, 20.894, 12.3742, 21.908, 3.71007, 6.61251, 26.9217, 18.2054, 20.7475, 20.962, 8.98624, 9.98506, 25.4278, 13.7315, 23.1299, 14.0089, 24.8003, 16.5066, 9.30348, 5.1988, 15.1284, 2.96296, 10.8376, 3.26255 ], 
          [ 4.79775, 22.0886, 2.27398, 26.1798, 24.1381, 9.31907, 29.1206, 20.7472, 16.5558, 10.4396, 23.9006, 9.93975, 9.56519, 18.8417, 7.27551, 11.3338, 25.3722, 23.6506, 22.0999, 10.3545, 28.1047, 25.5672, 24.4262, 25.5657, 3.84717, 25.5806, 4.85454, 24.5278, 20.4416, 7.39252 ], 
          [ 15.7112, 11.3989, 11.7819, 26.3746, 24.0028, 29.3938, 27.3166, 2.43833, 17.1456, 11.0848, 16.5596, 8.11479, 27.7462, 16.5631, 14.9755, 5.26027, 27.6904, 28.9677, 27.9086, 4.56198, 29.332, 24.7757, 26.4094, 23.9659, 25.6244, 11.1483, 4.33702, 13.7513, 1.25616, 18.251 ], 
          [ 28.8777, 19.5176, 6.57306, 26.3392, 20.4741, 18.4411, 28.6273, 15.5473, 29.8415, 17.1054, 13.0707, 4.15127, 13.9334, 19.1337, 22.5381, 28.2551, 9.56995, 28.0013, 18.7689, 8.8048, 12.9672, 24.3935, 12.6546, 21.2076, 15.0956, 25.1705, 18.1916, 10.2556, 19.5736, 2.73225 ]
        ]
      ];
r = [
        [53838.3,51135.5,51201.9,61275.6,75440,77705.4,73754.5,59662.2,61786.3,71836.8,55177.7,59387.9,78368.8,50742.3,70099,75404,63424.6,70728.7,67944.7,77021.1,57932,75490.9,57388.8,54515.8,81527.4,80260.9,78502.6,63394,65430.1,67299.3 ], 
        [80708.8,76647.2,66759.8,74033.8,70805.3,81621.7,57062.7,77924.5,55638.5,81412.2,52103,63906.2,71690.9,59499.8,75630.3,70024.7,70631.6,63838.5,62571.1,60494.8,76451.8,57954.9,52604.5,81277,77688.4,75440.3,73471.3,51975.6,52779,67968.7 ]
     ];
d = [
        [30887.2,81577.7,45049.7,10304.4,66977.6,51970.1,32791.2,30418.1,52719.6,56086.4,40743.5,36158.5,35020.3,15765.8,27887.3,89191.1,89190.5,27089.5,39251.9,57626.6,31225.4,84260.7,5125.14,31882.7,31437,39980.6,64847.7,81361.6,47732.8,5127.51,47631,9145.15,56922.3,29073.1,16436.1,73232.9,38597.6,73177.2,45854.9,88509.9,27864.6,44481.7,81654.5,11396.4,69539.8,69360.3,23935.3,82121.5,36519.6,39942.4,8756.4,29584.3,61367.9,31313.3,25431.6,30213.6,11680,29315.4,49238.7,62419.6,46161.4,61056.6,47050.5,14673.9,82467.3,34447.7,35683,7685.63,42704,71572.6 ], 
        [1825.78,85012,64555.8,81684.5,70159.7,29364.6,41572.8,57668.9,34041.7,40050.3,57066.6,65295,34402.2,15611.5,79491.3,82503.5,66344.1,23342.9,52520.5,15543.8,59352.8,66984,38213.6,76021.7,37293.3,8892.3,37071.2,2592.41,83344.8,79032.7,52509.1,81007.2,44747.9,74157,39124.7,21991.3,2576.35,24336.1,42164.7,80935.8,49888.4,86215,68567,52462,83794.3,25167.8,18043.8,9995.49,1019.14,63207.1,78597.8,81548.8,58789.1,41291.5,88265.2,86579.6,10647.8,73562.2,57073.3,34478,37332,88500.7,12609.4,4483.97,50940.1,1113.48,34263.9,25269.6,3494.15,83311.9 ]
     ];
